0.000000000000000000e+00 0.000000000000000000e+00
1.000000000000000021e-02 9.999833334166664464e-03
2.000000000000000042e-02 1.999866669333308020e-02
2.999999999999999889e-02 2.999550020249566046e-02
4.000000000000000083e-02 3.998933418663416089e-02
0.000000000000000000e+00 0.000000000000000000e+00
0.000000000000000000e+00 0.000000000000000000e+00
0.000000000000000000e+00 0.000000000000000000e+00
0.000000000000000000e+00 0.000000000000000000e+00
0.000000000000000000e+00 0.000000000000000000e+00
0.000000000000000000e+00 0.000000000000000000e+00
0.000000000000000000e+00 0.000000000000000000e+00
0.000000000000000000e+00 0.000000000000000000e+00
0.000000000000000000e+00 0.000000000000000000e+00
0.000000000000000000e+00 0.000000000000000000e+00
0.000000000000000000e+00 0.000000000000000000e+00
0.000000000000000000e+00 0.000000000000000000e+00
0.000000000000000000e+00 0.000000000000000000e+00
0.000000000000000000e+00 0.000000000000000000e+00
0.000000000000000000e+00 0.000000000000000000e+00
0.000000000000000000e+00 0.000000000000000000e+00
0.000000000000000000e+00 0.000000000000000000e+00
0.000000000000000000e+00 0.000000000000000000e+00
0.000000000000000000e+00 0.000000000000000000e+00
0.000000000000000000e+00 0.000000000000000000e+00
0.000000000000000000e+00 0.000000000000000000e+00
0.000000000000000000e+00 0.000000000000000000e+00
0.000000000000000000e+00 0.000000000000000000e+00
0.000000000000000000e+00 0.000000000000000000e+00
0.000000000000000000e+00 0.000000000000000000e+00
0.000000000000000000e+00 0.000000000000000000e+00
0.000000000000000000e+00 0.000000000000000000e+00
0.000000000000000000e+00 0.000000000000000000e+00
0.000000000000000000e+00 0.000000000000000000e+00
0.000000000000000000e+00 0.000000000000000000e+00
0.000000000000000000e+00 0.000000000000000000e+00
0.000000000000000000e+00 0.000000000000000000e+00
0.000000000000000000e+00 0.000000000000000000e+00
0.000000000000000000e+00 0.000000000000000000e+00
0.000000000000000000e+00 0.000000000000000000e+00
0.000000000000000000e+00 0.000000000000000000e+00
0.000000000000000000e+00 0.000000000000000000e+00
0.000000000000000000e+00 0.000000000000000000e+00
0.000000000000000000e+00 0.000000000000000000e+00
0.000000000000000000e+00 0.000000000000000000e+00
0.000000000000000000e+00 0.000000000000000000e+00
0.000000000000000000e+00 0.000000000000000000e+00
0.000000000000000000e+00 0.000000000000000000e+00
0.000000000000000000e+00 0.000000000000000000e+00
0.000000000000000000e+00 0.000000000000000000e+00
0.000000000000000000e+00 0.000000000000000000e+00
0.000000000000000000e+00 0.000000000000000000e+00
0.000000000000000000e+00 0.000000000000000000e+00
0.000000000000000000e+00 0.000000000000000000e+00
0.000000000000000000e+00 0.000000000000000000e+00
0.000000000000000000e+00 0.000000000000000000e+00
0.000000000000000000e+00 0.000000000000000000e+00
0.000000000000000000e+00 0.000000000000000000e+00
0.000000000000000000e+00 0.000000000000000000e+00
0.000000000000000000e+00 0.000000000000000000e+00
0.000000000000000000e+00 0.000000000000000000e+00
0.000000000000000000e+00 0.000000000000000000e+00
0.000000000000000000e+00 0.000000000000000000e+00
0.000000000000000000e+00 0.000000000000000000e+00
0.000000000000000000e+00 0.000000000000000000e+00
0.000000000000000000e+00 0.000000000000000000e+00
0.000000000000000000e+00 0.000000000000000000e+00
0.000000000000000000e+00 0.000000000000000000e+00
0.000000000000000000e+00 0.000000000000000000e+00
0.000000000000000000e+00 0.000000000000000000e+00
0.000000000000000000e+00 0.000000000000000000e+00
0.000000000000000000e+00 0.000000000000000000e+00
0.000000000000000000e+00 0.000000000000000000e+00
0.000000000000000000e+00 0.000000000000000000e+00
0.000000000000000000e+00 0.000000000000000000e+00
0.000000000000000000e+00 0.000000000000000000e+00
0.000000000000000000e+00 0.000000000000000000e+00
0.000000000000000000e+00 0.000000000000000000e+00
0.000000000000000000e+00 0.000000000000000000e+00
0.000000000000000000e+00 0.000000000000000000e+00
0.000000000000000000e+00 0.000000000000000000e+00
0.000000000000000000e+00 0.000000000000000000e+00
0.000000000000000000e+00 0.000000000000000000e+00
0.000000000000000000e+00 0.000000000000000000e+00
0.000000000000000000e+00 0.000000000000000000e+00
0.000000000000000000e+00 0.000000000000000000e+00
0.000000000000000000e+00 0.000000000000000000e+00
0.000000000000000000e+00 0.000000000000000000e+00
0.000000000000000000e+00 0.000000000000000000e+00
0.000000000000000000e+00 0.000000000000000000e+00
0.000000000000000000e+00 0.000000000000000000e+00
0.000000000000000000e+00 0.000000000000000000e+00
0.000000000000000000e+00 0.000000000000000000e+00
0.000000000000000000e+00 0.000000000000000000e+00
0.000000000000000000e+00 0.000000000000000000e+00
0.000000000000000000e+00 0.000000000000000000e+00
0.000000000000000000e+00 0.000000000000000000e+00
0.000000000000000000e+00 0.000000000000000000e+00
0.000000000000000000e+00 0.000000000000000000e+00
0.000000000000000000e+00 0.000000000000000000e+00
0.000000000000000000e+00 0.000000000000000000e+00
0.000000000000000000e+00 0.000000000000000000e+00
0.000000000000000000e+00 0.000000000000000000e+00
0.000000000000000000e+00 0.000000000000000000e+00
0.000000000000000000e+00 0.000000000000000000e+00
0.000000000000000000e+00 0.000000000000000000e+00
0.000000000000000000e+00 0.000000000000000000e+00
0.000000000000000000e+00 0.000000000000000000e+00
0.000000000000000000e+00 0.000000000000000000e+00
0.000000000000000000e+00 0.000000000000000000e+00
0.000000000000000000e+00 0.000000000000000000e+00
0.000000000000000000e+00 0.000000000000000000e+00
0.000000000000000000e+00 0.000000000000000000e+00
0.000000000000000000e+00 0.000000000000000000e+00
0.000000000000000000e+00 0.000000000000000000e+00
0.000000000000000000e+00 0.000000000000000000e+00
0.000000000000000000e+00 0.000000000000000000e+00
0.000000000000000000e+00 0.000000000000000000e+00
0.000000000000000000e+00 0.000000000000000000e+00
0.000000000000000000e+00 0.000000000000000000e+00
0.000000000000000000e+00 0.000000000000000000e+00
0.000000000000000000e+00 0.000000000000000000e+00
0.000000000000000000e+00 0.000000000000000000e+00
0.000000000000000000e+00 0.000000000000000000e+00
0.000000000000000000e+00 0.000000000000000000e+00
0.000000000000000000e+00 0.000000000000000000e+00
0.000000000000000000e+00 0.000000000000000000e+00
0.000000000000000000e+00 0.000000000000000000e+00
0.000000000000000000e+00 0.000000000000000000e+00
0.000000000000000000e+00 0.000000000000000000e+00
0.000000000000000000e+00 0.000000000000000000e+00
0.000000000000000000e+00 0.000000000000000000e+00
0.000000000000000000e+00 0.000000000000000000e+00
0.000000000000000000e+00 0.000000000000000000e+00
0.000000000000000000e+00 0.000000000000000000e+00
0.000000000000000000e+00 0.000000000000000000e+00
0.000000000000000000e+00 0.000000000000000000e+00
0.000000000000000000e+00 0.000000000000000000e+00
0.000000000000000000e+00 0.000000000000000000e+00
0.000000000000000000e+00 0.000000000000000000e+00
0.000000000000000000e+00 0.000000000000000000e+00
0.000000000000000000e+00 0.000000000000000000e+00
0.000000000000000000e+00 0.000000000000000000e+00
0.000000000000000000e+00 0.000000000000000000e+00
0.000000000000000000e+00 0.000000000000000000e+00
0.000000000000000000e+00 0.000000000000000000e+00
0.000000000000000000e+00 0.000000000000000000e+00
0.000000000000000000e+00 0.000000000000000000e+00
0.000000000000000000e+00 0.000000000000000000e+00
0.000000000000000000e+00 0.000000000000000000e+00
0.000000000000000000e+00 0.000000000000000000e+00
0.000000000000000000e+00 0.000000000000000000e+00
0.000000000000000000e+00 0.000000000000000000e+00
0.000000000000000000e+00 0.000000000000000000e+00
0.000000000000000000e+00 0.000000000000000000e+00
0.000000000000000000e+00 0.000000000000000000e+00
0.000000000000000000e+00 0.000000000000000000e+00
0.000000000000000000e+00 0.000000000000000000e+00
0.000000000000000000e+00 0.000000000000000000e+00
0.000000000000000000e+00 0.000000000000000000e+00
0.000000000000000000e+00 0.000000000000000000e+00
0.000000000000000000e+00 0.000000000000000000e+00
0.000000000000000000e+00 0.000000000000000000e+00
0.000000000000000000e+00 0.000000000000000000e+00
0.000000000000000000e+00 0.000000000000000000e+00
0.000000000000000000e+00 0.000000000000000000e+00
0.000000000000000000e+00 0.000000000000000000e+00
0.000000000000000000e+00 0.000000000000000000e+00
0.000000000000000000e+00 0.000000000000000000e+00
0.000000000000000000e+00 0.000000000000000000e+00
0.000000000000000000e+00 0.000000000000000000e+00
0.000000000000000000e+00 0.000000000000000000e+00
0.000000000000000000e+00 0.000000000000000000e+00
0.000000000000000000e+00 0.000000000000000000e+00
0.000000000000000000e+00 0.000000000000000000e+00
0.000000000000000000e+00 0.000000000000000000e+00
0.000000000000000000e+00 0.000000000000000000e+00
0.000000000000000000e+00 0.000000000000000000e+00
0.000000000000000000e+00 0.000000000000000000e+00
0.000000000000000000e+00 0.000000000000000000e+00
0.000000000000000000e+00 0.000000000000000000e+00
0.000000000000000000e+00 0.000000000000000000e+00
0.000000000000000000e+00 0.000000000000000000e+00
0.000000000000000000e+00 0.000000000000000000e+00
0.000000000000000000e+00 0.000000000000000000e+00
0.000000000000000000e+00 0.000000000000000000e+00
0.000000000000000000e+00 0.000000000000000000e+00
0.000000000000000000e+00 0.000000000000000000e+00
0.000000000000000000e+00 0.000000000000000000e+00
0.000000000000000000e+00 0.000000000000000000e+00
0.000000000000000000e+00 0.000000000000000000e+00
0.000000000000000000e+00 0.000000000000000000e+00
0.000000000000000000e+00 0.000000000000000000e+00
0.000000000000000000e+00 0.000000000000000000e+00
0.000000000000000000e+00 0.000000000000000000e+00
0.000000000000000000e+00 0.000000000000000000e+00
0.000000000000000000e+00 0.000000000000000000e+00
0.000000000000000000e+00 0.000000000000000000e+00
0.000000000000000000e+00 0.000000000000000000e+00
0.000000000000000000e+00 0.000000000000000000e+00
0.000000000000000000e+00 0.000000000000000000e+00
0.000000000000000000e+00 0.000000000000000000e+00
0.000000000000000000e+00 0.000000000000000000e+00
0.000000000000000000e+00 0.000000000000000000e+00
0.000000000000000000e+00 0.000000000000000000e+00
0.000000000000000000e+00 0.000000000000000000e+00
0.000000000000000000e+00 0.000000000000000000e+00
0.000000000000000000e+00 0.000000000000000000e+00
0.000000000000000000e+00 0.000000000000000000e+00
0.000000000000000000e+00 0.000000000000000000e+00
0.000000000000000000e+00 0.000000000000000000e+00
0.000000000000000000e+00 0.000000000000000000e+00
0.000000000000000000e+00 0.000000000000000000e+00
0.000000000000000000e+00 0.000000000000000000e+00
0.000000000000000000e+00 0.000000000000000000e+00
0.000000000000000000e+00 0.000000000000000000e+00
0.000000000000000000e+00 0.000000000000000000e+00
0.000000000000000000e+00 0.000000000000000000e+00
0.000000000000000000e+00 0.000000000000000000e+00
0.000000000000000000e+00 0.000000000000000000e+00
0.000000000000000000e+00 0.000000000000000000e+00
0.000000000000000000e+00 0.000000000000000000e+00
0.000000000000000000e+00 0.000000000000000000e+00
0.000000000000000000e+00 0.000000000000000000e+00
0.000000000000000000e+00 0.000000000000000000e+00
0.000000000000000000e+00 0.000000000000000000e+00
0.000000000000000000e+00 0.000000000000000000e+00
0.000000000000000000e+00 0.000000000000000000e+00
0.000000000000000000e+00 0.000000000000000000e+00
0.000000000000000000e+00 0.000000000000000000e+00
0.000000000000000000e+00 0.000000000000000000e+00
0.000000000000000000e+00 0.000000000000000000e+00
0.000000000000000000e+00 0.000000000000000000e+00
0.000000000000000000e+00 0.000000000000000000e+00
0.000000000000000000e+00 0.000000000000000000e+00
0.000000000000000000e+00 0.000000000000000000e+00
0.000000000000000000e+00 0.000000000000000000e+00
0.000000000000000000e+00 0.000000000000000000e+00
0.000000000000000000e+00 0.000000000000000000e+00
0.000000000000000000e+00 0.000000000000000000e+00
0.000000000000000000e+00 0.000000000000000000e+00
0.000000000000000000e+00 0.000000000000000000e+00
0.000000000000000000e+00 0.000000000000000000e+00
0.000000000000000000e+00 0.000000000000000000e+00
0.000000000000000000e+00 0.000000000000000000e+00
0.000000000000000000e+00 0.000000000000000000e+00
0.000000000000000000e+00 0.000000000000000000e+00
0.000000000000000000e+00 0.000000000000000000e+00
0.000000000000000000e+00 0.000000000000000000e+00
0.000000000000000000e+00 0.000000000000000000e+00
0.000000000000000000e+00 0.000000000000000000e+00
0.000000000000000000e+00 0.000000000000000000e+00
0.000000000000000000e+00 0.000000000000000000e+00
0.000000000000000000e+00 0.000000000000000000e+00
0.000000000000000000e+00 0.000000000000000000e+00
0.000000000000000000e+00 0.000000000000000000e+00
0.000000000000000000e+00 0.000000000000000000e+00
0.000000000000000000e+00 0.000000000000000000e+00
0.000000000000000000e+00 0.000000000000000000e+00
0.000000000000000000e+00 0.000000000000000000e+00
0.000000000000000000e+00 0.000000000000000000e+00
0.000000000000000000e+00 0.000000000000000000e+00
0.000000000000000000e+00 0.000000000000000000e+00
0.000000000000000000e+00 0.000000000000000000e+00
0.000000000000000000e+00 0.000000000000000000e+00
0.000000000000000000e+00 0.000000000000000000e+00
0.000000000000000000e+00 0.000000000000000000e+00
0.000000000000000000e+00 0.000000000000000000e+00
0.000000000000000000e+00 0.000000000000000000e+00
0.000000000000000000e+00 0.000000000000000000e+00
0.000000000000000000e+00 0.000000000000000000e+00
0.000000000000000000e+00 0.000000000000000000e+00
0.000000000000000000e+00 0.000000000000000000e+00
0.000000000000000000e+00 0.000000000000000000e+00
0.000000000000000000e+00 0.000000000000000000e+00
0.000000000000000000e+00 0.000000000000000000e+00
0.000000000000000000e+00 0.000000000000000000e+00
0.000000000000000000e+00 0.000000000000000000e+00
0.000000000000000000e+00 0.000000000000000000e+00
0.000000000000000000e+00 0.000000000000000000e+00
0.000000000000000000e+00 0.000000000000000000e+00
0.000000000000000000e+00 0.000000000000000000e+00
0.000000000000000000e+00 0.000000000000000000e+00
0.000000000000000000e+00 0.000000000000000000e+00
0.000000000000000000e+00 0.000000000000000000e+00
0.000000000000000000e+00 0.000000000000000000e+00
0.000000000000000000e+00 0.000000000000000000e+00
0.000000000000000000e+00 0.000000000000000000e+00
0.000000000000000000e+00 0.000000000000000000e+00
0.000000000000000000e+00 0.000000000000000000e+00
0.000000000000000000e+00 0.000000000000000000e+00
0.000000000000000000e+00 0.000000000000000000e+00
0.000000000000000000e+00 0.000000000000000000e+00
0.000000000000000000e+00 0.000000000000000000e+00
0.000000000000000000e+00 0.000000000000000000e+00
0.000000000000000000e+00 0.000000000000000000e+00
0.000000000000000000e+00 0.000000000000000000e+00
0.000000000000000000e+00 0.000000000000000000e+00
0.000000000000000000e+00 0.000000000000000000e+00
0.000000000000000000e+00 0.000000000000000000e+00
0.000000000000000000e+00 0.000000000000000000e+00
0.000000000000000000e+00 0.000000000000000000e+00
0.000000000000000000e+00 0.000000000000000000e+00
0.000000000000000000e+00 0.000000000000000000e+00
0.000000000000000000e+00 0.000000000000000000e+00
0.000000000000000000e+00 0.000000000000000000e+00
0.000000000000000000e+00 0.000000000000000000e+00
0.000000000000000000e+00 0.000000000000000000e+00
0.000000000000000000e+00 0.000000000000000000e+00
0.000000000000000000e+00 0.000000000000000000e+00
0.000000000000000000e+00 0.000000000000000000e+00
0.000000000000000000e+00 0.000000000000000000e+00
0.000000000000000000e+00 0.000000000000000000e+00
0.000000000000000000e+00 0.000000000000000000e+00
0.000000000000000000e+00 0.000000000000000000e+00
0.000000000000000000e+00 0.000000000000000000e+00
0.000000000000000000e+00 0.000000000000000000e+00
0.000000000000000000e+00 0.000000000000000000e+00
0.000000000000000000e+00 0.000000000000000000e+00
0.000000000000000000e+00 0.000000000000000000e+00
0.000000000000000000e+00 0.000000000000000000e+00
0.000000000000000000e+00 0.000000000000000000e+00
0.000000000000000000e+00 0.000000000000000000e+00
0.000000000000000000e+00 0.000000000000000000e+00
0.000000000000000000e+00 0.000000000000000000e+00
0.000000000000000000e+00 0.000000000000000000e+00
0.000000000000000000e+00 0.000000000000000000e+00
0.000000000000000000e+00 0.000000000000000000e+00
0.000000000000000000e+00 0.000000000000000000e+00
0.000000000000000000e+00 0.000000000000000000e+00
0.000000000000000000e+00 0.000000000000000000e+00
0.000000000000000000e+00 0.000000000000000000e+00
0.000000000000000000e+00 0.000000000000000000e+00
0.000000000000000000e+00 0.000000000000000000e+00
0.000000000000000000e+00 0.000000000000000000e+00
0.000000000000000000e+00 0.000000000000000000e+00
0.000000000000000000e+00 0.000000000000000000e+00
0.000000000000000000e+00 0.000000000000000000e+00
0.000000000000000000e+00 0.000000000000000000e+00
0.000000000000000000e+00 0.000000000000000000e+00
0.000000000000000000e+00 0.000000000000000000e+00
0.000000000000000000e+00 0.000000000000000000e+00
0.000000000000000000e+00 0.000000000000000000e+00
0.000000000000000000e+00 0.000000000000000000e+00
0.000000000000000000e+00 0.000000000000000000e+00
0.000000000000000000e+00 0.000000000000000000e+00
0.000000000000000000e+00 0.000000000000000000e+00
0.000000000000000000e+00 0.000000000000000000e+00
0.000000000000000000e+00 0.000000000000000000e+00
0.000000000000000000e+00 0.000000000000000000e+00
0.000000000000000000e+00 0.000000000000000000e+00
0.000000000000000000e+00 0.000000000000000000e+00
0.000000000000000000e+00 0.000000000000000000e+00
0.000000000000000000e+00 0.000000000000000000e+00
0.000000000000000000e+00 0.000000000000000000e+00
0.000000000000000000e+00 0.000000000000000000e+00
0.000000000000000000e+00 0.000000000000000000e+00
0.000000000000000000e+00 0.000000000000000000e+00
0.000000000000000000e+00 0.000000000000000000e+00
0.000000000000000000e+00 0.000000000000000000e+00
0.000000000000000000e+00 0.000000000000000000e+00
0.000000000000000000e+00 0.000000000000000000e+00
0.000000000000000000e+00 0.000000000000000000e+00
0.000000000000000000e+00 0.000000000000000000e+00
0.000000000000000000e+00 0.000000000000000000e+00
0.000000000000000000e+00 0.000000000000000000e+00
0.000000000000000000e+00 0.000000000000000000e+00
0.000000000000000000e+00 0.000000000000000000e+00
0.000000000000000000e+00 0.000000000000000000e+00
0.000000000000000000e+00 0.000000000000000000e+00
0.000000000000000000e+00 0.000000000000000000e+00
0.000000000000000000e+00 0.000000000000000000e+00
0.000000000000000000e+00 0.000000000000000000e+00
0.000000000000000000e+00 0.000000000000000000e+00
0.000000000000000000e+00 0.000000000000000000e+00
0.000000000000000000e+00 0.000000000000000000e+00
0.000000000000000000e+00 0.000000000000000000e+00
0.000000000000000000e+00 0.000000000000000000e+00
0.000000000000000000e+00 0.000000000000000000e+00
0.000000000000000000e+00 0.000000000000000000e+00
0.000000000000000000e+00 0.000000000000000000e+00
0.000000000000000000e+00 0.000000000000000000e+00
0.000000000000000000e+00 0.000000000000000000e+00
0.000000000000000000e+00 0.000000000000000000e+00
0.000000000000000000e+00 0.000000000000000000e+00
0.000000000000000000e+00 0.000000000000000000e+00
0.000000000000000000e+00 0.000000000000000000e+00
0.000000000000000000e+00 0.000000000000000000e+00
0.000000000000000000e+00 0.000000000000000000e+00
0.000000000000000000e+00 0.000000000000000000e+00
0.000000000000000000e+00 0.000000000000000000e+00
0.000000000000000000e+00 0.000000000000000000e+00
0.000000000000000000e+00 0.000000000000000000e+00
0.000000000000000000e+00 0.000000000000000000e+00
0.000000000000000000e+00 0.000000000000000000e+00
0.000000000000000000e+00 0.000000000000000000e+00
0.000000000000000000e+00 0.000000000000000000e+00
0.000000000000000000e+00 0.000000000000000000e+00
0.000000000000000000e+00 0.000000000000000000e+00
0.000000000000000000e+00 0.000000000000000000e+00
0.000000000000000000e+00 0.000000000000000000e+00
0.000000000000000000e+00 0.000000000000000000e+00
0.000000000000000000e+00 0.000000000000000000e+00
0.000000000000000000e+00 0.000000000000000000e+00
0.000000000000000000e+00 0.000000000000000000e+00
0.000000000000000000e+00 0.000000000000000000e+00
0.000000000000000000e+00 0.000000000000000000e+00
0.000000000000000000e+00 0.000000000000000000e+00
0.000000000000000000e+00 0.000000000000000000e+00
0.000000000000000000e+00 0.000000000000000000e+00
0.000000000000000000e+00 0.000000000000000000e+00
0.000000000000000000e+00 0.000000000000000000e+00
0.000000000000000000e+00 0.000000000000000000e+00
0.000000000000000000e+00 0.000000000000000000e+00
0.000000000000000000e+00 0.000000000000000000e+00
0.000000000000000000e+00 0.000000000000000000e+00
0.000000000000000000e+00 0.000000000000000000e+00
0.000000000000000000e+00 0.000000000000000000e+00
0.000000000000000000e+00 0.000000000000000000e+00
0.000000000000000000e+00 0.000000000000000000e+00
0.000000000000000000e+00 0.000000000000000000e+00
0.000000000000000000e+00 0.000000000000000000e+00
0.000000000000000000e+00 0.000000000000000000e+00
0.000000000000000000e+00 0.000000000000000000e+00
0.000000000000000000e+00 0.000000000000000000e+00
0.000000000000000000e+00 0.000000000000000000e+00
0.000000000000000000e+00 0.000000000000000000e+00
0.000000000000000000e+00 0.000000000000000000e+00
0.000000000000000000e+00 0.000000000000000000e+00
0.000000000000000000e+00 0.000000000000000000e+00
0.000000000000000000e+00 0.000000000000000000e+00
0.000000000000000000e+00 0.000000000000000000e+00
0.000000000000000000e+00 0.000000000000000000e+00
0.000000000000000000e+00 0.000000000000000000e+00
0.000000000000000000e+00 0.000000000000000000e+00
0.000000000000000000e+00 0.000000000000000000e+00
0.000000000000000000e+00 0.000000000000000000e+00
0.000000000000000000e+00 0.000000000000000000e+00
0.000000000000000000e+00 0.000000000000000000e+00
0.000000000000000000e+00 0.000000000000000000e+00
0.000000000000000000e+00 0.000000000000000000e+00
0.000000000000000000e+00 0.000000000000000000e+00
0.000000000000000000e+00 0.000000000000000000e+00
0.000000000000000000e+00 0.000000000000000000e+00
0.000000000000000000e+00 0.000000000000000000e+00
0.000000000000000000e+00 0.000000000000000000e+00
0.000000000000000000e+00 0.000000000000000000e+00
0.000000000000000000e+00 0.000000000000000000e+00
0.000000000000000000e+00 0.000000000000000000e+00
0.000000000000000000e+00 0.000000000000000000e+00
0.000000000000000000e+00 0.000000000000000000e+00
0.000000000000000000e+00 0.000000000000000000e+00
0.000000000000000000e+00 0.000000000000000000e+00
0.000000000000000000e+00 0.000000000000000000e+00
0.000000000000000000e+00 0.000000000000000000e+00
0.000000000000000000e+00 0.000000000000000000e+00
0.000000000000000000e+00 0.000000000000000000e+00
0.000000000000000000e+00 0.000000000000000000e+00
0.000000000000000000e+00 0.000000000000000000e+00
0.000000000000000000e+00 0.000000000000000000e+00
0.000000000000000000e+00 0.000000000000000000e+00
0.000000000000000000e+00 0.000000000000000000e+00
0.000000000000000000e+00 0.000000000000000000e+00
0.000000000000000000e+00 0.000000000000000000e+00
0.000000000000000000e+00 0.000000000000000000e+00
0.000000000000000000e+00 0.000000000000000000e+00
0.000000000000000000e+00 0.000000000000000000e+00
0.000000000000000000e+00 0.000000000000000000e+00
0.000000000000000000e+00 0.000000000000000000e+00
0.000000000000000000e+00 0.000000000000000000e+00
0.000000000000000000e+00 0.000000000000000000e+00
0.000000000000000000e+00 0.000000000000000000e+00
0.000000000000000000e+00 0.000000000000000000e+00
0.000000000000000000e+00 0.000000000000000000e+00
0.000000000000000000e+00 0.000000000000000000e+00
0.000000000000000000e+00 0.000000000000000000e+00
0.000000000000000000e+00 0.000000000000000000e+00
0.000000000000000000e+00 0.000000000000000000e+00
0.000000000000000000e+00 0.000000000000000000e+00
0.000000000000000000e+00 0.000000000000000000e+00
0.000000000000000000e+00 0.000000000000000000e+00
0.000000000000000000e+00 0.000000000000000000e+00
0.000000000000000000e+00 0.000000000000000000e+00
0.000000000000000000e+00 0.000000000000000000e+00
0.000000000000000000e+00 0.000000000000000000e+00
0.000000000000000000e+00 0.000000000000000000e+00
0.000000000000000000e+00 0.000000000000000000e+00
0.000000000000000000e+00 0.000000000000000000e+00
0.000000000000000000e+00 0.000000000000000000e+00
0.000000000000000000e+00 0.000000000000000000e+00
0.000000000000000000e+00 0.000000000000000000e+00
0.000000000000000000e+00 0.000000000000000000e+00
0.000000000000000000e+00 0.000000000000000000e+00
0.000000000000000000e+00 0.000000000000000000e+00
0.000000000000000000e+00 0.000000000000000000e+00
0.000000000000000000e+00 0.000000000000000000e+00
0.000000000000000000e+00 0.000000000000000000e+00
0.000000000000000000e+00 0.000000000000000000e+00
0.000000000000000000e+00 0.000000000000000000e+00
0.000000000000000000e+00 0.000000000000000000e+00
0.000000000000000000e+00 0.000000000000000000e+00
0.000000000000000000e+00 0.000000000000000000e+00
0.000000000000000000e+00 0.000000000000000000e+00
0.000000000000000000e+00 0.000000000000000000e+00
0.000000000000000000e+00 0.000000000000000000e+00
0.000000000000000000e+00 0.000000000000000000e+00
0.000000000000000000e+00 0.000000000000000000e+00
0.000000000000000000e+00 0.000000000000000000e+00
0.000000000000000000e+00 0.000000000000000000e+00
0.000000000000000000e+00 0.000000000000000000e+00
0.000000000000000000e+00 0.000000000000000000e+00
0.000000000000000000e+00 0.000000000000000000e+00
0.000000000000000000e+00 0.000000000000000000e+00
0.000000000000000000e+00 0.000000000000000000e+00
0.000000000000000000e+00 0.000000000000000000e+00
0.000000000000000000e+00 0.000000000000000000e+00
0.000000000000000000e+00 0.000000000000000000e+00
0.000000000000000000e+00 0.000000000000000000e+00
0.000000000000000000e+00 0.000000000000000000e+00
0.000000000000000000e+00 0.000000000000000000e+00
0.000000000000000000e+00 0.000000000000000000e+00
0.000000000000000000e+00 0.000000000000000000e+00
0.000000000000000000e+00 0.000000000000000000e+00
0.000000000000000000e+00 0.000000000000000000e+00
0.000000000000000000e+00 0.000000000000000000e+00
0.000000000000000000e+00 0.000000000000000000e+00
0.000000000000000000e+00 0.000000000000000000e+00
0.000000000000000000e+00 0.000000000000000000e+00
0.000000000000000000e+00 0.000000000000000000e+00
0.000000000000000000e+00 0.000000000000000000e+00
0.000000000000000000e+00 0.000000000000000000e+00
0.000000000000000000e+00 0.000000000000000000e+00
0.000000000000000000e+00 0.000000000000000000e+00
0.000000000000000000e+00 0.000000000000000000e+00
0.000000000000000000e+00 0.000000000000000000e+00
0.000000000000000000e+00 0.000000000000000000e+00
0.000000000000000000e+00 0.000000000000000000e+00
0.000000000000000000e+00 0.000000000000000000e+00
0.000000000000000000e+00 0.000000000000000000e+00
0.000000000000000000e+00 0.000000000000000000e+00
0.000000000000000000e+00 0.000000000000000000e+00
0.000000000000000000e+00 0.000000000000000000e+00
0.000000000000000000e+00 0.000000000000000000e+00
0.000000000000000000e+00 0.000000000000000000e+00
0.000000000000000000e+00 0.000000000000000000e+00
0.000000000000000000e+00 0.000000000000000000e+00
0.000000000000000000e+00 0.000000000000000000e+00
0.000000000000000000e+00 0.000000000000000000e+00
0.000000000000000000e+00 0.000000000000000000e+00
0.000000000000000000e+00 0.000000000000000000e+00
0.000000000000000000e+00 0.000000000000000000e+00
0.000000000000000000e+00 0.000000000000000000e+00
0.000000000000000000e+00 0.000000000000000000e+00
0.000000000000000000e+00 0.000000000000000000e+00
0.000000000000000000e+00 0.000000000000000000e+00
0.000000000000000000e+00 0.000000000000000000e+00
0.000000000000000000e+00 0.000000000000000000e+00
0.000000000000000000e+00 0.000000000000000000e+00
0.000000000000000000e+00 0.000000000000000000e+00
0.000000000000000000e+00 0.000000000000000000e+00
0.000000000000000000e+00 0.000000000000000000e+00
0.000000000000000000e+00 0.000000000000000000e+00
0.000000000000000000e+00 0.000000000000000000e+00
0.000000000000000000e+00 0.000000000000000000e+00
0.000000000000000000e+00 0.000000000000000000e+00
0.000000000000000000e+00 0.000000000000000000e+00
0.000000000000000000e+00 0.000000000000000000e+00
0.000000000000000000e+00 0.000000000000000000e+00
0.000000000000000000e+00 0.000000000000000000e+00
0.000000000000000000e+00 0.000000000000000000e+00
0.000000000000000000e+00 0.000000000000000000e+00
0.000000000000000000e+00 0.000000000000000000e+00
0.000000000000000000e+00 0.000000000000000000e+00
0.000000000000000000e+00 0.000000000000000000e+00
0.000000000000000000e+00 0.000000000000000000e+00
0.000000000000000000e+00 0.000000000000000000e+00
0.000000000000000000e+00 0.000000000000000000e+00
0.000000000000000000e+00 0.000000000000000000e+00
0.000000000000000000e+00 0.000000000000000000e+00
0.000000000000000000e+00 0.000000000000000000e+00
0.000000000000000000e+00 0.000000000000000000e+00
0.000000000000000000e+00 0.000000000000000000e+00
0.000000000000000000e+00 0.000000000000000000e+00
0.000000000000000000e+00 0.000000000000000000e+00
0.000000000000000000e+00 0.000000000000000000e+00
0.000000000000000000e+00 0.000000000000000000e+00
0.000000000000000000e+00 0.000000000000000000e+00
0.000000000000000000e+00 0.000000000000000000e+00
0.000000000000000000e+00 0.000000000000000000e+00
0.000000000000000000e+00 0.000000000000000000e+00
0.000000000000000000e+00 0.000000000000000000e+00
0.000000000000000000e+00 0.000000000000000000e+00
0.000000000000000000e+00 0.000000000000000000e+00
0.000000000000000000e+00 0.000000000000000000e+00
0.000000000000000000e+00 0.000000000000000000e+00
0.000000000000000000e+00 0.000000000000000000e+00
0.000000000000000000e+00 0.000000000000000000e+00
0.000000000000000000e+00 0.000000000000000000e+00
0.000000000000000000e+00 0.000000000000000000e+00
0.000000000000000000e+00 0.000000000000000000e+00
0.000000000000000000e+00 0.000000000000000000e+00
0.000000000000000000e+00 0.000000000000000000e+00
0.000000000000000000e+00 0.000000000000000000e+00
0.000000000000000000e+00 0.000000000000000000e+00
0.000000000000000000e+00 0.000000000000000000e+00
0.000000000000000000e+00 0.000000000000000000e+00
0.000000000000000000e+00 0.000000000000000000e+00
0.000000000000000000e+00 0.000000000000000000e+00
0.000000000000000000e+00 0.000000000000000000e+00
0.000000000000000000e+00 0.000000000000000000e+00
0.000000000000000000e+00 0.000000000000000000e+00
0.000000000000000000e+00 0.000000000000000000e+00
0.000000000000000000e+00 0.000000000000000000e+00
0.000000000000000000e+00 0.000000000000000000e+00
0.000000000000000000e+00 0.000000000000000000e+00
0.000000000000000000e+00 0.000000000000000000e+00
0.000000000000000000e+00 0.000000000000000000e+00
0.000000000000000000e+00 0.000000000000000000e+00
0.000000000000000000e+00 0.000000000000000000e+00
0.000000000000000000e+00 0.000000000000000000e+00
0.000000000000000000e+00 0.000000000000000000e+00
0.000000000000000000e+00 0.000000000000000000e+00
0.000000000000000000e+00 0.000000000000000000e+00
0.000000000000000000e+00 0.000000000000000000e+00
0.000000000000000000e+00 0.000000000000000000e+00
0.000000000000000000e+00 0.000000000000000000e+00
0.000000000000000000e+00 0.000000000000000000e+00
0.000000000000000000e+00 0.000000000000000000e+00
0.000000000000000000e+00 0.000000000000000000e+00
0.000000000000000000e+00 0.000000000000000000e+00
0.000000000000000000e+00 0.000000000000000000e+00
0.000000000000000000e+00 0.000000000000000000e+00
0.000000000000000000e+00 0.000000000000000000e+00
0.000000000000000000e+00 0.000000000000000000e+00
0.000000000000000000e+00 0.000000000000000000e+00
0.000000000000000000e+00 0.000000000000000000e+00
0.000000000000000000e+00 0.000000000000000000e+00
0.000000000000000000e+00 0.000000000000000000e+00
0.000000000000000000e+00 0.000000000000000000e+00
0.000000000000000000e+00 0.000000000000000000e+00
0.000000000000000000e+00 0.000000000000000000e+00
0.000000000000000000e+00 0.000000000000000000e+00
0.000000000000000000e+00 0.000000000000000000e+00
0.000000000000000000e+00 0.000000000000000000e+00
0.000000000000000000e+00 0.000000000000000000e+00
0.000000000000000000e+00 0.000000000000000000e+00
0.000000000000000000e+00 0.000000000000000000e+00
0.000000000000000000e+00 0.000000000000000000e+00
0.000000000000000000e+00 0.000000000000000000e+00
0.000000000000000000e+00 0.000000000000000000e+00
0.000000000000000000e+00 0.000000000000000000e+00
0.000000000000000000e+00 0.000000000000000000e+00
0.000000000000000000e+00 0.000000000000000000e+00
0.000000000000000000e+00 0.000000000000000000e+00
0.000000000000000000e+00 0.000000000000000000e+00
0.000000000000000000e+00 0.000000000000000000e+00
0.000000000000000000e+00 0.000000000000000000e+00
0.000000000000000000e+00 1.482196937523739633e-323
0.000000000000000000e+00 6.953010209548932902e-310
0.000000000000000000e+00 6.926770091096021545e-310
0.000000000000000000e+00 6.953010209560395225e-310
0.000000000000000000e+00 9.881312916824930884e-324
0.000000000000000000e+00 1.014810836557920402e-320
0.000000000000000000e+00 6.926769981510136816e-310
0.000000000000000000e+00 0.000000000000000000e+00
0.000000000000000000e+00 9.066144126438541385e-318
0.000000000000000000e+00 9.048515864194925709e-318
0.000000000000000000e+00 9.048515864194925709e-318
0.000000000000000000e+00 0.000000000000000000e+00
0.000000000000000000e+00 2.470328229206232721e-323
0.000000000000000000e+00 1.940721477065750265e-317
0.000000000000000000e+00 1.952863634377944740e-317
0.000000000000000000e+00 1.951741117230593428e-317
0.000000000000000000e+00 1.960199521087395569e-317
0.000000000000000000e+00 9.045907197584883927e-318
0.000000000000000000e+00 1.482196937523739633e-323
0.000000000000000000e+00 0.000000000000000000e+00
0.000000000000000000e+00 0.000000000000000000e+00
0.000000000000000000e+00 0.000000000000000000e+00
0.000000000000000000e+00 0.000000000000000000e+00
0.000000000000000000e+00 0.000000000000000000e+00
0.000000000000000000e+00 1.482196937523739633e-323
0.000000000000000000e+00 6.953010209551304417e-310
0.000000000000000000e+00 6.926770091034362153e-310
0.000000000000000000e+00 6.953010209562766740e-310
0.000000000000000000e+00 9.881312916824930884e-324
0.000000000000000000e+00 1.014810836557920402e-320
0.000000000000000000e+00 6.926769981487360389e-310
0.000000000000000000e+00 0.000000000000000000e+00
0.000000000000000000e+00 5.342549217365569031e-318
0.000000000000000000e+00 5.336185651847133775e-318
0.000000000000000000e+00 5.336185651847133775e-318
0.000000000000000000e+00 0.000000000000000000e+00
0.000000000000000000e+00 2.470328229206232721e-323
0.000000000000000000e+00 1.568361986158453030e-317
0.000000000000000000e+00 1.572409371929184522e-317
0.000000000000000000e+00 1.570502278536237310e-317
0.000000000000000000e+00 1.570508207323987405e-317
0.000000000000000000e+00 5.322312288511911572e-318
0.000000000000000000e+00 1.482196937523739633e-323
0.000000000000000000e+00 0.000000000000000000e+00
0.000000000000000000e+00 0.000000000000000000e+00
0.000000000000000000e+00 0.000000000000000000e+00
0.000000000000000000e+00 0.000000000000000000e+00
0.000000000000000000e+00 0.000000000000000000e+00
0.000000000000000000e+00 0.000000000000000000e+00
0.000000000000000000e+00 0.000000000000000000e+00
0.000000000000000000e+00 0.000000000000000000e+00
0.000000000000000000e+00 0.000000000000000000e+00
0.000000000000000000e+00 0.000000000000000000e+00
0.000000000000000000e+00 0.000000000000000000e+00
0.000000000000000000e+00 1.581010066691988941e-322
0.000000000000000000e+00 4.940656458412465442e-324
0.000000000000000000e+00 6.926769982463634105e-310
0.000000000000000000e+00 6.926770091094440535e-310
0.000000000000000000e+00 1.581010066691988941e-322
0.000000000000000000e+00 2.121995814186357670e-314
0.000000000000000000e+00 4.940656458412465442e-323
0.000000000000000000e+00 4.940656458412465442e-324
0.000000000000000000e+00 6.926769983616783323e-310
0.000000000000000000e+00 6.953010209548932902e-310
0.000000000000000000e+00 6.926769631301091008e-310
0.000000000000000000e+00 0.000000000000000000e+00
0.000000000000000000e+00 6.926769981803809435e-310
0.000000000000000000e+00 3.636298062761816163e-314
0.000000000000000000e+00 6.926769983616783323e-310
0.000000000000000000e+00 6.953010209551304417e-310
0.000000000000000000e+00 6.926769823792179242e-310
0.000000000000000000e+00 0.000000000000000000e+00
0.000000000000000000e+00 6.926769981803809435e-310
0.000000000000000000e+00 2.910004132739198464e-314
0.000000000000000000e+00 6.952931408676811268e-310
0.000000000000000000e+00 6.953010209508617145e-310
0.000000000000000000e+00 0.000000000000000000e+00
0.000000000000000000e+00 6.953010209556837952e-310
0.000000000000000000e+00 9.088095463083267969e-318
0.000000000000000000e+00 2.964393875047479265e-323
0.000000000000000000e+00 6.952931408676811268e-310
0.000000000000000000e+00 6.366536410261677072e-314
0.000000000000000000e+00 6.926770091597201737e-310
0.000000000000000000e+00 6.926770091094440535e-310
0.000000000000000000e+00 2.073040162072369550e-317
0.000000000000000000e+00 1.014810836557920402e-320
0.000000000000000000e+00 9.088095463083267969e-318
0.000000000000000000e+00 4.940656458412465442e-324
0.000000000000000000e+00 1.643311744632570131e-319
0.000000000000000000e+00 0.000000000000000000e+00
0.000000000000000000e+00 0.000000000000000000e+00
0.000000000000000000e+00 9.213770941415905853e-318
0.000000000000000000e+00 2.023692885365745845e-320
0.000000000000000000e+00 1.802351476028867393e-320
0.000000000000000000e+00 7.240393197475673798e-315
0.000000000000000000e+00 4.785834516028150317e-316
0.000000000000000000e+00 7.216679568197483155e-315
0.000000000000000000e+00 0.000000000000000000e+00
0.000000000000000000e+00 7.224763391244234296e-315
0.000000000000000000e+00 2.451274340541542127e-316
0.000000000000000000e+00 0.000000000000000000e+00
0.000000000000000000e+00 0.000000000000000000e+00
0.000000000000000000e+00 0.000000000000000000e+00
0.000000000000000000e+00 6.365987372895816945e-314
0.000000000000000000e+00 2.073040162072369550e-317
0.000000000000000000e+00 6.926770091599177999e-310
0.000000000000000000e+00 0.000000000000000000e+00
0.000000000000000000e+00 6.926770091382184367e-310
0.000000000000000000e+00 6.953010209556837952e-310
0.000000000000000000e+00 0.000000000000000000e+00
0.000000000000000000e+00 6.926769981825647137e-310
0.000000000000000000e+00 4.940656458412465442e-324
0.000000000000000000e+00 0.000000000000000000e+00
0.000000000000000000e+00 6.953010209556442700e-310
0.000000000000000000e+00 0.000000000000000000e+00
0.000000000000000000e+00 2.121995790965272315e-314
0.000000000000000000e+00 6.926770091094440535e-310
0.000000000000000000e+00 0.000000000000000000e+00
0.000000000000000000e+00 4.940656458412465442e-323
0.000000000000000000e+00 6.953010209546561387e-310
0.000000000000000000e+00 6.953010209556047447e-310
0.000000000000000000e+00 6.926770091599177999e-310
0.000000000000000000e+00 6.926618660868841891e-310
0.000000000000000000e+00 0.000000000000000000e+00
0.000000000000000000e+00 4.940656458412465442e-323
0.000000000000000000e+00 6.953010209559209467e-310
0.000000000000000000e+00 6.953010209558418962e-310
0.000000000000000000e+00 6.926770091094440535e-310
0.000000000000000000e+00 6.953010209662765627e-310
0.000000000000000000e+00 4.110626173399171248e-321
0.000000000000000000e+00 3.328003951445902336e-294
0.000000000000000000e+00 0.000000000000000000e+00
0.000000000000000000e+00 2.124003295789752073e-314
0.000000000000000000e+00 6.593602483138939880e-319
0.000000000000000000e+00 3.162020133383977883e-322
0.000000000000000000e+00 9.191004396455541212e-318
0.000000000000000000e+00 1.335098638196569541e-307
0.000000000000000000e+00 2.558957165898654354e-307
0.000000000000000000e+00 1.060997895779075545e-313
0.000000000000000000e+00 3.162020133383977883e-322
0.000000000000000000e+00 3.162020133383977883e-322
0.000000000000000000e+00 3.162020133383977883e-322
0.000000000000000000e+00 2.766767616710980647e-321
0.000000000000000000e+00 2.766767616710980647e-321
0.000000000000000000e+00 3.952525166729972353e-323
0.000000000000000000e+00 8.487983165343286198e-314
0.000000000000000000e+00 8.213663498478220948e-318
0.000000000000000000e+00 8.213663498478220948e-318
0.000000000000000000e+00 8.213663498478220948e-318
0.000000000000000000e+00 1.383383808355490324e-322
0.000000000000000000e+00 1.383383808355490324e-322
0.000000000000000000e+00 7.905050333459944707e-323
0.000000000000000000e+00 1.060997895532042722e-313
0.000000000000000000e+00 0.000000000000000000e+00
0.000000000000000000e+00 0.000000000000000000e+00
0.000000000000000000e+00 0.000000000000000000e+00
0.000000000000000000e+00 9.048515864194925709e-318
0.000000000000000000e+00 9.048515864194925709e-318
0.000000000000000000e+00 1.036130757307261873e-317
0.000000000000000000e+00 1.273197474628569954e-313
0.000000000000000000e+00 9.055709459998374258e-318
0.000000000000000000e+00 1.941701703307099298e-317
0.000000000000000000e+00 1.941701703307099298e-317
0.000000000000000000e+00 1.003941392349412978e-319
0.000000000000000000e+00 1.849781778029627061e-319
0.000000000000000000e+00 1.036130757307261873e-317
0.000000000000000000e+00 1.273197474677976518e-313
0.000000000000000000e+00 9.121321377766091799e-318
0.000000000000000000e+00 1.948262895083871053e-317
0.000000000000000000e+00 1.948262895083871053e-317
0.000000000000000000e+00 2.371515100037983412e-321
0.000000000000000000e+00 2.371515100037983412e-321
0.000000000000000000e+00 3.952525166729972353e-323
0.000000000000000000e+00 8.487983165837351844e-314
0.000000000000000000e+00 3.082969630049378436e-321
0.000000000000000000e+00 3.082969630049378436e-321
0.000000000000000000e+00 3.082969630049378436e-321
0.000000000000000000e+00 3.359646391720476500e-322
0.000000000000000000e+00 3.359646391720476500e-322
0.000000000000000000e+00 1.976262583364986177e-323
0.000000000000000000e+00 8.487983167319548781e-314
0.000000000000000000e+00 9.055709459998374258e-318
0.000000000000000000e+00 1.941701703307099298e-317
0.000000000000000000e+00 1.941701703307099298e-317
0.000000000000000000e+00 7.905050333459944707e-323
0.000000000000000000e+00 5.928787750094958530e-322
0.000000000000000000e+00 3.952525166729972353e-323
0.000000000000000000e+00 9.320672747331811047e-314
0.000000000000000000e+00 6.953010209633516940e-310
0.000000000000000000e+00 6.953010209638259971e-310
0.000000000000000000e+00 6.926769821565425376e-310
0.000000000000000000e+00 6.926770091096021545e-310
0.000000000000000000e+00 6.926769631301091008e-310
0.000000000000000000e+00 0.000000000000000000e+00
0.000000000000000000e+00 6.926769982830922507e-310
0.000000000000000000e+00 0.000000000000000000e+00
0.000000000000000000e+00 6.926769983359078682e-310
0.000000000000000000e+00 6.926770091034362153e-310
0.000000000000000000e+00 6.926770091578229616e-310
0.000000000000000000e+00 0.000000000000000000e+00
0.000000000000000000e+00 6.953010209633121688e-310
0.000000000000000000e+00 6.953010209632726435e-310
0.000000000000000000e+00 6.953010209632677029e-310
0.000000000000000000e+00 6.926769982828452178e-310
0.000000000000000000e+00 6.953010209633516940e-310
0.000000000000000000e+00 0.000000000000000000e+00
0.000000000000000000e+00 6.926769982052373862e-310
0.000000000000000000e+00 6.953010209633121688e-310
0.000000000000000000e+00 1.482196937523739633e-323
0.000000000000000000e+00 6.926770091669928200e-310
0.000000000000000000e+00 6.953010234773553263e-310
0.000000000000000000e+00 6.953010234786596597e-310
0.000000000000000000e+00 6.926769982156275867e-310
0.000000000000000000e+00 1.482196937523739633e-323
0.000000000000000000e+00 6.953010234786596597e-310
0.000000000000000000e+00 6.926770091669928200e-310
0.000000000000000000e+00 6.953010209599129972e-310
0.000000000000000000e+00 6.953010209598932345e-310
0.000000000000000000e+00 -7.346684066529260962e+303
0.000000000000000000e+00 6.926769979843109920e-310
0.000000000000000000e+00 6.926769982052373862e-310
0.000000000000000000e+00 6.953010209619287850e-310
0.000000000000000000e+00 2.430802977538932997e-321
0.000000000000000000e+00 6.926770091096021545e-310
0.000000000000000000e+00 6.926769627516992820e-310
0.000000000000000000e+00 6.926769630179018520e-310
0.000000000000000000e+00 6.926769982156275867e-310
0.000000000000000000e+00 2.430802977538932997e-321
0.000000000000000000e+00 6.926769630179018520e-310
0.000000000000000000e+00 6.926770091096021545e-310
0.000000000000000000e+00 6.953010209604663507e-310
0.000000000000000000e+00 6.953010209604465881e-310
0.000000000000000000e+00 6.926769982075150288e-310
0.000000000000000000e+00 4.940656458412465442e-324
0.000000000000000000e+00 6.926769980168797994e-310
0.000000000000000000e+00 6.926769980130458499e-310
0.000000000000000000e+00 6.953010209604663507e-310
0.000000000000000000e+00 5.128865939174328444e-315
0.000000000000000000e+00 8.013852975921458180e-317
0.000000000000000000e+00 6.952931408677157114e-310
0.000000000000000000e+00 6.953010209615335325e-310
0.000000000000000000e+00 6.926769630179018520e-310
0.000000000000000000e+00 6.926769627516992820e-310
0.000000000000000000e+00 6.953010209604465881e-310
0.000000000000000000e+00 6.953010209614544820e-310
0.000000000000000000e+00 6.926770091162819221e-310
0.000000000000000000e+00 6.952931408676811268e-310
0.000000000000000000e+00 1.976262583364986177e-323
0.000000000000000000e+00 0.000000000000000000e+00
0.000000000000000000e+00 0.000000000000000000e+00
0.000000000000000000e+00 0.000000000000000000e+00
0.000000000000000000e+00 6.926769982828452178e-310
0.000000000000000000e+00 6.926770091641470018e-310
0.000000000000000000e+00 6.953010209622449870e-310
0.000000000000000000e+00 6.926770085153004705e-310
0.000000000000000000e+00 0.000000000000000000e+00
0.000000000000000000e+00 6.926770091503526890e-310
0.000000000000000000e+00 6.953010209631935930e-310
0.000000000000000000e+00 6.926769982217342381e-310
0.000000000000000000e+00 9.881312916824930884e-324
0.000000000000000000e+00 6.926769982052373862e-310
0.000000000000000000e+00 4.940656458412465442e-324
0.000000000000000000e+00 1.046431037891760181e-320
0.000000000000000000e+00 6.926770091096021545e-310
0.000000000000000000e+00 6.926769627516992820e-310
0.000000000000000000e+00 6.926769630179018520e-310
0.000000000000000000e+00 6.926769982156275867e-310
0.000000000000000000e+00 1.046431037891760181e-320
0.000000000000000000e+00 6.926769630179018520e-310
0.000000000000000000e+00 6.926770091096021545e-310
0.000000000000000000e+00 6.953010209620473607e-310
0.000000000000000000e+00 6.953010209620275981e-310
0.000000000000000000e+00 6.926769982075150288e-310
0.000000000000000000e+00 5.128865939174328444e-315
0.000000000000000000e+00 2.073120694772641673e-317
0.000000000000000000e+00 2.072787200461698832e-317
0.000000000000000000e+00 6.953010209620473607e-310
0.000000000000000000e+00 2.041090342866644200e-314
0.000000000000000000e+00 3.189203625218163268e-316
0.000000000000000000e+00 6.926618660871114593e-310
0.000000000000000000e+00 6.953010209631145425e-310
0.000000000000000000e+00 6.926769630179018520e-310
0.000000000000000000e+00 6.926769627516992820e-310
0.000000000000000000e+00 6.953010209620275981e-310
0.000000000000000000e+00 6.953010209630354920e-310
0.000000000000000000e+00 6.926770091162819221e-310
0.000000000000000000e+00 6.926618660868841891e-310
0.000000000000000000e+00 1.976262583364986177e-323
0.000000000000000000e+00 4.446590812571218898e-323
0.000000000000000000e+00 1.514308010863085940e-314
0.000000000000000000e+00 0.000000000000000000e+00
0.000000000000000000e+00 6.953010234786596597e-310
0.000000000000000000e+00 6.926770091641470018e-310
0.000000000000000000e+00 6.953010209638259971e-310
0.000000000000000000e+00 6.926770091166771746e-310
0.000000000000000000e+00 0.000000000000000000e+00
0.000000000000000000e+00 6.926770091599177999e-310
0.000000000000000000e+00 6.953010209640236233e-310
0.000000000000000000e+00 6.926769982217342381e-310
0.000000000000000000e+00 9.881312916824930884e-324
0.000000000000000000e+00 6.926770091166771746e-310
0.000000000000000000e+00 4.940656458412465442e-324
0.000000000000000000e+00 0.000000000000000000e+00
0.000000000000000000e+00 4.940656458412465442e-324
0.000000000000000000e+00 6.926770091599177999e-310
0.000000000000000000e+00 1.877449454196736868e-322
0.000000000000000000e+00 6.953010209641421991e-310
0.000000000000000000e+00 6.953010234786596597e-310
0.000000000000000000e+00 0.000000000000000000e+00
0.000000000000000000e+00 6.926770091641470018e-310
0.000000000000000000e+00 6.953010209631145425e-310
0.000000000000000000e+00 3.636303821590984089e-314
0.000000000000000000e+00 6.953010209630354920e-310
0.000000000000000000e+00 2.041090342866644200e-314
0.000000000000000000e+00 2.073120694772641673e-317
0.000000000000000000e+00 2.121995790471206669e-314
0.000000000000000000e+00 0.000000000000000000e+00
0.000000000000000000e+00 6.926769630028427311e-310
0.000000000000000000e+00 6.926770091096021545e-310
0.000000000000000000e+00 6.953010209648536536e-310
0.000000000000000000e+00 6.953010209653279566e-310
0.000000000000000000e+00 0.000000000000000000e+00
0.000000000000000000e+00 6.926770091669928200e-310
0.000000000000000000e+00 6.953010209650512799e-310
0.000000000000000000e+00 6.926769982217342381e-310
0.000000000000000000e+00 0.000000000000000000e+00
0.000000000000000000e+00 6.953010209653279566e-310
0.000000000000000000e+00 0.000000000000000000e+00
0.000000000000000000e+00 0.000000000000000000e+00
0.000000000000000000e+00 0.000000000000000000e+00
0.000000000000000000e+00 3.114526590980550535e-317
0.000000000000000000e+00 2.073795094379214974e-317
0.000000000000000000e+00 6.953010209662765627e-310
0.000000000000000000e+00 0.000000000000000000e+00
0.000000000000000000e+00 0.000000000000000000e+00
0.000000000000000000e+00 0.000000000000000000e+00
0.000000000000000000e+00 6.926769983224791639e-310
0.000000000000000000e+00 4.940656458412465442e-324
0.000000000000000000e+00 0.000000000000000000e+00
0.000000000000000000e+00 8.403890817447546477e-315
0.000000000000000000e+00 6.926769630028427311e-310
0.000000000000000000e+00 6.953010209660394112e-310
0.000000000000000000e+00 6.926769984823044597e-310
0.000000000000000000e+00 3.225260536051657440e-319
0.000000000000000000e+00 0.000000000000000000e+00
0.000000000000000000e+00 0.000000000000000000e+00
0.000000000000000000e+00 0.000000000000000000e+00
0.000000000000000000e+00 2.054695050111988209e-81
0.000000000000000000e+00 2.054695050111988209e-81
0.000000000000000000e+00 0.000000000000000000e+00
0.000000000000000000e+00 0.000000000000000000e+00
0.000000000000000000e+00 0.000000000000000000e+00
0.000000000000000000e+00 0.000000000000000000e+00
0.000000000000000000e+00 0.000000000000000000e+00
0.000000000000000000e+00 0.000000000000000000e+00
0.000000000000000000e+00 0.000000000000000000e+00
0.000000000000000000e+00 2.113706744906814220e-314
0.000000000000000000e+00 0.000000000000000000e+00
0.000000000000000000e+00 0.000000000000000000e+00
0.000000000000000000e+00 2.537004373443042408e+151
0.000000000000000000e+00 4.903850968468620276e+252
0.000000000000000000e+00 4.940656458412465442e-324
0.000000000000000000e+00 2.076030741426646615e-317
0.000000000000000000e+00 0.000000000000000000e+00
0.000000000000000000e+00 0.000000000000000000e+00
0.000000000000000000e+00 2.075992698371916839e-317
0.000000000000000000e+00 2.073795094379214974e-317
