1.391601562500000000e-01
1.464843750000000000e-01
1.489257812500000000e-01
1.416015625000000000e-01
1.489257812500000000e-01
1.391601562500000000e-01
1.440429687500000000e-01
1.416015625000000000e-01
1.489257812500000000e-01
1.464843750000000000e-01
1.391601562500000000e-01
1.440429687500000000e-01
1.391601562500000000e-01
1.367187500000000000e-01
1.293945312500000000e-01
1.318359375000000000e-01
1.367187500000000000e-01
1.342773437500000000e-01
1.367187500000000000e-01
1.391601562500000000e-01
1.440429687500000000e-01
1.367187500000000000e-01
1.391601562500000000e-01
1.440429687500000000e-01
1.416015625000000000e-01
1.367187500000000000e-01
1.391601562500000000e-01
1.440429687500000000e-01
1.391601562500000000e-01
1.391601562500000000e-01
1.342773437500000000e-01
1.391601562500000000e-01
1.489257812500000000e-01
1.367187500000000000e-01
1.440429687500000000e-01
1.416015625000000000e-01
1.367187500000000000e-01
1.391601562500000000e-01
1.416015625000000000e-01
1.391601562500000000e-01
1.367187500000000000e-01
1.342773437500000000e-01
1.391601562500000000e-01
1.464843750000000000e-01
1.440429687500000000e-01
1.391601562500000000e-01
1.416015625000000000e-01
1.416015625000000000e-01
1.416015625000000000e-01
1.293945312500000000e-01
1.416015625000000000e-01
1.416015625000000000e-01
1.391601562500000000e-01
1.416015625000000000e-01
1.489257812500000000e-01
1.367187500000000000e-01
1.416015625000000000e-01
1.440429687500000000e-01
1.391601562500000000e-01
1.391601562500000000e-01
1.416015625000000000e-01
1.440429687500000000e-01
1.391601562500000000e-01
1.391601562500000000e-01
1.416015625000000000e-01
1.464843750000000000e-01
1.342773437500000000e-01
1.391601562500000000e-01
1.416015625000000000e-01
1.464843750000000000e-01
1.440429687500000000e-01
1.367187500000000000e-01
1.416015625000000000e-01
1.391601562500000000e-01
1.391601562500000000e-01
1.464843750000000000e-01
1.318359375000000000e-01
1.440429687500000000e-01
1.416015625000000000e-01
1.391601562500000000e-01
1.367187500000000000e-01
1.391601562500000000e-01
1.440429687500000000e-01
1.440429687500000000e-01
1.440429687500000000e-01
1.440429687500000000e-01
1.391601562500000000e-01
1.391601562500000000e-01
1.416015625000000000e-01
1.367187500000000000e-01
1.318359375000000000e-01
1.416015625000000000e-01
1.342773437500000000e-01
1.367187500000000000e-01
1.367187500000000000e-01
1.318359375000000000e-01
1.318359375000000000e-01
1.367187500000000000e-01
1.342773437500000000e-01
1.416015625000000000e-01
1.318359375000000000e-01
1.220703125000000000e-01
1.367187500000000000e-01
1.391601562500000000e-01
1.391601562500000000e-01
1.391601562500000000e-01
1.464843750000000000e-01
1.342773437500000000e-01
1.416015625000000000e-01
1.391601562500000000e-01
1.318359375000000000e-01
1.342773437500000000e-01
1.342773437500000000e-01
1.269531250000000000e-01
1.342773437500000000e-01
1.367187500000000000e-01
1.391601562500000000e-01
1.342773437500000000e-01
1.391601562500000000e-01
1.367187500000000000e-01
1.342773437500000000e-01
1.367187500000000000e-01
1.367187500000000000e-01
1.367187500000000000e-01
1.416015625000000000e-01
1.318359375000000000e-01
1.391601562500000000e-01
1.342773437500000000e-01
1.416015625000000000e-01
1.342773437500000000e-01
1.464843750000000000e-01
1.367187500000000000e-01
1.391601562500000000e-01
1.391601562500000000e-01
1.367187500000000000e-01
1.342773437500000000e-01
1.367187500000000000e-01
1.342773437500000000e-01
1.391601562500000000e-01
1.440429687500000000e-01
1.416015625000000000e-01
1.367187500000000000e-01
1.391601562500000000e-01
1.416015625000000000e-01
1.367187500000000000e-01
1.416015625000000000e-01
1.367187500000000000e-01
1.391601562500000000e-01
1.318359375000000000e-01
1.440429687500000000e-01
1.440429687500000000e-01
1.293945312500000000e-01
1.391601562500000000e-01
1.367187500000000000e-01
1.293945312500000000e-01
1.391601562500000000e-01
1.342773437500000000e-01
1.416015625000000000e-01
1.342773437500000000e-01
1.391601562500000000e-01
1.342773437500000000e-01
1.440429687500000000e-01
1.342773437500000000e-01
1.367187500000000000e-01
1.342773437500000000e-01
1.367187500000000000e-01
1.318359375000000000e-01
1.342773437500000000e-01
1.245117187500000000e-01
1.293945312500000000e-01
1.391601562500000000e-01
1.367187500000000000e-01
1.342773437500000000e-01
1.367187500000000000e-01
1.416015625000000000e-01
1.367187500000000000e-01
1.391601562500000000e-01
1.391601562500000000e-01
1.367187500000000000e-01
1.342773437500000000e-01
1.342773437500000000e-01
1.367187500000000000e-01
1.269531250000000000e-01
1.367187500000000000e-01
1.391601562500000000e-01
1.391601562500000000e-01
1.391601562500000000e-01
1.367187500000000000e-01
1.293945312500000000e-01
1.367187500000000000e-01
1.342773437500000000e-01
1.293945312500000000e-01
1.416015625000000000e-01
1.367187500000000000e-01
1.318359375000000000e-01
1.416015625000000000e-01
1.342773437500000000e-01
1.342773437500000000e-01
1.367187500000000000e-01
1.416015625000000000e-01
1.367187500000000000e-01
1.440429687500000000e-01
1.464843750000000000e-01
1.416015625000000000e-01
1.391601562500000000e-01
1.318359375000000000e-01
1.416015625000000000e-01
1.367187500000000000e-01
1.416015625000000000e-01
1.318359375000000000e-01
1.342773437500000000e-01
1.440429687500000000e-01
1.342773437500000000e-01
1.440429687500000000e-01
1.342773437500000000e-01
1.367187500000000000e-01
1.464843750000000000e-01
1.440429687500000000e-01
1.391601562500000000e-01
1.464843750000000000e-01
1.391601562500000000e-01
1.440429687500000000e-01
1.367187500000000000e-01
1.464843750000000000e-01
1.391601562500000000e-01
1.342773437500000000e-01
1.464843750000000000e-01
1.416015625000000000e-01
1.367187500000000000e-01
1.391601562500000000e-01
1.440429687500000000e-01
1.440429687500000000e-01
1.342773437500000000e-01
1.342773437500000000e-01
1.367187500000000000e-01
1.416015625000000000e-01
1.464843750000000000e-01
1.464843750000000000e-01
1.416015625000000000e-01
1.391601562500000000e-01
1.440429687500000000e-01
1.391601562500000000e-01
1.464843750000000000e-01
1.318359375000000000e-01
1.416015625000000000e-01
1.440429687500000000e-01
1.367187500000000000e-01
1.391601562500000000e-01
1.440429687500000000e-01
1.367187500000000000e-01
1.416015625000000000e-01
1.416015625000000000e-01
1.367187500000000000e-01
1.391601562500000000e-01
1.391601562500000000e-01
1.391601562500000000e-01
1.416015625000000000e-01
1.342773437500000000e-01
1.342773437500000000e-01
1.342773437500000000e-01
1.367187500000000000e-01
1.416015625000000000e-01
1.342773437500000000e-01
1.367187500000000000e-01
1.367187500000000000e-01
1.367187500000000000e-01
1.342773437500000000e-01
1.391601562500000000e-01
1.391601562500000000e-01
1.269531250000000000e-01
1.391601562500000000e-01
1.367187500000000000e-01
1.391601562500000000e-01
1.342773437500000000e-01
1.391601562500000000e-01
1.391601562500000000e-01
1.318359375000000000e-01
1.391601562500000000e-01
1.318359375000000000e-01
1.342773437500000000e-01
1.367187500000000000e-01
1.367187500000000000e-01
1.342773437500000000e-01
1.391601562500000000e-01
1.391601562500000000e-01
1.391601562500000000e-01
1.391601562500000000e-01
1.367187500000000000e-01
1.391601562500000000e-01
1.342773437500000000e-01
1.367187500000000000e-01
1.342773437500000000e-01
1.367187500000000000e-01
1.367187500000000000e-01
1.416015625000000000e-01
1.416015625000000000e-01
1.293945312500000000e-01
1.416015625000000000e-01
1.391601562500000000e-01
1.342773437500000000e-01
1.416015625000000000e-01
1.391601562500000000e-01
1.391601562500000000e-01
1.391601562500000000e-01
1.440429687500000000e-01
1.391601562500000000e-01
1.342773437500000000e-01
1.342773437500000000e-01
1.342773437500000000e-01
1.416015625000000000e-01
1.391601562500000000e-01
1.464843750000000000e-01
1.293945312500000000e-01
1.367187500000000000e-01
1.342773437500000000e-01
1.367187500000000000e-01
1.391601562500000000e-01
1.391601562500000000e-01
1.440429687500000000e-01
1.367187500000000000e-01
1.416015625000000000e-01
1.416015625000000000e-01
1.416015625000000000e-01
1.367187500000000000e-01
1.342773437500000000e-01
1.342773437500000000e-01
1.391601562500000000e-01
1.367187500000000000e-01
1.391601562500000000e-01
1.342773437500000000e-01
1.391601562500000000e-01
1.464843750000000000e-01
1.464843750000000000e-01
1.269531250000000000e-01
1.391601562500000000e-01
1.342773437500000000e-01
1.318359375000000000e-01
1.367187500000000000e-01
1.367187500000000000e-01
1.342773437500000000e-01
1.416015625000000000e-01
1.440429687500000000e-01
1.416015625000000000e-01
1.367187500000000000e-01
1.416015625000000000e-01
1.416015625000000000e-01
1.367187500000000000e-01
1.367187500000000000e-01
1.440429687500000000e-01
1.416015625000000000e-01
1.391601562500000000e-01
1.293945312500000000e-01
1.367187500000000000e-01
1.391601562500000000e-01
1.367187500000000000e-01
1.513671875000000000e-01
1.391601562500000000e-01
1.440429687500000000e-01
1.440429687500000000e-01
1.440429687500000000e-01
1.391601562500000000e-01
1.367187500000000000e-01
1.293945312500000000e-01
1.391601562500000000e-01
1.367187500000000000e-01
1.391601562500000000e-01
1.416015625000000000e-01
1.416015625000000000e-01
1.318359375000000000e-01
1.440429687500000000e-01
1.464843750000000000e-01
1.513671875000000000e-01
1.416015625000000000e-01
1.416015625000000000e-01
1.416015625000000000e-01
1.391601562500000000e-01
1.367187500000000000e-01
1.416015625000000000e-01
1.367187500000000000e-01
1.416015625000000000e-01
1.318359375000000000e-01
1.391601562500000000e-01
1.489257812500000000e-01
1.416015625000000000e-01
1.464843750000000000e-01
1.391601562500000000e-01
1.464843750000000000e-01
1.489257812500000000e-01
1.464843750000000000e-01
1.416015625000000000e-01
1.342773437500000000e-01
1.391601562500000000e-01
1.391601562500000000e-01
1.440429687500000000e-01
1.416015625000000000e-01
1.464843750000000000e-01
1.489257812500000000e-01
1.367187500000000000e-01
1.440429687500000000e-01
1.464843750000000000e-01
1.367187500000000000e-01
1.367187500000000000e-01
1.318359375000000000e-01
1.440429687500000000e-01
1.342773437500000000e-01
1.342773437500000000e-01
1.440429687500000000e-01
1.440429687500000000e-01
1.391601562500000000e-01
1.416015625000000000e-01
1.391601562500000000e-01
1.367187500000000000e-01
1.464843750000000000e-01
1.440429687500000000e-01
1.367187500000000000e-01
1.391601562500000000e-01
1.416015625000000000e-01
1.391601562500000000e-01
1.342773437500000000e-01
1.342773437500000000e-01
1.416015625000000000e-01
1.367187500000000000e-01
1.440429687500000000e-01
1.416015625000000000e-01
1.464843750000000000e-01
1.440429687500000000e-01
1.367187500000000000e-01
1.440429687500000000e-01
1.440429687500000000e-01
1.464843750000000000e-01
1.416015625000000000e-01
1.367187500000000000e-01
1.367187500000000000e-01
1.318359375000000000e-01
1.391601562500000000e-01
1.440429687500000000e-01
1.367187500000000000e-01
1.416015625000000000e-01
1.391601562500000000e-01
1.391601562500000000e-01
1.440429687500000000e-01
1.513671875000000000e-01
1.416015625000000000e-01
1.440429687500000000e-01
1.416015625000000000e-01
1.416015625000000000e-01
1.440429687500000000e-01
1.416015625000000000e-01
1.391601562500000000e-01
1.416015625000000000e-01
1.440429687500000000e-01
1.416015625000000000e-01
1.440429687500000000e-01
1.440429687500000000e-01
1.440429687500000000e-01
1.391601562500000000e-01
1.513671875000000000e-01
1.489257812500000000e-01
1.513671875000000000e-01
1.391601562500000000e-01
1.464843750000000000e-01
1.416015625000000000e-01
1.416015625000000000e-01
1.416015625000000000e-01
1.489257812500000000e-01
1.391601562500000000e-01
1.391601562500000000e-01
1.391601562500000000e-01
1.464843750000000000e-01
1.391601562500000000e-01
1.342773437500000000e-01
1.416015625000000000e-01
1.367187500000000000e-01
1.440429687500000000e-01
1.416015625000000000e-01
1.440429687500000000e-01
1.416015625000000000e-01
1.416015625000000000e-01
1.416015625000000000e-01
1.416015625000000000e-01
1.391601562500000000e-01
1.440429687500000000e-01
1.391601562500000000e-01
1.391601562500000000e-01
1.416015625000000000e-01
1.342773437500000000e-01
1.416015625000000000e-01
1.391601562500000000e-01
1.367187500000000000e-01
1.440429687500000000e-01
1.391601562500000000e-01
1.416015625000000000e-01
1.416015625000000000e-01
1.318359375000000000e-01
1.367187500000000000e-01
1.440429687500000000e-01
1.318359375000000000e-01
1.416015625000000000e-01
1.367187500000000000e-01
1.342773437500000000e-01
1.293945312500000000e-01
1.391601562500000000e-01
1.416015625000000000e-01
1.464843750000000000e-01
1.318359375000000000e-01
1.391601562500000000e-01
1.391601562500000000e-01
1.416015625000000000e-01
1.367187500000000000e-01
1.391601562500000000e-01
1.416015625000000000e-01
1.391601562500000000e-01
1.367187500000000000e-01
1.367187500000000000e-01
1.391601562500000000e-01
1.367187500000000000e-01
1.391601562500000000e-01
1.367187500000000000e-01
1.391601562500000000e-01
1.342773437500000000e-01
1.416015625000000000e-01
1.464843750000000000e-01
1.367187500000000000e-01
1.318359375000000000e-01
1.367187500000000000e-01
1.318359375000000000e-01
1.464843750000000000e-01
1.293945312500000000e-01
1.391601562500000000e-01
1.367187500000000000e-01
1.416015625000000000e-01
1.440429687500000000e-01
1.391601562500000000e-01
1.440429687500000000e-01
1.440429687500000000e-01
1.391601562500000000e-01
1.367187500000000000e-01
1.293945312500000000e-01
1.391601562500000000e-01
1.440429687500000000e-01
1.464843750000000000e-01
1.391601562500000000e-01
1.367187500000000000e-01
1.416015625000000000e-01
1.391601562500000000e-01
1.416015625000000000e-01
1.367187500000000000e-01
1.416015625000000000e-01
1.513671875000000000e-01
1.513671875000000000e-01
1.391601562500000000e-01
1.464843750000000000e-01
1.318359375000000000e-01
1.342773437500000000e-01
1.416015625000000000e-01
1.367187500000000000e-01
1.416015625000000000e-01
1.367187500000000000e-01
1.367187500000000000e-01
1.391601562500000000e-01
1.367187500000000000e-01
1.293945312500000000e-01
1.367187500000000000e-01
1.318359375000000000e-01
1.293945312500000000e-01
1.416015625000000000e-01
1.464843750000000000e-01
1.367187500000000000e-01
1.367187500000000000e-01
1.342773437500000000e-01
1.391601562500000000e-01
1.342773437500000000e-01
1.489257812500000000e-01
1.318359375000000000e-01
1.391601562500000000e-01
1.342773437500000000e-01
1.318359375000000000e-01
1.342773437500000000e-01
1.293945312500000000e-01
1.342773437500000000e-01
1.318359375000000000e-01
1.367187500000000000e-01
1.416015625000000000e-01
1.318359375000000000e-01
1.367187500000000000e-01
1.367187500000000000e-01
1.342773437500000000e-01
1.293945312500000000e-01
1.318359375000000000e-01
1.293945312500000000e-01
1.318359375000000000e-01
1.293945312500000000e-01
1.367187500000000000e-01
1.367187500000000000e-01
1.367187500000000000e-01
1.342773437500000000e-01
1.342773437500000000e-01
1.391601562500000000e-01
1.440429687500000000e-01
1.391601562500000000e-01
1.513671875000000000e-01
1.391601562500000000e-01
1.416015625000000000e-01
1.367187500000000000e-01
1.342773437500000000e-01
1.367187500000000000e-01
1.367187500000000000e-01
1.391601562500000000e-01
1.367187500000000000e-01
1.391601562500000000e-01
1.391601562500000000e-01
1.391601562500000000e-01
1.391601562500000000e-01
1.440429687500000000e-01
1.464843750000000000e-01
1.391601562500000000e-01
1.416015625000000000e-01
1.416015625000000000e-01
1.391601562500000000e-01
1.367187500000000000e-01
1.318359375000000000e-01
1.342773437500000000e-01
1.440429687500000000e-01
1.391601562500000000e-01
1.416015625000000000e-01
1.367187500000000000e-01
1.318359375000000000e-01
1.367187500000000000e-01
1.391601562500000000e-01
1.342773437500000000e-01
1.342773437500000000e-01
1.440429687500000000e-01
1.416015625000000000e-01
1.342773437500000000e-01
1.391601562500000000e-01
1.391601562500000000e-01
1.318359375000000000e-01
1.367187500000000000e-01
1.367187500000000000e-01
1.269531250000000000e-01
1.269531250000000000e-01
1.342773437500000000e-01
1.391601562500000000e-01
1.391601562500000000e-01
1.367187500000000000e-01
1.342773437500000000e-01
1.367187500000000000e-01
1.416015625000000000e-01
1.342773437500000000e-01
1.391601562500000000e-01
1.391601562500000000e-01
1.367187500000000000e-01
1.367187500000000000e-01
1.318359375000000000e-01
1.342773437500000000e-01
1.391601562500000000e-01
1.367187500000000000e-01
1.367187500000000000e-01
1.416015625000000000e-01
1.416015625000000000e-01
1.416015625000000000e-01
1.293945312500000000e-01
1.367187500000000000e-01
1.342773437500000000e-01
1.269531250000000000e-01
1.416015625000000000e-01
1.440429687500000000e-01
1.342773437500000000e-01
1.391601562500000000e-01
1.416015625000000000e-01
1.416015625000000000e-01
1.367187500000000000e-01
1.440429687500000000e-01
1.416015625000000000e-01
1.318359375000000000e-01
1.416015625000000000e-01
1.464843750000000000e-01
1.342773437500000000e-01
1.391601562500000000e-01
1.391601562500000000e-01
1.391601562500000000e-01
1.416015625000000000e-01
1.367187500000000000e-01
1.440429687500000000e-01
1.440429687500000000e-01
1.342773437500000000e-01
1.367187500000000000e-01
1.342773437500000000e-01
1.416015625000000000e-01
1.416015625000000000e-01
1.440429687500000000e-01
1.416015625000000000e-01
1.489257812500000000e-01
1.440429687500000000e-01
1.440429687500000000e-01
1.367187500000000000e-01
1.342773437500000000e-01
1.391601562500000000e-01
1.440429687500000000e-01
1.416015625000000000e-01
1.416015625000000000e-01
1.464843750000000000e-01
1.538085937500000000e-01
1.342773437500000000e-01
1.416015625000000000e-01
1.318359375000000000e-01
1.391601562500000000e-01
1.416015625000000000e-01
1.416015625000000000e-01
1.342773437500000000e-01
1.440429687500000000e-01
1.391601562500000000e-01
1.513671875000000000e-01
1.440429687500000000e-01
1.440429687500000000e-01
1.416015625000000000e-01
1.440429687500000000e-01
1.464843750000000000e-01
1.489257812500000000e-01
1.489257812500000000e-01
1.416015625000000000e-01
1.416015625000000000e-01
1.489257812500000000e-01
1.464843750000000000e-01
1.342773437500000000e-01
1.318359375000000000e-01
1.416015625000000000e-01
1.440429687500000000e-01
1.391601562500000000e-01
1.489257812500000000e-01
1.440429687500000000e-01
1.416015625000000000e-01
1.416015625000000000e-01
1.538085937500000000e-01
1.391601562500000000e-01
1.440429687500000000e-01
1.391601562500000000e-01
1.416015625000000000e-01
1.464843750000000000e-01
1.464843750000000000e-01
1.440429687500000000e-01
1.440429687500000000e-01
1.367187500000000000e-01
1.342773437500000000e-01
1.391601562500000000e-01
1.464843750000000000e-01
1.367187500000000000e-01
1.538085937500000000e-01
1.342773437500000000e-01
1.416015625000000000e-01
1.489257812500000000e-01
1.440429687500000000e-01
1.318359375000000000e-01
1.391601562500000000e-01
1.440429687500000000e-01
1.440429687500000000e-01
1.489257812500000000e-01
1.440429687500000000e-01
1.464843750000000000e-01
1.342773437500000000e-01
1.489257812500000000e-01
1.464843750000000000e-01
1.538085937500000000e-01
1.440429687500000000e-01
1.391601562500000000e-01
1.489257812500000000e-01
1.489257812500000000e-01
1.489257812500000000e-01
1.538085937500000000e-01
1.440429687500000000e-01
1.464843750000000000e-01
1.391601562500000000e-01
1.489257812500000000e-01
1.440429687500000000e-01
1.489257812500000000e-01
1.391601562500000000e-01
1.464843750000000000e-01
1.416015625000000000e-01
1.391601562500000000e-01
1.416015625000000000e-01
1.489257812500000000e-01
1.391601562500000000e-01
1.391601562500000000e-01
1.464843750000000000e-01
1.440429687500000000e-01
1.416015625000000000e-01
1.342773437500000000e-01
1.440429687500000000e-01
1.391601562500000000e-01
1.342773437500000000e-01
1.416015625000000000e-01
1.464843750000000000e-01
1.464843750000000000e-01
1.464843750000000000e-01
1.416015625000000000e-01
1.391601562500000000e-01
1.440429687500000000e-01
1.464843750000000000e-01
1.367187500000000000e-01
1.367187500000000000e-01
1.342773437500000000e-01
1.269531250000000000e-01
1.391601562500000000e-01
1.342773437500000000e-01
1.416015625000000000e-01
1.416015625000000000e-01
1.391601562500000000e-01
1.367187500000000000e-01
1.342773437500000000e-01
1.367187500000000000e-01
1.367187500000000000e-01
1.269531250000000000e-01
1.342773437500000000e-01
1.391601562500000000e-01
1.391601562500000000e-01
1.391601562500000000e-01
1.416015625000000000e-01
1.440429687500000000e-01
1.416015625000000000e-01
1.416015625000000000e-01
1.440429687500000000e-01
1.391601562500000000e-01
1.489257812500000000e-01
1.342773437500000000e-01
1.367187500000000000e-01
1.367187500000000000e-01
1.293945312500000000e-01
1.489257812500000000e-01
1.440429687500000000e-01
1.416015625000000000e-01
1.440429687500000000e-01
1.342773437500000000e-01
1.464843750000000000e-01
1.464843750000000000e-01
1.416015625000000000e-01
1.391601562500000000e-01
1.416015625000000000e-01
1.391601562500000000e-01
1.489257812500000000e-01
1.391601562500000000e-01
1.416015625000000000e-01
1.489257812500000000e-01
1.391601562500000000e-01
1.342773437500000000e-01
1.489257812500000000e-01
1.440429687500000000e-01
1.464843750000000000e-01
1.416015625000000000e-01
1.391601562500000000e-01
1.464843750000000000e-01
1.513671875000000000e-01
1.416015625000000000e-01
1.440429687500000000e-01
1.416015625000000000e-01
1.293945312500000000e-01
1.367187500000000000e-01
1.391601562500000000e-01
1.342773437500000000e-01
1.440429687500000000e-01
1.391601562500000000e-01
1.391601562500000000e-01
1.416015625000000000e-01
1.342773437500000000e-01
1.464843750000000000e-01
1.318359375000000000e-01
1.342773437500000000e-01
1.489257812500000000e-01
1.391601562500000000e-01
1.440429687500000000e-01
1.489257812500000000e-01
1.513671875000000000e-01
1.416015625000000000e-01
1.367187500000000000e-01
1.489257812500000000e-01
1.342773437500000000e-01
1.464843750000000000e-01
1.391601562500000000e-01
1.293945312500000000e-01
1.342773437500000000e-01
1.293945312500000000e-01
1.367187500000000000e-01
1.367187500000000000e-01
1.440429687500000000e-01
1.464843750000000000e-01
1.489257812500000000e-01
1.391601562500000000e-01
1.464843750000000000e-01
1.367187500000000000e-01
1.440429687500000000e-01
1.391601562500000000e-01
1.367187500000000000e-01
1.342773437500000000e-01
1.391601562500000000e-01
1.440429687500000000e-01
1.367187500000000000e-01
1.293945312500000000e-01
1.391601562500000000e-01
1.318359375000000000e-01
1.391601562500000000e-01
1.440429687500000000e-01
1.293945312500000000e-01
1.391601562500000000e-01
1.538085937500000000e-01
1.513671875000000000e-01
1.416015625000000000e-01
1.513671875000000000e-01
1.611328125000000000e-01
1.391601562500000000e-01
1.269531250000000000e-01
1.489257812500000000e-01
1.562500000000000000e-01
1.513671875000000000e-01
1.440429687500000000e-01
1.342773437500000000e-01
1.269531250000000000e-01
1.464843750000000000e-01
1.757812500000000000e-01
2.026367187500000000e-01
2.197265625000000000e-01
2.075195312500000000e-01
1.318359375000000000e-01
1.562500000000000000e-01
1.611328125000000000e-01
-4.150390625000000000e-02
3.051757812500000000e-01
6.982421875000000000e-01
-1.635742187500000000e-01
-7.299804687500000000e-01
-1.684570312500000000e-01
7.543945312500000000e-01
3.662109375000000000e-01
-6.298828125000000000e-01
1.708984375000000000e-01
8.081054687500000000e-01
-1.074218750000000000e-01
-5.761718750000000000e-01
4.882812500000000000e-01
5.786132812500000000e-01
-2.807617187500000000e-01
1.147460937500000000e-01
2.001953125000000000e-01
-4.248046875000000000e-01
2.294921875000000000e-01
8.105468750000000000e-01
3.857421875000000000e-01
-4.467773437500000000e-01
-1.147460937500000000e-01
4.614257812500000000e-01
2.587890625000000000e-01
-5.126953125000000000e-02
2.001953125000000000e-01
2.368164062500000000e-01
-8.300781250000000000e-02
-4.638671875000000000e-02
3.247070312500000000e-01
2.075195312500000000e-01
-1.293945312500000000e-01
2.441406250000000000e-03
3.149414062500000000e-01
2.563476562500000000e-01
8.056640625000000000e-02
1.220703125000000000e-01
2.587890625000000000e-01
3.198242187500000000e-01
1.684570312500000000e-01
-1.708984375000000000e-01
-1.977539062500000000e-01
3.125000000000000000e-01
4.833984375000000000e-01
1.074218750000000000e-01
-1.025390625000000000e-01
1.562500000000000000e-01
2.514648437500000000e-01
1.196289062500000000e-01
1.098632812500000000e-01
2.416992187500000000e-01
2.246093750000000000e-01
1.416015625000000000e-01
1.708984375000000000e-01
1.879882812500000000e-01
1.342773437500000000e-01
9.765625000000000000e-02
1.635742187500000000e-01
1.562500000000000000e-01
9.277343750000000000e-02
4.638671875000000000e-02
1.098632812500000000e-01
1.928710937500000000e-01
1.855468750000000000e-01
1.171875000000000000e-01
1.025390625000000000e-01
1.416015625000000000e-01
1.635742187500000000e-01
1.171875000000000000e-01
1.025390625000000000e-01
1.367187500000000000e-01
1.635742187500000000e-01
1.367187500000000000e-01
1.318359375000000000e-01
1.391601562500000000e-01
1.025390625000000000e-01
9.765625000000000000e-02
1.757812500000000000e-01
2.075195312500000000e-01
1.635742187500000000e-01
1.000976562500000000e-01
9.521484375000000000e-02
1.196289062500000000e-01
1.513671875000000000e-01
1.660156250000000000e-01
1.440429687500000000e-01
1.220703125000000000e-01
1.391601562500000000e-01
1.757812500000000000e-01
1.953125000000000000e-01
1.391601562500000000e-01
1.074218750000000000e-01
1.123046875000000000e-01
1.269531250000000000e-01
1.464843750000000000e-01
1.367187500000000000e-01
1.147460937500000000e-01
1.196289062500000000e-01
1.489257812500000000e-01
1.635742187500000000e-01
1.660156250000000000e-01
1.562500000000000000e-01
1.440429687500000000e-01
1.513671875000000000e-01
1.513671875000000000e-01
1.440429687500000000e-01
1.318359375000000000e-01
1.293945312500000000e-01
1.220703125000000000e-01
1.171875000000000000e-01
1.245117187500000000e-01
1.367187500000000000e-01
1.318359375000000000e-01
1.196289062500000000e-01
1.123046875000000000e-01
1.293945312500000000e-01
1.367187500000000000e-01
1.440429687500000000e-01
1.391601562500000000e-01
1.464843750000000000e-01
1.684570312500000000e-01
1.538085937500000000e-01
1.391601562500000000e-01
1.342773437500000000e-01
1.220703125000000000e-01
1.293945312500000000e-01
1.318359375000000000e-01
1.513671875000000000e-01
1.513671875000000000e-01
1.391601562500000000e-01
1.342773437500000000e-01
1.318359375000000000e-01
1.367187500000000000e-01
1.293945312500000000e-01
1.269531250000000000e-01
1.196289062500000000e-01
1.245117187500000000e-01
1.293945312500000000e-01
1.513671875000000000e-01
1.708984375000000000e-01
1.733398437500000000e-01
1.635742187500000000e-01
1.489257812500000000e-01
1.489257812500000000e-01
1.464843750000000000e-01
1.513671875000000000e-01
1.538085937500000000e-01
1.464843750000000000e-01
1.318359375000000000e-01
1.318359375000000000e-01
1.391601562500000000e-01
1.489257812500000000e-01
1.538085937500000000e-01
1.538085937500000000e-01
1.440429687500000000e-01
1.391601562500000000e-01
1.367187500000000000e-01
1.489257812500000000e-01
1.367187500000000000e-01
1.293945312500000000e-01
1.245117187500000000e-01
1.220703125000000000e-01
1.342773437500000000e-01
1.342773437500000000e-01
1.318359375000000000e-01
1.220703125000000000e-01
1.123046875000000000e-01
1.318359375000000000e-01
1.245117187500000000e-01
1.416015625000000000e-01
1.342773437500000000e-01
1.318359375000000000e-01
1.464843750000000000e-01
1.440429687500000000e-01
1.342773437500000000e-01
1.391601562500000000e-01
1.416015625000000000e-01
1.342773437500000000e-01
1.611328125000000000e-01
1.611328125000000000e-01
1.440429687500000000e-01
1.513671875000000000e-01
1.391601562500000000e-01
1.416015625000000000e-01
1.440429687500000000e-01
1.440429687500000000e-01
1.538085937500000000e-01
1.489257812500000000e-01
1.464843750000000000e-01
1.489257812500000000e-01
1.513671875000000000e-01
1.440429687500000000e-01
1.416015625000000000e-01
1.391601562500000000e-01
1.367187500000000000e-01
1.416015625000000000e-01
1.367187500000000000e-01
1.220703125000000000e-01
1.367187500000000000e-01
1.416015625000000000e-01
1.416015625000000000e-01
1.513671875000000000e-01
1.489257812500000000e-01
1.513671875000000000e-01
1.464843750000000000e-01
1.391601562500000000e-01
1.513671875000000000e-01
1.440429687500000000e-01
1.342773437500000000e-01
1.367187500000000000e-01
1.538085937500000000e-01
1.342773437500000000e-01
1.416015625000000000e-01
1.416015625000000000e-01
1.391601562500000000e-01
1.342773437500000000e-01
1.416015625000000000e-01
1.464843750000000000e-01
1.416015625000000000e-01
1.464843750000000000e-01
1.464843750000000000e-01
1.513671875000000000e-01
1.489257812500000000e-01
1.464843750000000000e-01
1.416015625000000000e-01
1.489257812500000000e-01
1.513671875000000000e-01
1.440429687500000000e-01
1.416015625000000000e-01
1.464843750000000000e-01
1.391601562500000000e-01
1.391601562500000000e-01
1.513671875000000000e-01
1.489257812500000000e-01
1.464843750000000000e-01
1.245117187500000000e-01
1.391601562500000000e-01
1.489257812500000000e-01
1.416015625000000000e-01
1.489257812500000000e-01
1.513671875000000000e-01
1.416015625000000000e-01
1.391601562500000000e-01
1.220703125000000000e-01
1.269531250000000000e-01
1.293945312500000000e-01
1.464843750000000000e-01
1.367187500000000000e-01
1.416015625000000000e-01
1.489257812500000000e-01
1.562500000000000000e-01
1.586914062500000000e-01
1.513671875000000000e-01
1.489257812500000000e-01
1.440429687500000000e-01
1.464843750000000000e-01
1.464843750000000000e-01
1.391601562500000000e-01
1.416015625000000000e-01
1.538085937500000000e-01
1.464843750000000000e-01
1.391601562500000000e-01
1.318359375000000000e-01
1.367187500000000000e-01
1.464843750000000000e-01
1.464843750000000000e-01
1.367187500000000000e-01
1.269531250000000000e-01
1.342773437500000000e-01
1.416015625000000000e-01
1.464843750000000000e-01
1.513671875000000000e-01
1.489257812500000000e-01
1.464843750000000000e-01
1.489257812500000000e-01
1.440429687500000000e-01
1.391601562500000000e-01
1.513671875000000000e-01
1.489257812500000000e-01
1.586914062500000000e-01
1.513671875000000000e-01
1.586914062500000000e-01
1.367187500000000000e-01
1.171875000000000000e-01
1.416015625000000000e-01
1.293945312500000000e-01
1.269531250000000000e-01
1.391601562500000000e-01
1.538085937500000000e-01
1.611328125000000000e-01
1.440429687500000000e-01
1.391601562500000000e-01
1.293945312500000000e-01
1.245117187500000000e-01
1.293945312500000000e-01
1.269531250000000000e-01
1.391601562500000000e-01
1.416015625000000000e-01
1.489257812500000000e-01
1.416015625000000000e-01
1.367187500000000000e-01
1.342773437500000000e-01
1.440429687500000000e-01
1.391601562500000000e-01
1.391601562500000000e-01
1.342773437500000000e-01
1.489257812500000000e-01
1.464843750000000000e-01
1.391601562500000000e-01
1.391601562500000000e-01
1.464843750000000000e-01
1.513671875000000000e-01
1.391601562500000000e-01
1.391601562500000000e-01
1.391601562500000000e-01
1.489257812500000000e-01
1.367187500000000000e-01
1.245117187500000000e-01
1.171875000000000000e-01
1.367187500000000000e-01
1.245117187500000000e-01
1.245117187500000000e-01
1.342773437500000000e-01
1.367187500000000000e-01
1.342773437500000000e-01
1.293945312500000000e-01
1.513671875000000000e-01
1.489257812500000000e-01
1.440429687500000000e-01
1.416015625000000000e-01
1.440429687500000000e-01
1.464843750000000000e-01
1.342773437500000000e-01
1.318359375000000000e-01
1.513671875000000000e-01
1.440429687500000000e-01
1.367187500000000000e-01
1.318359375000000000e-01
1.220703125000000000e-01
1.391601562500000000e-01
1.440429687500000000e-01
1.464843750000000000e-01
1.464843750000000000e-01
1.391601562500000000e-01
1.391601562500000000e-01
1.464843750000000000e-01
1.416015625000000000e-01
1.367187500000000000e-01
1.440429687500000000e-01
1.440429687500000000e-01
1.367187500000000000e-01
1.367187500000000000e-01
1.416015625000000000e-01
1.489257812500000000e-01
1.342773437500000000e-01
1.367187500000000000e-01
1.416015625000000000e-01
1.464843750000000000e-01
1.391601562500000000e-01
1.367187500000000000e-01
1.416015625000000000e-01
1.464843750000000000e-01
1.416015625000000000e-01
1.293945312500000000e-01
1.220703125000000000e-01
1.367187500000000000e-01
1.464843750000000000e-01
1.318359375000000000e-01
1.391601562500000000e-01
1.269531250000000000e-01
1.245117187500000000e-01
1.293945312500000000e-01
1.293945312500000000e-01
1.367187500000000000e-01
1.269531250000000000e-01
1.220703125000000000e-01
1.367187500000000000e-01
1.318359375000000000e-01
1.489257812500000000e-01
1.440429687500000000e-01
1.391601562500000000e-01
1.391601562500000000e-01
1.171875000000000000e-01
1.171875000000000000e-01
1.342773437500000000e-01
1.293945312500000000e-01
1.391601562500000000e-01
1.391601562500000000e-01
1.367187500000000000e-01
1.342773437500000000e-01
1.342773437500000000e-01
1.342773437500000000e-01
1.391601562500000000e-01
1.342773437500000000e-01
1.440429687500000000e-01
1.293945312500000000e-01
1.391601562500000000e-01
1.318359375000000000e-01
1.220703125000000000e-01
1.367187500000000000e-01
1.196289062500000000e-01
1.245117187500000000e-01
1.391601562500000000e-01
1.538085937500000000e-01
1.416015625000000000e-01
1.293945312500000000e-01
1.464843750000000000e-01
1.562500000000000000e-01
1.342773437500000000e-01
1.220703125000000000e-01
1.074218750000000000e-01
1.196289062500000000e-01
1.318359375000000000e-01
1.440429687500000000e-01
1.416015625000000000e-01
1.513671875000000000e-01
1.538085937500000000e-01
1.416015625000000000e-01
1.269531250000000000e-01
1.245117187500000000e-01
1.367187500000000000e-01
1.367187500000000000e-01
1.464843750000000000e-01
1.538085937500000000e-01
1.538085937500000000e-01
1.440429687500000000e-01
1.367187500000000000e-01
1.440429687500000000e-01
1.342773437500000000e-01
1.416015625000000000e-01
1.367187500000000000e-01
1.342773437500000000e-01
1.342773437500000000e-01
1.171875000000000000e-01
1.269531250000000000e-01
1.342773437500000000e-01
1.318359375000000000e-01
1.391601562500000000e-01
1.293945312500000000e-01
1.367187500000000000e-01
1.440429687500000000e-01
1.464843750000000000e-01
1.367187500000000000e-01
1.416015625000000000e-01
1.538085937500000000e-01
1.464843750000000000e-01
1.293945312500000000e-01
1.342773437500000000e-01
1.416015625000000000e-01
1.416015625000000000e-01
1.196289062500000000e-01
1.245117187500000000e-01
1.391601562500000000e-01
1.293945312500000000e-01
1.318359375000000000e-01
1.464843750000000000e-01
1.538085937500000000e-01
1.586914062500000000e-01
1.440429687500000000e-01
1.342773437500000000e-01
1.269531250000000000e-01
1.293945312500000000e-01
1.440429687500000000e-01
1.513671875000000000e-01
1.513671875000000000e-01
1.342773437500000000e-01
1.416015625000000000e-01
1.269531250000000000e-01
1.293945312500000000e-01
1.416015625000000000e-01
1.464843750000000000e-01
1.367187500000000000e-01
1.318359375000000000e-01
1.489257812500000000e-01
1.391601562500000000e-01
1.391601562500000000e-01
1.513671875000000000e-01
1.416015625000000000e-01
1.562500000000000000e-01
1.416015625000000000e-01
1.391601562500000000e-01
1.440429687500000000e-01
1.538085937500000000e-01
1.538085937500000000e-01
1.391601562500000000e-01
1.220703125000000000e-01
1.220703125000000000e-01
1.416015625000000000e-01
1.464843750000000000e-01
1.367187500000000000e-01
1.269531250000000000e-01
1.391601562500000000e-01
1.318359375000000000e-01
1.318359375000000000e-01
1.342773437500000000e-01
1.440429687500000000e-01
1.367187500000000000e-01
1.464843750000000000e-01
1.416015625000000000e-01
1.660156250000000000e-01
1.562500000000000000e-01
1.513671875000000000e-01
1.367187500000000000e-01
1.440429687500000000e-01
1.464843750000000000e-01
1.489257812500000000e-01
1.318359375000000000e-01
1.342773437500000000e-01
1.538085937500000000e-01
1.464843750000000000e-01
1.367187500000000000e-01
1.562500000000000000e-01
1.416015625000000000e-01
1.440429687500000000e-01
1.464843750000000000e-01
1.416015625000000000e-01
1.489257812500000000e-01
1.538085937500000000e-01
1.464843750000000000e-01
1.367187500000000000e-01
1.318359375000000000e-01
1.367187500000000000e-01
1.416015625000000000e-01
1.562500000000000000e-01
1.464843750000000000e-01
1.245117187500000000e-01
1.196289062500000000e-01
1.416015625000000000e-01
1.440429687500000000e-01
1.416015625000000000e-01
1.367187500000000000e-01
1.367187500000000000e-01
1.489257812500000000e-01
1.367187500000000000e-01
1.293945312500000000e-01
1.416015625000000000e-01
1.367187500000000000e-01
1.416015625000000000e-01
1.489257812500000000e-01
1.489257812500000000e-01
1.416015625000000000e-01
1.245117187500000000e-01
1.416015625000000000e-01
1.464843750000000000e-01
1.318359375000000000e-01
1.342773437500000000e-01
1.635742187500000000e-01
1.513671875000000000e-01
1.318359375000000000e-01
1.367187500000000000e-01
1.440429687500000000e-01
1.586914062500000000e-01
1.538085937500000000e-01
