1.440429687500000000e-01
1.440429687500000000e-01
1.464843750000000000e-01
1.440429687500000000e-01
1.416015625000000000e-01
1.440429687500000000e-01
1.538085937500000000e-01
1.464843750000000000e-01
1.489257812500000000e-01
1.416015625000000000e-01
1.440429687500000000e-01
1.367187500000000000e-01
1.440429687500000000e-01
1.440429687500000000e-01
1.440429687500000000e-01
1.367187500000000000e-01
1.440429687500000000e-01
1.391601562500000000e-01
1.416015625000000000e-01
1.416015625000000000e-01
1.538085937500000000e-01
1.416015625000000000e-01
1.464843750000000000e-01
1.391601562500000000e-01
1.464843750000000000e-01
1.464843750000000000e-01
1.440429687500000000e-01
1.416015625000000000e-01
1.416015625000000000e-01
1.440429687500000000e-01
1.391601562500000000e-01
1.440429687500000000e-01
1.440429687500000000e-01
1.489257812500000000e-01
1.489257812500000000e-01
1.440429687500000000e-01
1.440429687500000000e-01
1.440429687500000000e-01
1.464843750000000000e-01
1.440429687500000000e-01
1.489257812500000000e-01
1.416015625000000000e-01
1.416015625000000000e-01
1.440429687500000000e-01
1.440429687500000000e-01
1.416015625000000000e-01
1.416015625000000000e-01
1.391601562500000000e-01
1.538085937500000000e-01
1.416015625000000000e-01
1.464843750000000000e-01
1.464843750000000000e-01
1.416015625000000000e-01
1.416015625000000000e-01
1.489257812500000000e-01
1.391601562500000000e-01
1.464843750000000000e-01
1.464843750000000000e-01
1.416015625000000000e-01
1.440429687500000000e-01
1.416015625000000000e-01
1.440429687500000000e-01
1.416015625000000000e-01
1.416015625000000000e-01
1.416015625000000000e-01
1.416015625000000000e-01
1.391601562500000000e-01
1.440429687500000000e-01
1.416015625000000000e-01
1.416015625000000000e-01
1.342773437500000000e-01
1.440429687500000000e-01
1.440429687500000000e-01
1.391601562500000000e-01
1.367187500000000000e-01
1.538085937500000000e-01
1.416015625000000000e-01
1.464843750000000000e-01
1.416015625000000000e-01
1.489257812500000000e-01
1.440429687500000000e-01
1.416015625000000000e-01
1.489257812500000000e-01
1.416015625000000000e-01
1.464843750000000000e-01
1.416015625000000000e-01
1.440429687500000000e-01
1.367187500000000000e-01
1.416015625000000000e-01
1.367187500000000000e-01
1.391601562500000000e-01
1.440429687500000000e-01
1.391601562500000000e-01
1.391601562500000000e-01
1.416015625000000000e-01
1.464843750000000000e-01
1.416015625000000000e-01
1.416015625000000000e-01
1.489257812500000000e-01
1.464843750000000000e-01
1.416015625000000000e-01
1.391601562500000000e-01
1.440429687500000000e-01
1.489257812500000000e-01
1.440429687500000000e-01
1.367187500000000000e-01
1.464843750000000000e-01
1.464843750000000000e-01
1.464843750000000000e-01
1.416015625000000000e-01
1.489257812500000000e-01
1.342773437500000000e-01
1.391601562500000000e-01
1.416015625000000000e-01
1.440429687500000000e-01
1.391601562500000000e-01
1.367187500000000000e-01
1.489257812500000000e-01
1.440429687500000000e-01
1.440429687500000000e-01
1.489257812500000000e-01
1.464843750000000000e-01
1.464843750000000000e-01
1.416015625000000000e-01
1.464843750000000000e-01
1.464843750000000000e-01
1.513671875000000000e-01
1.440429687500000000e-01
1.391601562500000000e-01
1.440429687500000000e-01
1.440429687500000000e-01
1.464843750000000000e-01
1.440429687500000000e-01
1.489257812500000000e-01
1.440429687500000000e-01
1.367187500000000000e-01
1.416015625000000000e-01
1.416015625000000000e-01
1.391601562500000000e-01
1.464843750000000000e-01
1.293945312500000000e-01
1.440429687500000000e-01
1.464843750000000000e-01
1.464843750000000000e-01
1.391601562500000000e-01
1.464843750000000000e-01
1.391601562500000000e-01
1.416015625000000000e-01
1.440429687500000000e-01
1.464843750000000000e-01
1.464843750000000000e-01
1.440429687500000000e-01
1.440429687500000000e-01
1.416015625000000000e-01
1.513671875000000000e-01
1.416015625000000000e-01
1.391601562500000000e-01
1.416015625000000000e-01
1.464843750000000000e-01
1.391601562500000000e-01
1.367187500000000000e-01
1.367187500000000000e-01
1.489257812500000000e-01
1.416015625000000000e-01
1.489257812500000000e-01
1.464843750000000000e-01
1.367187500000000000e-01
1.391601562500000000e-01
1.416015625000000000e-01
1.391601562500000000e-01
1.464843750000000000e-01
1.342773437500000000e-01
1.367187500000000000e-01
1.367187500000000000e-01
1.391601562500000000e-01
1.342773437500000000e-01
1.318359375000000000e-01
1.391601562500000000e-01
1.318359375000000000e-01
1.367187500000000000e-01
1.391601562500000000e-01
1.391601562500000000e-01
1.416015625000000000e-01
1.416015625000000000e-01
1.367187500000000000e-01
1.416015625000000000e-01
1.416015625000000000e-01
1.293945312500000000e-01
1.464843750000000000e-01
1.342773437500000000e-01
1.367187500000000000e-01
1.367187500000000000e-01
1.342773437500000000e-01
1.367187500000000000e-01
1.440429687500000000e-01
1.391601562500000000e-01
1.391601562500000000e-01
1.391601562500000000e-01
1.367187500000000000e-01
1.391601562500000000e-01
1.367187500000000000e-01
1.367187500000000000e-01
1.416015625000000000e-01
1.367187500000000000e-01
1.342773437500000000e-01
1.416015625000000000e-01
1.440429687500000000e-01
1.367187500000000000e-01
1.367187500000000000e-01
1.342773437500000000e-01
1.391601562500000000e-01
1.416015625000000000e-01
1.318359375000000000e-01
1.367187500000000000e-01
1.440429687500000000e-01
1.391601562500000000e-01
1.391601562500000000e-01
1.391601562500000000e-01
1.416015625000000000e-01
1.416015625000000000e-01
1.416015625000000000e-01
1.464843750000000000e-01
1.416015625000000000e-01
1.489257812500000000e-01
1.342773437500000000e-01
1.416015625000000000e-01
1.367187500000000000e-01
1.440429687500000000e-01
1.440429687500000000e-01
1.464843750000000000e-01
1.367187500000000000e-01
1.440429687500000000e-01
1.367187500000000000e-01
1.464843750000000000e-01
1.489257812500000000e-01
1.367187500000000000e-01
1.489257812500000000e-01
1.391601562500000000e-01
1.416015625000000000e-01
1.391601562500000000e-01
1.416015625000000000e-01
1.489257812500000000e-01
1.318359375000000000e-01
1.391601562500000000e-01
1.440429687500000000e-01
1.391601562500000000e-01
1.416015625000000000e-01
1.416015625000000000e-01
1.269531250000000000e-01
1.391601562500000000e-01
1.416015625000000000e-01
1.391601562500000000e-01
1.245117187500000000e-01
1.367187500000000000e-01
1.342773437500000000e-01
1.367187500000000000e-01
1.342773437500000000e-01
1.391601562500000000e-01
1.342773437500000000e-01
1.367187500000000000e-01
1.318359375000000000e-01
1.391601562500000000e-01
1.416015625000000000e-01
1.342773437500000000e-01
1.342773437500000000e-01
1.391601562500000000e-01
1.489257812500000000e-01
1.342773437500000000e-01
1.367187500000000000e-01
1.416015625000000000e-01
1.464843750000000000e-01
1.416015625000000000e-01
1.440429687500000000e-01
1.342773437500000000e-01
1.440429687500000000e-01
1.342773437500000000e-01
1.416015625000000000e-01
1.416015625000000000e-01
1.391601562500000000e-01
1.416015625000000000e-01
1.489257812500000000e-01
1.391601562500000000e-01
1.464843750000000000e-01
1.391601562500000000e-01
1.367187500000000000e-01
1.367187500000000000e-01
1.489257812500000000e-01
1.391601562500000000e-01
1.416015625000000000e-01
1.440429687500000000e-01
1.464843750000000000e-01
1.367187500000000000e-01
1.342773437500000000e-01
1.464843750000000000e-01
1.440429687500000000e-01
1.440429687500000000e-01
1.367187500000000000e-01
1.416015625000000000e-01
1.513671875000000000e-01
1.367187500000000000e-01
1.416015625000000000e-01
1.391601562500000000e-01
1.440429687500000000e-01
1.464843750000000000e-01
1.464843750000000000e-01
1.489257812500000000e-01
1.416015625000000000e-01
1.416015625000000000e-01
1.489257812500000000e-01
1.489257812500000000e-01
1.440429687500000000e-01
1.440429687500000000e-01
1.416015625000000000e-01
1.391601562500000000e-01
1.489257812500000000e-01
1.440429687500000000e-01
1.367187500000000000e-01
1.391601562500000000e-01
1.489257812500000000e-01
1.440429687500000000e-01
1.562500000000000000e-01
1.489257812500000000e-01
1.464843750000000000e-01
1.440429687500000000e-01
1.416015625000000000e-01
1.391601562500000000e-01
1.416015625000000000e-01
1.538085937500000000e-01
1.440429687500000000e-01
1.391601562500000000e-01
1.416015625000000000e-01
1.464843750000000000e-01
1.416015625000000000e-01
1.489257812500000000e-01
1.391601562500000000e-01
1.464843750000000000e-01
1.416015625000000000e-01
1.440429687500000000e-01
1.489257812500000000e-01
1.440429687500000000e-01
1.416015625000000000e-01
1.416015625000000000e-01
1.391601562500000000e-01
1.416015625000000000e-01
1.489257812500000000e-01
1.440429687500000000e-01
1.440429687500000000e-01
1.440429687500000000e-01
1.440429687500000000e-01
1.440429687500000000e-01
1.489257812500000000e-01
1.367187500000000000e-01
1.440429687500000000e-01
1.440429687500000000e-01
1.440429687500000000e-01
1.416015625000000000e-01
1.489257812500000000e-01
1.367187500000000000e-01
1.489257812500000000e-01
1.489257812500000000e-01
1.367187500000000000e-01
1.416015625000000000e-01
1.464843750000000000e-01
1.464843750000000000e-01
1.489257812500000000e-01
1.367187500000000000e-01
1.391601562500000000e-01
1.464843750000000000e-01
1.367187500000000000e-01
1.489257812500000000e-01
1.513671875000000000e-01
1.489257812500000000e-01
1.391601562500000000e-01
1.440429687500000000e-01
1.489257812500000000e-01
1.489257812500000000e-01
1.489257812500000000e-01
1.489257812500000000e-01
1.464843750000000000e-01
1.318359375000000000e-01
1.440429687500000000e-01
1.464843750000000000e-01
1.464843750000000000e-01
1.464843750000000000e-01
1.513671875000000000e-01
1.416015625000000000e-01
1.464843750000000000e-01
1.391601562500000000e-01
1.391601562500000000e-01
1.464843750000000000e-01
1.440429687500000000e-01
1.440429687500000000e-01
1.367187500000000000e-01
1.440429687500000000e-01
1.489257812500000000e-01
1.489257812500000000e-01
1.391601562500000000e-01
1.440429687500000000e-01
1.464843750000000000e-01
1.440429687500000000e-01
1.416015625000000000e-01
1.367187500000000000e-01
1.464843750000000000e-01
1.440429687500000000e-01
1.391601562500000000e-01
1.440429687500000000e-01
1.440429687500000000e-01
1.489257812500000000e-01
1.416015625000000000e-01
1.416015625000000000e-01
1.416015625000000000e-01
1.416015625000000000e-01
1.440429687500000000e-01
1.416015625000000000e-01
1.391601562500000000e-01
1.464843750000000000e-01
1.367187500000000000e-01
1.416015625000000000e-01
1.391601562500000000e-01
1.440429687500000000e-01
1.416015625000000000e-01
1.416015625000000000e-01
1.416015625000000000e-01
1.391601562500000000e-01
1.416015625000000000e-01
1.464843750000000000e-01
1.416015625000000000e-01
1.367187500000000000e-01
1.367187500000000000e-01
1.464843750000000000e-01
1.391601562500000000e-01
1.416015625000000000e-01
1.440429687500000000e-01
1.318359375000000000e-01
1.391601562500000000e-01
1.391601562500000000e-01
1.416015625000000000e-01
1.464843750000000000e-01
1.367187500000000000e-01
1.440429687500000000e-01
1.416015625000000000e-01
1.513671875000000000e-01
1.391601562500000000e-01
1.513671875000000000e-01
1.391601562500000000e-01
1.464843750000000000e-01
1.464843750000000000e-01
1.416015625000000000e-01
1.342773437500000000e-01
1.367187500000000000e-01
1.416015625000000000e-01
1.391601562500000000e-01
1.440429687500000000e-01
1.391601562500000000e-01
1.342773437500000000e-01
1.367187500000000000e-01
1.416015625000000000e-01
1.416015625000000000e-01
1.489257812500000000e-01
1.342773437500000000e-01
1.464843750000000000e-01
1.416015625000000000e-01
1.464843750000000000e-01
1.416015625000000000e-01
1.440429687500000000e-01
1.464843750000000000e-01
1.489257812500000000e-01
1.440429687500000000e-01
1.367187500000000000e-01
1.440429687500000000e-01
1.391601562500000000e-01
1.440429687500000000e-01
1.416015625000000000e-01
1.367187500000000000e-01
1.391601562500000000e-01
1.464843750000000000e-01
1.342773437500000000e-01
1.416015625000000000e-01
1.440429687500000000e-01
1.416015625000000000e-01
1.391601562500000000e-01
1.416015625000000000e-01
1.513671875000000000e-01
1.416015625000000000e-01
1.440429687500000000e-01
1.367187500000000000e-01
1.440429687500000000e-01
1.489257812500000000e-01
1.489257812500000000e-01
1.440429687500000000e-01
1.489257812500000000e-01
1.489257812500000000e-01
1.440429687500000000e-01
1.440429687500000000e-01
1.391601562500000000e-01
1.464843750000000000e-01
1.367187500000000000e-01
1.440429687500000000e-01
1.391601562500000000e-01
1.464843750000000000e-01
1.440429687500000000e-01
1.391601562500000000e-01
1.416015625000000000e-01
1.464843750000000000e-01
1.416015625000000000e-01
1.342773437500000000e-01
1.440429687500000000e-01
1.416015625000000000e-01
1.440429687500000000e-01
1.489257812500000000e-01
1.391601562500000000e-01
1.440429687500000000e-01
1.440429687500000000e-01
1.464843750000000000e-01
1.342773437500000000e-01
1.440429687500000000e-01
1.367187500000000000e-01
1.464843750000000000e-01
1.464843750000000000e-01
1.440429687500000000e-01
1.489257812500000000e-01
1.416015625000000000e-01
1.440429687500000000e-01
1.416015625000000000e-01
1.464843750000000000e-01
1.440429687500000000e-01
1.416015625000000000e-01
1.416015625000000000e-01
1.416015625000000000e-01
1.391601562500000000e-01
1.391601562500000000e-01
1.464843750000000000e-01
1.416015625000000000e-01
1.440429687500000000e-01
1.367187500000000000e-01
1.391601562500000000e-01
1.391601562500000000e-01
1.416015625000000000e-01
1.391601562500000000e-01
1.440429687500000000e-01
1.367187500000000000e-01
1.416015625000000000e-01
1.391601562500000000e-01
1.367187500000000000e-01
1.367187500000000000e-01
1.416015625000000000e-01
1.391601562500000000e-01
1.391601562500000000e-01
1.391601562500000000e-01
1.391601562500000000e-01
1.391601562500000000e-01
1.391601562500000000e-01
1.391601562500000000e-01
1.367187500000000000e-01
1.416015625000000000e-01
1.293945312500000000e-01
1.342773437500000000e-01
1.391601562500000000e-01
1.416015625000000000e-01
1.464843750000000000e-01
1.391601562500000000e-01
1.416015625000000000e-01
1.416015625000000000e-01
1.293945312500000000e-01
1.367187500000000000e-01
1.342773437500000000e-01
1.391601562500000000e-01
1.293945312500000000e-01
1.318359375000000000e-01
1.367187500000000000e-01
1.391601562500000000e-01
1.318359375000000000e-01
1.367187500000000000e-01
1.342773437500000000e-01
1.318359375000000000e-01
1.440429687500000000e-01
1.391601562500000000e-01
1.391601562500000000e-01
1.342773437500000000e-01
1.416015625000000000e-01
1.416015625000000000e-01
1.342773437500000000e-01
1.367187500000000000e-01
1.342773437500000000e-01
1.367187500000000000e-01
1.416015625000000000e-01
1.416015625000000000e-01
1.440429687500000000e-01
1.416015625000000000e-01
1.391601562500000000e-01
1.391601562500000000e-01
1.440429687500000000e-01
1.342773437500000000e-01
1.440429687500000000e-01
1.440429687500000000e-01
1.367187500000000000e-01
1.342773437500000000e-01
1.367187500000000000e-01
1.342773437500000000e-01
1.367187500000000000e-01
1.342773437500000000e-01
1.440429687500000000e-01
1.416015625000000000e-01
1.416015625000000000e-01
1.391601562500000000e-01
1.391601562500000000e-01
1.342773437500000000e-01
1.586914062500000000e-01
1.391601562500000000e-01
7.568359375000000000e-02
4.394531250000000000e-02
1.635742187500000000e-01
3.027343750000000000e-01
2.221679687500000000e-01
1.464843750000000000e-02
2.929687500000000000e-02
1.782226562500000000e-01
1.953125000000000000e-01
1.391601562500000000e-01
1.220703125000000000e-01
1.293945312500000000e-01
1.147460937500000000e-01
1.391601562500000000e-01
1.635742187500000000e-01
1.440429687500000000e-01
1.220703125000000000e-01
1.342773437500000000e-01
1.293945312500000000e-01
1.269531250000000000e-01
1.440429687500000000e-01
1.733398437500000000e-01
1.708984375000000000e-01
1.757812500000000000e-01
1.440429687500000000e-01
5.371093750000000000e-02
5.126953125000000000e-02
1.416015625000000000e-01
1.831054687500000000e-01
4.565429687500000000e-01
3.515625000000000000e-01
-5.859375000000000000e-01
-3.417968750000000000e-01
6.787109375000000000e-01
7.031250000000000000e-01
-2.758789062500000000e-01
-4.907226562500000000e-01
6.323242187500000000e-01
5.224609375000000000e-01
-5.029296875000000000e-01
9.033203125000000000e-02
5.493164062500000000e-01
-2.221679687500000000e-01
-4.882812500000000000e-02
5.761718750000000000e-01
1.782226562500000000e-01
-2.124023437500000000e-01
2.954101562500000000e-01
4.711914062500000000e-01
-6.347656250000000000e-02
-2.880859375000000000e-01
1.220703125000000000e-01
3.588867187500000000e-01
2.465820312500000000e-01
1.025390625000000000e-01
5.126953125000000000e-02
3.662109375000000000e-02
1.586914062500000000e-01
2.832031250000000000e-01
2.319335937500000000e-01
9.765625000000000000e-02
6.103515625000000000e-02
1.342773437500000000e-01
1.977539062500000000e-01
1.684570312500000000e-01
7.080078125000000000e-02
5.126953125000000000e-02
1.513671875000000000e-01
2.001953125000000000e-01
1.489257812500000000e-01
7.812500000000000000e-02
1.220703125000000000e-01
1.757812500000000000e-01
1.757812500000000000e-01
1.293945312500000000e-01
1.196289062500000000e-01
1.318359375000000000e-01
1.440429687500000000e-01
1.342773437500000000e-01
1.538085937500000000e-01
1.660156250000000000e-01
1.513671875000000000e-01
1.245117187500000000e-01
1.367187500000000000e-01
1.586914062500000000e-01
1.367187500000000000e-01
1.147460937500000000e-01
1.220703125000000000e-01
1.440429687500000000e-01
1.586914062500000000e-01
1.708984375000000000e-01
1.660156250000000000e-01
1.318359375000000000e-01
1.196289062500000000e-01
1.367187500000000000e-01
1.562500000000000000e-01
1.391601562500000000e-01
1.293945312500000000e-01
1.440429687500000000e-01
1.513671875000000000e-01
1.586914062500000000e-01
1.440429687500000000e-01
1.318359375000000000e-01
1.269531250000000000e-01
1.367187500000000000e-01
1.440429687500000000e-01
1.367187500000000000e-01
1.416015625000000000e-01
1.440429687500000000e-01
1.562500000000000000e-01
1.464843750000000000e-01
1.464843750000000000e-01
1.538085937500000000e-01
1.464843750000000000e-01
1.440429687500000000e-01
1.391601562500000000e-01
1.464843750000000000e-01
1.342773437500000000e-01
1.611328125000000000e-01
1.586914062500000000e-01
1.464843750000000000e-01
1.293945312500000000e-01
1.489257812500000000e-01
1.464843750000000000e-01
1.489257812500000000e-01
1.489257812500000000e-01
1.538085937500000000e-01
1.513671875000000000e-01
1.464843750000000000e-01
1.513671875000000000e-01
1.464843750000000000e-01
1.513671875000000000e-01
1.342773437500000000e-01
1.416015625000000000e-01
1.391601562500000000e-01
1.440429687500000000e-01
1.391601562500000000e-01
1.391601562500000000e-01
1.440429687500000000e-01
1.513671875000000000e-01
1.513671875000000000e-01
1.464843750000000000e-01
1.489257812500000000e-01
1.440429687500000000e-01
1.513671875000000000e-01
1.635742187500000000e-01
1.538085937500000000e-01
1.464843750000000000e-01
1.440429687500000000e-01
1.464843750000000000e-01
1.538085937500000000e-01
1.440429687500000000e-01
1.440429687500000000e-01
1.562500000000000000e-01
1.464843750000000000e-01
1.440429687500000000e-01
1.586914062500000000e-01
1.562500000000000000e-01
1.513671875000000000e-01
1.367187500000000000e-01
1.416015625000000000e-01
1.464843750000000000e-01
1.562500000000000000e-01
1.562500000000000000e-01
1.391601562500000000e-01
1.440429687500000000e-01
1.538085937500000000e-01
1.513671875000000000e-01
1.489257812500000000e-01
1.440429687500000000e-01
1.416015625000000000e-01
1.464843750000000000e-01
1.538085937500000000e-01
1.416015625000000000e-01
1.440429687500000000e-01
1.416015625000000000e-01
1.538085937500000000e-01
1.440429687500000000e-01
1.391601562500000000e-01
1.489257812500000000e-01
1.440429687500000000e-01
1.538085937500000000e-01
1.538085937500000000e-01
1.464843750000000000e-01
1.440429687500000000e-01
1.367187500000000000e-01
1.416015625000000000e-01
1.440429687500000000e-01
1.367187500000000000e-01
1.440429687500000000e-01
1.464843750000000000e-01
1.464843750000000000e-01
1.416015625000000000e-01
1.245117187500000000e-01
1.513671875000000000e-01
1.538085937500000000e-01
1.464843750000000000e-01
1.416015625000000000e-01
1.464843750000000000e-01
1.416015625000000000e-01
1.489257812500000000e-01
1.464843750000000000e-01
1.464843750000000000e-01
1.489257812500000000e-01
1.538085937500000000e-01
1.513671875000000000e-01
1.416015625000000000e-01
1.416015625000000000e-01
1.464843750000000000e-01
1.342773437500000000e-01
1.416015625000000000e-01
1.513671875000000000e-01
1.367187500000000000e-01
1.342773437500000000e-01
1.416015625000000000e-01
1.318359375000000000e-01
1.513671875000000000e-01
1.513671875000000000e-01
1.440429687500000000e-01
1.416015625000000000e-01
1.489257812500000000e-01
1.416015625000000000e-01
1.391601562500000000e-01
1.318359375000000000e-01
1.391601562500000000e-01
1.538085937500000000e-01
1.440429687500000000e-01
1.513671875000000000e-01
1.538085937500000000e-01
1.538085937500000000e-01
1.513671875000000000e-01
1.391601562500000000e-01
1.391601562500000000e-01
1.440429687500000000e-01
1.538085937500000000e-01
1.489257812500000000e-01
1.489257812500000000e-01
1.416015625000000000e-01
1.489257812500000000e-01
1.586914062500000000e-01
1.440429687500000000e-01
1.416015625000000000e-01
1.416015625000000000e-01
1.464843750000000000e-01
1.440429687500000000e-01
1.416015625000000000e-01
1.464843750000000000e-01
1.367187500000000000e-01
1.293945312500000000e-01
1.391601562500000000e-01
1.489257812500000000e-01
1.513671875000000000e-01
1.440429687500000000e-01
1.538085937500000000e-01
1.538085937500000000e-01
1.391601562500000000e-01
1.342773437500000000e-01
1.416015625000000000e-01
1.416015625000000000e-01
1.440429687500000000e-01
1.391601562500000000e-01
1.391601562500000000e-01
1.318359375000000000e-01
1.293945312500000000e-01
1.440429687500000000e-01
1.440429687500000000e-01
1.440429687500000000e-01
1.391601562500000000e-01
1.464843750000000000e-01
1.489257812500000000e-01
1.464843750000000000e-01
1.220703125000000000e-01
1.269531250000000000e-01
1.464843750000000000e-01
1.464843750000000000e-01
1.416015625000000000e-01
1.416015625000000000e-01
1.464843750000000000e-01
1.464843750000000000e-01
1.464843750000000000e-01
1.416015625000000000e-01
1.293945312500000000e-01
1.367187500000000000e-01
1.342773437500000000e-01
1.367187500000000000e-01
1.171875000000000000e-01
1.318359375000000000e-01
1.342773437500000000e-01
1.342773437500000000e-01
1.538085937500000000e-01
1.586914062500000000e-01
1.489257812500000000e-01
1.342773437500000000e-01
1.318359375000000000e-01
1.440429687500000000e-01
1.416015625000000000e-01
1.342773437500000000e-01
1.464843750000000000e-01
1.391601562500000000e-01
1.416015625000000000e-01
1.440429687500000000e-01
1.342773437500000000e-01
1.196289062500000000e-01
1.367187500000000000e-01
1.464843750000000000e-01
1.489257812500000000e-01
1.367187500000000000e-01
1.440429687500000000e-01
1.513671875000000000e-01
1.416015625000000000e-01
1.464843750000000000e-01
1.367187500000000000e-01
1.318359375000000000e-01
1.269531250000000000e-01
1.440429687500000000e-01
1.440429687500000000e-01
1.196289062500000000e-01
1.245117187500000000e-01
1.269531250000000000e-01
1.269531250000000000e-01
1.489257812500000000e-01
1.489257812500000000e-01
1.367187500000000000e-01
1.123046875000000000e-01
1.220703125000000000e-01
1.318359375000000000e-01
1.416015625000000000e-01
1.269531250000000000e-01
1.416015625000000000e-01
1.489257812500000000e-01
1.538085937500000000e-01
1.562500000000000000e-01
1.416015625000000000e-01
1.464843750000000000e-01
1.440429687500000000e-01
1.367187500000000000e-01
1.416015625000000000e-01
1.367187500000000000e-01
1.464843750000000000e-01
1.440429687500000000e-01
1.342773437500000000e-01
1.269531250000000000e-01
1.171875000000000000e-01
1.440429687500000000e-01
1.489257812500000000e-01
1.489257812500000000e-01
1.342773437500000000e-01
1.391601562500000000e-01
1.464843750000000000e-01
1.489257812500000000e-01
1.489257812500000000e-01
1.342773437500000000e-01
1.391601562500000000e-01
1.391601562500000000e-01
1.220703125000000000e-01
1.171875000000000000e-01
1.147460937500000000e-01
1.220703125000000000e-01
1.147460937500000000e-01
1.367187500000000000e-01
1.367187500000000000e-01
1.196289062500000000e-01
1.196289062500000000e-01
1.318359375000000000e-01
1.391601562500000000e-01
1.416015625000000000e-01
1.440429687500000000e-01
1.562500000000000000e-01
1.586914062500000000e-01
1.586914062500000000e-01
1.538085937500000000e-01
1.440429687500000000e-01
1.513671875000000000e-01
1.464843750000000000e-01
1.440429687500000000e-01
1.318359375000000000e-01
1.464843750000000000e-01
1.513671875000000000e-01
1.416015625000000000e-01
1.147460937500000000e-01
1.123046875000000000e-01
1.171875000000000000e-01
1.220703125000000000e-01
1.440429687500000000e-01
1.367187500000000000e-01
1.245117187500000000e-01
1.318359375000000000e-01
1.293945312500000000e-01
1.318359375000000000e-01
1.416015625000000000e-01
1.538085937500000000e-01
1.538085937500000000e-01
1.562500000000000000e-01
1.489257812500000000e-01
1.562500000000000000e-01
1.416015625000000000e-01
1.269531250000000000e-01
1.147460937500000000e-01
1.293945312500000000e-01
1.269531250000000000e-01
1.269531250000000000e-01
1.123046875000000000e-01
1.220703125000000000e-01
1.391601562500000000e-01
1.513671875000000000e-01
1.586914062500000000e-01
1.513671875000000000e-01
1.611328125000000000e-01
1.586914062500000000e-01
1.562500000000000000e-01
1.611328125000000000e-01
1.416015625000000000e-01
1.416015625000000000e-01
1.342773437500000000e-01
1.440429687500000000e-01
1.440429687500000000e-01
1.293945312500000000e-01
1.489257812500000000e-01
1.538085937500000000e-01
1.293945312500000000e-01
1.342773437500000000e-01
1.391601562500000000e-01
1.513671875000000000e-01
1.318359375000000000e-01
1.245117187500000000e-01
1.171875000000000000e-01
1.293945312500000000e-01
1.416015625000000000e-01
1.391601562500000000e-01
1.440429687500000000e-01
1.464843750000000000e-01
1.635742187500000000e-01
1.440429687500000000e-01
1.367187500000000000e-01
1.269531250000000000e-01
1.367187500000000000e-01
1.391601562500000000e-01
1.342773437500000000e-01
1.391601562500000000e-01
1.342773437500000000e-01
1.171875000000000000e-01
1.245117187500000000e-01
1.611328125000000000e-01
1.684570312500000000e-01
1.538085937500000000e-01
1.464843750000000000e-01
1.562500000000000000e-01
1.586914062500000000e-01
1.562500000000000000e-01
1.464843750000000000e-01
1.440429687500000000e-01
1.513671875000000000e-01
1.586914062500000000e-01
1.416015625000000000e-01
1.464843750000000000e-01
1.538085937500000000e-01
1.538085937500000000e-01
1.586914062500000000e-01
1.416015625000000000e-01
1.318359375000000000e-01
1.342773437500000000e-01
1.342773437500000000e-01
1.367187500000000000e-01
1.269531250000000000e-01
1.245117187500000000e-01
1.440429687500000000e-01
1.367187500000000000e-01
1.464843750000000000e-01
1.464843750000000000e-01
1.464843750000000000e-01
1.538085937500000000e-01
1.489257812500000000e-01
1.269531250000000000e-01
1.342773437500000000e-01
1.245117187500000000e-01
1.391601562500000000e-01
1.464843750000000000e-01
1.342773437500000000e-01
1.440429687500000000e-01
1.220703125000000000e-01
1.342773437500000000e-01
1.684570312500000000e-01
1.586914062500000000e-01
1.440429687500000000e-01
1.611328125000000000e-01
1.635742187500000000e-01
1.489257812500000000e-01
1.489257812500000000e-01
1.416015625000000000e-01
1.513671875000000000e-01
1.513671875000000000e-01
1.538085937500000000e-01
1.562500000000000000e-01
1.513671875000000000e-01
1.269531250000000000e-01
1.367187500000000000e-01
1.611328125000000000e-01
1.440429687500000000e-01
1.464843750000000000e-01
1.416015625000000000e-01
1.562500000000000000e-01
1.440429687500000000e-01
1.220703125000000000e-01
1.220703125000000000e-01
1.367187500000000000e-01
1.367187500000000000e-01
1.416015625000000000e-01
1.464843750000000000e-01
1.513671875000000000e-01
1.489257812500000000e-01
1.611328125000000000e-01
1.367187500000000000e-01
1.171875000000000000e-01
1.269531250000000000e-01
1.391601562500000000e-01
1.416015625000000000e-01
1.367187500000000000e-01
1.489257812500000000e-01
1.416015625000000000e-01
1.513671875000000000e-01
1.513671875000000000e-01
1.416015625000000000e-01
1.586914062500000000e-01
1.611328125000000000e-01
1.513671875000000000e-01
1.318359375000000000e-01
1.440429687500000000e-01
1.391601562500000000e-01
1.416015625000000000e-01
1.489257812500000000e-01
1.416015625000000000e-01
1.489257812500000000e-01
1.342773437500000000e-01
1.367187500000000000e-01
1.416015625000000000e-01
1.489257812500000000e-01
1.489257812500000000e-01
1.367187500000000000e-01
1.464843750000000000e-01
1.440429687500000000e-01
1.293945312500000000e-01
1.342773437500000000e-01
1.220703125000000000e-01
1.342773437500000000e-01
1.464843750000000000e-01
1.513671875000000000e-01
1.513671875000000000e-01
1.660156250000000000e-01
1.635742187500000000e-01
1.538085937500000000e-01
1.391601562500000000e-01
1.293945312500000000e-01
1.367187500000000000e-01
1.269531250000000000e-01
1.416015625000000000e-01
1.538085937500000000e-01
1.538085937500000000e-01
1.391601562500000000e-01
1.391601562500000000e-01
1.416015625000000000e-01
1.269531250000000000e-01
1.416015625000000000e-01
1.513671875000000000e-01
1.416015625000000000e-01
1.538085937500000000e-01
1.562500000000000000e-01
1.318359375000000000e-01
1.171875000000000000e-01
1.367187500000000000e-01
1.489257812500000000e-01
1.440429687500000000e-01
1.416015625000000000e-01
1.342773437500000000e-01
1.513671875000000000e-01
1.513671875000000000e-01
1.318359375000000000e-01
1.391601562500000000e-01
1.489257812500000000e-01
1.513671875000000000e-01
1.538085937500000000e-01
1.123046875000000000e-01
1.098632812500000000e-01
1.269531250000000000e-01
1.293945312500000000e-01
1.367187500000000000e-01
1.513671875000000000e-01
1.635742187500000000e-01
1.513671875000000000e-01
1.342773437500000000e-01
1.342773437500000000e-01
1.342773437500000000e-01
1.416015625000000000e-01
1.489257812500000000e-01
1.489257812500000000e-01
1.464843750000000000e-01
1.342773437500000000e-01
1.586914062500000000e-01
1.440429687500000000e-01
1.318359375000000000e-01
1.391601562500000000e-01
1.464843750000000000e-01
1.440429687500000000e-01
1.342773437500000000e-01
1.489257812500000000e-01
1.245117187500000000e-01
1.342773437500000000e-01
1.367187500000000000e-01
1.464843750000000000e-01
1.464843750000000000e-01
1.489257812500000000e-01
1.538085937500000000e-01
1.440429687500000000e-01
1.489257812500000000e-01
1.269531250000000000e-01
1.464843750000000000e-01
1.464843750000000000e-01
1.367187500000000000e-01
1.367187500000000000e-01
1.318359375000000000e-01
1.098632812500000000e-01
1.196289062500000000e-01
1.562500000000000000e-01
1.464843750000000000e-01
1.513671875000000000e-01
1.611328125000000000e-01
1.416015625000000000e-01
1.318359375000000000e-01
1.586914062500000000e-01
1.757812500000000000e-01
1.635742187500000000e-01
1.464843750000000000e-01
1.464843750000000000e-01
1.538085937500000000e-01
1.513671875000000000e-01
1.464843750000000000e-01
1.513671875000000000e-01
1.342773437500000000e-01
1.196289062500000000e-01
1.391601562500000000e-01
1.513671875000000000e-01
1.440429687500000000e-01
1.342773437500000000e-01
1.245117187500000000e-01
1.293945312500000000e-01
1.342773437500000000e-01
1.391601562500000000e-01
1.293945312500000000e-01
1.269531250000000000e-01
1.391601562500000000e-01
1.416015625000000000e-01
1.318359375000000000e-01
1.391601562500000000e-01
1.489257812500000000e-01
1.416015625000000000e-01
1.391601562500000000e-01
1.416015625000000000e-01
1.489257812500000000e-01
1.489257812500000000e-01
1.196289062500000000e-01
9.765625000000000000e-02
1.123046875000000000e-01
1.440429687500000000e-01
1.416015625000000000e-01
1.293945312500000000e-01
1.245117187500000000e-01
1.611328125000000000e-01
1.318359375000000000e-01
1.464843750000000000e-01
1.513671875000000000e-01
1.464843750000000000e-01
1.464843750000000000e-01
1.367187500000000000e-01
1.367187500000000000e-01
1.245117187500000000e-01
1.269531250000000000e-01
1.513671875000000000e-01
1.562500000000000000e-01
1.293945312500000000e-01
1.318359375000000000e-01
1.367187500000000000e-01
1.440429687500000000e-01
1.489257812500000000e-01
1.440429687500000000e-01
1.098632812500000000e-01
1.293945312500000000e-01
1.513671875000000000e-01
1.538085937500000000e-01
1.562500000000000000e-01
1.611328125000000000e-01
1.245117187500000000e-01
1.440429687500000000e-01
1.416015625000000000e-01
1.538085937500000000e-01
1.538085937500000000e-01
1.513671875000000000e-01
1.367187500000000000e-01
1.171875000000000000e-01
1.269531250000000000e-01
1.464843750000000000e-01
1.489257812500000000e-01
1.342773437500000000e-01
1.391601562500000000e-01
1.464843750000000000e-01
1.318359375000000000e-01
1.440429687500000000e-01
1.391601562500000000e-01
1.269531250000000000e-01
1.562500000000000000e-01
1.562500000000000000e-01
1.391601562500000000e-01
1.416015625000000000e-01
1.489257812500000000e-01
1.391601562500000000e-01
1.196289062500000000e-01
1.440429687500000000e-01
1.489257812500000000e-01
1.245117187500000000e-01
1.318359375000000000e-01
1.489257812500000000e-01
1.318359375000000000e-01
1.342773437500000000e-01
1.318359375000000000e-01
1.538085937500000000e-01
1.074218750000000000e-01
1.269531250000000000e-01
1.660156250000000000e-01
1.611328125000000000e-01
1.147460937500000000e-01
1.367187500000000000e-01
1.513671875000000000e-01
1.513671875000000000e-01
1.464843750000000000e-01
1.464843750000000000e-01
1.367187500000000000e-01
1.391601562500000000e-01
1.586914062500000000e-01
1.489257812500000000e-01
1.342773437500000000e-01
1.562500000000000000e-01
1.440429687500000000e-01
1.440429687500000000e-01
1.342773437500000000e-01
1.416015625000000000e-01
1.245117187500000000e-01
1.586914062500000000e-01
1.611328125000000000e-01
1.293945312500000000e-01
1.391601562500000000e-01
1.513671875000000000e-01
1.367187500000000000e-01
1.245117187500000000e-01
1.367187500000000000e-01
1.538085937500000000e-01
1.196289062500000000e-01
1.416015625000000000e-01
1.489257812500000000e-01
1.196289062500000000e-01
1.464843750000000000e-01
1.489257812500000000e-01
1.538085937500000000e-01
1.440429687500000000e-01
1.464843750000000000e-01
1.513671875000000000e-01
1.196289062500000000e-01
1.416015625000000000e-01
1.489257812500000000e-01
1.489257812500000000e-01
1.611328125000000000e-01
1.489257812500000000e-01
1.489257812500000000e-01
1.391601562500000000e-01
1.586914062500000000e-01
1.489257812500000000e-01
1.220703125000000000e-01
1.391601562500000000e-01
1.562500000000000000e-01
1.318359375000000000e-01
1.416015625000000000e-01
1.416015625000000000e-01
1.562500000000000000e-01
1.513671875000000000e-01
1.440429687500000000e-01
1.220703125000000000e-01
1.391601562500000000e-01
1.635742187500000000e-01
1.416015625000000000e-01
1.171875000000000000e-01
1.318359375000000000e-01
1.538085937500000000e-01
1.440429687500000000e-01
1.269531250000000000e-01
1.391601562500000000e-01
1.513671875000000000e-01
1.147460937500000000e-01
1.464843750000000000e-01
1.562500000000000000e-01
1.416015625000000000e-01
1.489257812500000000e-01
1.489257812500000000e-01
1.538085937500000000e-01
1.391601562500000000e-01
1.586914062500000000e-01
1.196289062500000000e-01
1.293945312500000000e-01
1.464843750000000000e-01
1.660156250000000000e-01
1.513671875000000000e-01
1.416015625000000000e-01
1.513671875000000000e-01
1.367187500000000000e-01
1.025390625000000000e-01
1.513671875000000000e-01
1.489257812500000000e-01
1.171875000000000000e-01
1.245117187500000000e-01
1.513671875000000000e-01
1.416015625000000000e-01
1.391601562500000000e-01
1.489257812500000000e-01
1.513671875000000000e-01
1.489257812500000000e-01
1.342773437500000000e-01
1.416015625000000000e-01
1.025390625000000000e-01
1.074218750000000000e-01
1.489257812500000000e-01
1.586914062500000000e-01
1.391601562500000000e-01
1.562500000000000000e-01
1.538085937500000000e-01
1.269531250000000000e-01
1.489257812500000000e-01
1.538085937500000000e-01
1.342773437500000000e-01
1.489257812500000000e-01
1.440429687500000000e-01
1.586914062500000000e-01
1.513671875000000000e-01
1.660156250000000000e-01
1.538085937500000000e-01
1.464843750000000000e-01
1.513671875000000000e-01
1.171875000000000000e-01
1.440429687500000000e-01
1.513671875000000000e-01
1.220703125000000000e-01
1.318359375000000000e-01
1.342773437500000000e-01
1.611328125000000000e-01
1.342773437500000000e-01
1.416015625000000000e-01
1.586914062500000000e-01
1.464843750000000000e-01
1.171875000000000000e-01
1.464843750000000000e-01
1.538085937500000000e-01
1.367187500000000000e-01
1.586914062500000000e-01
1.318359375000000000e-01
1.489257812500000000e-01
1.538085937500000000e-01
1.342773437500000000e-01
1.147460937500000000e-01
1.367187500000000000e-01
1.391601562500000000e-01
1.464843750000000000e-01
1.123046875000000000e-01
1.464843750000000000e-01
1.440429687500000000e-01
