1.391601562500000000e-01
1.342773437500000000e-01
1.416015625000000000e-01
1.440429687500000000e-01
1.440429687500000000e-01
1.391601562500000000e-01
1.367187500000000000e-01
1.367187500000000000e-01
1.391601562500000000e-01
1.391601562500000000e-01
1.440429687500000000e-01
1.318359375000000000e-01
1.391601562500000000e-01
1.391601562500000000e-01
1.367187500000000000e-01
1.416015625000000000e-01
1.367187500000000000e-01
1.293945312500000000e-01
1.367187500000000000e-01
1.391601562500000000e-01
1.318359375000000000e-01
1.391601562500000000e-01
1.342773437500000000e-01
1.342773437500000000e-01
1.342773437500000000e-01
1.318359375000000000e-01
1.391601562500000000e-01
1.440429687500000000e-01
1.440429687500000000e-01
1.342773437500000000e-01
1.391601562500000000e-01
1.318359375000000000e-01
1.342773437500000000e-01
1.342773437500000000e-01
1.293945312500000000e-01
1.342773437500000000e-01
1.318359375000000000e-01
1.391601562500000000e-01
1.367187500000000000e-01
1.367187500000000000e-01
1.391601562500000000e-01
1.293945312500000000e-01
1.367187500000000000e-01
1.342773437500000000e-01
1.416015625000000000e-01
1.293945312500000000e-01
1.391601562500000000e-01
1.342773437500000000e-01
1.342773437500000000e-01
1.391601562500000000e-01
1.342773437500000000e-01
1.342773437500000000e-01
1.440429687500000000e-01
1.318359375000000000e-01
1.342773437500000000e-01
1.391601562500000000e-01
1.391601562500000000e-01
1.367187500000000000e-01
1.391601562500000000e-01
1.342773437500000000e-01
1.391601562500000000e-01
1.269531250000000000e-01
1.318359375000000000e-01
1.367187500000000000e-01
1.367187500000000000e-01
1.367187500000000000e-01
1.318359375000000000e-01
1.342773437500000000e-01
1.367187500000000000e-01
1.342773437500000000e-01
1.391601562500000000e-01
1.367187500000000000e-01
1.342773437500000000e-01
1.416015625000000000e-01
1.367187500000000000e-01
1.342773437500000000e-01
1.293945312500000000e-01
1.367187500000000000e-01
1.416015625000000000e-01
1.416015625000000000e-01
1.464843750000000000e-01
1.367187500000000000e-01
1.416015625000000000e-01
1.440429687500000000e-01
1.367187500000000000e-01
1.318359375000000000e-01
1.391601562500000000e-01
1.440429687500000000e-01
1.342773437500000000e-01
1.342773437500000000e-01
1.464843750000000000e-01
1.367187500000000000e-01
1.367187500000000000e-01
1.416015625000000000e-01
1.416015625000000000e-01
1.342773437500000000e-01
1.416015625000000000e-01
1.367187500000000000e-01
1.391601562500000000e-01
1.391601562500000000e-01
1.391601562500000000e-01
1.367187500000000000e-01
1.440429687500000000e-01
1.391601562500000000e-01
1.318359375000000000e-01
1.342773437500000000e-01
1.367187500000000000e-01
1.342773437500000000e-01
1.367187500000000000e-01
1.342773437500000000e-01
1.293945312500000000e-01
1.416015625000000000e-01
1.342773437500000000e-01
1.342773437500000000e-01
1.318359375000000000e-01
1.342773437500000000e-01
1.342773437500000000e-01
1.391601562500000000e-01
1.318359375000000000e-01
1.416015625000000000e-01
1.367187500000000000e-01
1.440429687500000000e-01
1.367187500000000000e-01
1.391601562500000000e-01
1.293945312500000000e-01
1.342773437500000000e-01
1.416015625000000000e-01
1.440429687500000000e-01
1.440429687500000000e-01
1.416015625000000000e-01
1.416015625000000000e-01
1.440429687500000000e-01
1.391601562500000000e-01
1.391601562500000000e-01
1.391601562500000000e-01
1.391601562500000000e-01
1.464843750000000000e-01
1.416015625000000000e-01
1.391601562500000000e-01
1.367187500000000000e-01
1.440429687500000000e-01
1.464843750000000000e-01
1.391601562500000000e-01
1.416015625000000000e-01
1.391601562500000000e-01
1.416015625000000000e-01
1.416015625000000000e-01
1.416015625000000000e-01
1.464843750000000000e-01
1.416015625000000000e-01
1.440429687500000000e-01
1.416015625000000000e-01
1.440429687500000000e-01
1.416015625000000000e-01
1.440429687500000000e-01
1.416015625000000000e-01
1.416015625000000000e-01
1.513671875000000000e-01
1.416015625000000000e-01
1.391601562500000000e-01
1.489257812500000000e-01
1.464843750000000000e-01
1.367187500000000000e-01
1.489257812500000000e-01
1.416015625000000000e-01
1.416015625000000000e-01
1.489257812500000000e-01
1.416015625000000000e-01
1.416015625000000000e-01
1.440429687500000000e-01
1.367187500000000000e-01
1.391601562500000000e-01
1.391601562500000000e-01
1.342773437500000000e-01
1.489257812500000000e-01
1.367187500000000000e-01
1.440429687500000000e-01
1.391601562500000000e-01
1.391601562500000000e-01
1.416015625000000000e-01
1.464843750000000000e-01
1.342773437500000000e-01
1.440429687500000000e-01
1.391601562500000000e-01
1.464843750000000000e-01
1.464843750000000000e-01
1.440429687500000000e-01
1.464843750000000000e-01
1.464843750000000000e-01
1.440429687500000000e-01
1.464843750000000000e-01
1.416015625000000000e-01
1.440429687500000000e-01
1.440429687500000000e-01
1.464843750000000000e-01
1.391601562500000000e-01
1.464843750000000000e-01
1.391601562500000000e-01
1.367187500000000000e-01
1.440429687500000000e-01
1.416015625000000000e-01
1.416015625000000000e-01
1.367187500000000000e-01
1.464843750000000000e-01
1.538085937500000000e-01
1.391601562500000000e-01
1.464843750000000000e-01
1.416015625000000000e-01
1.513671875000000000e-01
1.391601562500000000e-01
1.440429687500000000e-01
1.367187500000000000e-01
1.489257812500000000e-01
1.416015625000000000e-01
1.391601562500000000e-01
1.464843750000000000e-01
1.440429687500000000e-01
1.416015625000000000e-01
1.416015625000000000e-01
1.489257812500000000e-01
1.391601562500000000e-01
1.440429687500000000e-01
1.440429687500000000e-01
1.440429687500000000e-01
1.416015625000000000e-01
1.416015625000000000e-01
1.416015625000000000e-01
1.440429687500000000e-01
1.440429687500000000e-01
1.489257812500000000e-01
1.586914062500000000e-01
1.440429687500000000e-01
1.464843750000000000e-01
1.367187500000000000e-01
1.440429687500000000e-01
1.416015625000000000e-01
1.416015625000000000e-01
1.440429687500000000e-01
1.440429687500000000e-01
1.367187500000000000e-01
1.416015625000000000e-01
1.464843750000000000e-01
1.342773437500000000e-01
1.513671875000000000e-01
1.391601562500000000e-01
1.440429687500000000e-01
1.489257812500000000e-01
1.464843750000000000e-01
1.440429687500000000e-01
1.489257812500000000e-01
1.464843750000000000e-01
1.416015625000000000e-01
1.391601562500000000e-01
1.391601562500000000e-01
1.440429687500000000e-01
1.367187500000000000e-01
1.391601562500000000e-01
1.367187500000000000e-01
1.464843750000000000e-01
1.464843750000000000e-01
1.440429687500000000e-01
1.416015625000000000e-01
1.464843750000000000e-01
1.391601562500000000e-01
1.489257812500000000e-01
1.416015625000000000e-01
1.464843750000000000e-01
1.416015625000000000e-01
1.489257812500000000e-01
1.489257812500000000e-01
1.416015625000000000e-01
1.440429687500000000e-01
1.342773437500000000e-01
1.367187500000000000e-01
1.342773437500000000e-01
1.391601562500000000e-01
1.440429687500000000e-01
1.440429687500000000e-01
1.440429687500000000e-01
1.416015625000000000e-01
1.440429687500000000e-01
1.367187500000000000e-01
1.367187500000000000e-01
1.391601562500000000e-01
1.416015625000000000e-01
1.464843750000000000e-01
1.391601562500000000e-01
1.440429687500000000e-01
1.440429687500000000e-01
1.440429687500000000e-01
1.416015625000000000e-01
1.464843750000000000e-01
1.464843750000000000e-01
1.391601562500000000e-01
1.489257812500000000e-01
1.342773437500000000e-01
1.489257812500000000e-01
1.342773437500000000e-01
1.416015625000000000e-01
1.367187500000000000e-01
1.342773437500000000e-01
1.318359375000000000e-01
1.342773437500000000e-01
1.367187500000000000e-01
1.391601562500000000e-01
1.391601562500000000e-01
1.391601562500000000e-01
1.342773437500000000e-01
1.367187500000000000e-01
1.342773437500000000e-01
1.367187500000000000e-01
1.342773437500000000e-01
1.342773437500000000e-01
1.391601562500000000e-01
1.342773437500000000e-01
1.391601562500000000e-01
1.391601562500000000e-01
1.342773437500000000e-01
1.342773437500000000e-01
1.367187500000000000e-01
1.416015625000000000e-01
1.367187500000000000e-01
1.391601562500000000e-01
1.367187500000000000e-01
1.318359375000000000e-01
1.342773437500000000e-01
1.342773437500000000e-01
1.391601562500000000e-01
1.367187500000000000e-01
1.318359375000000000e-01
1.440429687500000000e-01
1.367187500000000000e-01
1.416015625000000000e-01
1.416015625000000000e-01
1.391601562500000000e-01
1.367187500000000000e-01
1.318359375000000000e-01
1.367187500000000000e-01
1.367187500000000000e-01
1.440429687500000000e-01
1.416015625000000000e-01
1.464843750000000000e-01
1.391601562500000000e-01
1.342773437500000000e-01
1.391601562500000000e-01
1.367187500000000000e-01
1.416015625000000000e-01
1.440429687500000000e-01
1.293945312500000000e-01
1.367187500000000000e-01
1.391601562500000000e-01
1.440429687500000000e-01
1.464843750000000000e-01
1.367187500000000000e-01
1.391601562500000000e-01
1.391601562500000000e-01
1.391601562500000000e-01
1.391601562500000000e-01
1.440429687500000000e-01
1.342773437500000000e-01
1.440429687500000000e-01
1.440429687500000000e-01
1.391601562500000000e-01
1.440429687500000000e-01
1.416015625000000000e-01
1.342773437500000000e-01
1.367187500000000000e-01
1.391601562500000000e-01
1.391601562500000000e-01
1.440429687500000000e-01
1.342773437500000000e-01
1.342773437500000000e-01
1.391601562500000000e-01
1.416015625000000000e-01
1.440429687500000000e-01
1.342773437500000000e-01
1.367187500000000000e-01
1.342773437500000000e-01
1.342773437500000000e-01
1.391601562500000000e-01
1.318359375000000000e-01
1.440429687500000000e-01
1.416015625000000000e-01
1.416015625000000000e-01
1.416015625000000000e-01
1.416015625000000000e-01
1.342773437500000000e-01
1.391601562500000000e-01
1.391601562500000000e-01
1.367187500000000000e-01
1.367187500000000000e-01
1.342773437500000000e-01
1.342773437500000000e-01
1.391601562500000000e-01
1.342773437500000000e-01
1.464843750000000000e-01
1.318359375000000000e-01
1.440429687500000000e-01
1.391601562500000000e-01
1.391601562500000000e-01
1.342773437500000000e-01
1.367187500000000000e-01
1.416015625000000000e-01
1.440429687500000000e-01
1.342773437500000000e-01
1.416015625000000000e-01
1.342773437500000000e-01
1.416015625000000000e-01
1.342773437500000000e-01
1.416015625000000000e-01
1.440429687500000000e-01
1.391601562500000000e-01
1.416015625000000000e-01
1.391601562500000000e-01
1.416015625000000000e-01
1.367187500000000000e-01
1.464843750000000000e-01
1.440429687500000000e-01
1.416015625000000000e-01
1.391601562500000000e-01
1.391601562500000000e-01
1.464843750000000000e-01
1.464843750000000000e-01
1.367187500000000000e-01
1.416015625000000000e-01
1.440429687500000000e-01
1.416015625000000000e-01
1.416015625000000000e-01
1.367187500000000000e-01
1.318359375000000000e-01
1.416015625000000000e-01
1.367187500000000000e-01
1.367187500000000000e-01
1.416015625000000000e-01
1.391601562500000000e-01
1.318359375000000000e-01
1.342773437500000000e-01
1.367187500000000000e-01
1.440429687500000000e-01
1.440429687500000000e-01
1.367187500000000000e-01
1.391601562500000000e-01
1.416015625000000000e-01
1.440429687500000000e-01
1.318359375000000000e-01
1.391601562500000000e-01
1.489257812500000000e-01
1.416015625000000000e-01
1.416015625000000000e-01
1.342773437500000000e-01
1.342773437500000000e-01
1.440429687500000000e-01
1.440429687500000000e-01
1.464843750000000000e-01
1.416015625000000000e-01
1.367187500000000000e-01
1.342773437500000000e-01
1.367187500000000000e-01
1.342773437500000000e-01
1.440429687500000000e-01
1.416015625000000000e-01
1.367187500000000000e-01
1.464843750000000000e-01
1.367187500000000000e-01
1.391601562500000000e-01
1.464843750000000000e-01
1.416015625000000000e-01
1.416015625000000000e-01
1.391601562500000000e-01
1.416015625000000000e-01
1.513671875000000000e-01
1.416015625000000000e-01
1.391601562500000000e-01
1.513671875000000000e-01
1.416015625000000000e-01
1.342773437500000000e-01
1.416015625000000000e-01
1.440429687500000000e-01
1.440429687500000000e-01
1.416015625000000000e-01
1.489257812500000000e-01
1.440429687500000000e-01
1.440429687500000000e-01
1.440429687500000000e-01
1.416015625000000000e-01
1.464843750000000000e-01
1.464843750000000000e-01
1.391601562500000000e-01
1.489257812500000000e-01
1.464843750000000000e-01
1.416015625000000000e-01
1.416015625000000000e-01
1.416015625000000000e-01
1.464843750000000000e-01
1.440429687500000000e-01
1.391601562500000000e-01
1.367187500000000000e-01
1.440429687500000000e-01
1.391601562500000000e-01
1.464843750000000000e-01
1.464843750000000000e-01
1.464843750000000000e-01
1.367187500000000000e-01
1.513671875000000000e-01
1.416015625000000000e-01
1.489257812500000000e-01
1.416015625000000000e-01
1.440429687500000000e-01
1.464843750000000000e-01
1.391601562500000000e-01
1.513671875000000000e-01
1.440429687500000000e-01
1.489257812500000000e-01
1.464843750000000000e-01
1.391601562500000000e-01
1.440429687500000000e-01
1.440429687500000000e-01
1.416015625000000000e-01
1.464843750000000000e-01
1.464843750000000000e-01
1.367187500000000000e-01
1.367187500000000000e-01
1.416015625000000000e-01
1.416015625000000000e-01
1.416015625000000000e-01
1.440429687500000000e-01
1.416015625000000000e-01
1.367187500000000000e-01
1.391601562500000000e-01
1.416015625000000000e-01
1.367187500000000000e-01
1.367187500000000000e-01
1.440429687500000000e-01
1.416015625000000000e-01
1.391601562500000000e-01
1.416015625000000000e-01
1.391601562500000000e-01
1.440429687500000000e-01
1.391601562500000000e-01
1.342773437500000000e-01
1.464843750000000000e-01
1.391601562500000000e-01
1.513671875000000000e-01
1.391601562500000000e-01
1.440429687500000000e-01
1.416015625000000000e-01
1.416015625000000000e-01
1.464843750000000000e-01
1.416015625000000000e-01
1.440429687500000000e-01
1.489257812500000000e-01
1.440429687500000000e-01
1.440429687500000000e-01
1.416015625000000000e-01
1.391601562500000000e-01
1.464843750000000000e-01
1.440429687500000000e-01
1.489257812500000000e-01
1.416015625000000000e-01
1.440429687500000000e-01
1.416015625000000000e-01
1.416015625000000000e-01
1.367187500000000000e-01
1.489257812500000000e-01
1.391601562500000000e-01
1.489257812500000000e-01
1.440429687500000000e-01
1.440429687500000000e-01
1.440429687500000000e-01
1.440429687500000000e-01
1.440429687500000000e-01
1.416015625000000000e-01
1.391601562500000000e-01
1.416015625000000000e-01
1.416015625000000000e-01
1.391601562500000000e-01
1.391601562500000000e-01
1.367187500000000000e-01
1.416015625000000000e-01
1.464843750000000000e-01
1.416015625000000000e-01
1.342773437500000000e-01
1.367187500000000000e-01
1.440429687500000000e-01
1.318359375000000000e-01
1.416015625000000000e-01
1.391601562500000000e-01
1.342773437500000000e-01
1.293945312500000000e-01
1.342773437500000000e-01
1.367187500000000000e-01
1.245117187500000000e-01
1.391601562500000000e-01
1.269531250000000000e-01
1.318359375000000000e-01
1.342773437500000000e-01
1.342773437500000000e-01
1.391601562500000000e-01
1.342773437500000000e-01
1.342773437500000000e-01
1.318359375000000000e-01
1.293945312500000000e-01
1.367187500000000000e-01
1.367187500000000000e-01
1.391601562500000000e-01
1.416015625000000000e-01
1.318359375000000000e-01
1.391601562500000000e-01
1.367187500000000000e-01
1.342773437500000000e-01
1.416015625000000000e-01
1.391601562500000000e-01
1.416015625000000000e-01
1.367187500000000000e-01
1.416015625000000000e-01
1.342773437500000000e-01
1.416015625000000000e-01
1.440429687500000000e-01
1.416015625000000000e-01
1.367187500000000000e-01
1.391601562500000000e-01
1.416015625000000000e-01
1.391601562500000000e-01
1.440429687500000000e-01
1.416015625000000000e-01
1.416015625000000000e-01
1.367187500000000000e-01
1.391601562500000000e-01
1.367187500000000000e-01
1.367187500000000000e-01
1.342773437500000000e-01
1.440429687500000000e-01
1.293945312500000000e-01
1.416015625000000000e-01
1.416015625000000000e-01
1.367187500000000000e-01
1.416015625000000000e-01
1.367187500000000000e-01
1.342773437500000000e-01
1.464843750000000000e-01
1.367187500000000000e-01
1.367187500000000000e-01
1.318359375000000000e-01
1.391601562500000000e-01
1.367187500000000000e-01
1.391601562500000000e-01
1.342773437500000000e-01
1.367187500000000000e-01
1.391601562500000000e-01
1.367187500000000000e-01
1.391601562500000000e-01
1.342773437500000000e-01
1.367187500000000000e-01
1.342773437500000000e-01
1.367187500000000000e-01
1.367187500000000000e-01
1.342773437500000000e-01
1.391601562500000000e-01
1.416015625000000000e-01
1.440429687500000000e-01
1.391601562500000000e-01
1.342773437500000000e-01
1.318359375000000000e-01
1.318359375000000000e-01
1.342773437500000000e-01
1.464843750000000000e-01
1.318359375000000000e-01
1.440429687500000000e-01
1.318359375000000000e-01
1.342773437500000000e-01
1.464843750000000000e-01
1.367187500000000000e-01
1.391601562500000000e-01
1.367187500000000000e-01
1.342773437500000000e-01
1.391601562500000000e-01
1.318359375000000000e-01
1.367187500000000000e-01
1.416015625000000000e-01
1.391601562500000000e-01
1.367187500000000000e-01
1.391601562500000000e-01
1.318359375000000000e-01
1.391601562500000000e-01
1.342773437500000000e-01
1.391601562500000000e-01
1.367187500000000000e-01
1.391601562500000000e-01
1.342773437500000000e-01
1.342773437500000000e-01
1.440429687500000000e-01
1.367187500000000000e-01
1.367187500000000000e-01
1.391601562500000000e-01
1.416015625000000000e-01
1.440429687500000000e-01
1.416015625000000000e-01
1.318359375000000000e-01
1.367187500000000000e-01
1.367187500000000000e-01
1.367187500000000000e-01
1.342773437500000000e-01
1.391601562500000000e-01
1.391601562500000000e-01
1.464843750000000000e-01
1.391601562500000000e-01
1.440429687500000000e-01
1.342773437500000000e-01
1.342773437500000000e-01
1.416015625000000000e-01
1.391601562500000000e-01
1.391601562500000000e-01
1.342773437500000000e-01
1.367187500000000000e-01
1.318359375000000000e-01
1.318359375000000000e-01
1.464843750000000000e-01
1.416015625000000000e-01
1.367187500000000000e-01
1.416015625000000000e-01
1.367187500000000000e-01
1.391601562500000000e-01
1.391601562500000000e-01
1.391601562500000000e-01
1.391601562500000000e-01
1.464843750000000000e-01
1.391601562500000000e-01
1.440429687500000000e-01
1.391601562500000000e-01
1.342773437500000000e-01
1.293945312500000000e-01
1.440429687500000000e-01
1.416015625000000000e-01
1.391601562500000000e-01
1.440429687500000000e-01
1.391601562500000000e-01
1.416015625000000000e-01
1.318359375000000000e-01
1.391601562500000000e-01
1.464843750000000000e-01
1.342773437500000000e-01
1.367187500000000000e-01
1.440429687500000000e-01
1.416015625000000000e-01
1.391601562500000000e-01
1.342773437500000000e-01
1.391601562500000000e-01
1.269531250000000000e-01
1.293945312500000000e-01
1.342773437500000000e-01
1.464843750000000000e-01
1.367187500000000000e-01
1.440429687500000000e-01
1.440429687500000000e-01
1.367187500000000000e-01
1.416015625000000000e-01
1.440429687500000000e-01
1.464843750000000000e-01
1.416015625000000000e-01
1.391601562500000000e-01
1.342773437500000000e-01
1.440429687500000000e-01
1.367187500000000000e-01
1.416015625000000000e-01
1.342773437500000000e-01
1.416015625000000000e-01
1.416015625000000000e-01
1.416015625000000000e-01
1.391601562500000000e-01
1.367187500000000000e-01
1.464843750000000000e-01
1.440429687500000000e-01
1.489257812500000000e-01
1.391601562500000000e-01
1.416015625000000000e-01
1.464843750000000000e-01
1.513671875000000000e-01
1.416015625000000000e-01
1.464843750000000000e-01
1.367187500000000000e-01
1.367187500000000000e-01
1.464843750000000000e-01
1.416015625000000000e-01
1.440429687500000000e-01
1.440429687500000000e-01
1.440429687500000000e-01
1.489257812500000000e-01
1.416015625000000000e-01
1.367187500000000000e-01
1.464843750000000000e-01
1.416015625000000000e-01
1.440429687500000000e-01
1.391601562500000000e-01
1.416015625000000000e-01
1.440429687500000000e-01
1.342773437500000000e-01
1.440429687500000000e-01
1.391601562500000000e-01
1.367187500000000000e-01
1.464843750000000000e-01
1.391601562500000000e-01
1.416015625000000000e-01
1.342773437500000000e-01
1.440429687500000000e-01
1.391601562500000000e-01
1.367187500000000000e-01
1.416015625000000000e-01
1.342773437500000000e-01
1.416015625000000000e-01
1.367187500000000000e-01
1.391601562500000000e-01
1.391601562500000000e-01
1.342773437500000000e-01
1.489257812500000000e-01
1.293945312500000000e-01
1.440429687500000000e-01
1.318359375000000000e-01
1.391601562500000000e-01
1.342773437500000000e-01
1.318359375000000000e-01
1.391601562500000000e-01
1.416015625000000000e-01
1.342773437500000000e-01
1.342773437500000000e-01
1.367187500000000000e-01
1.318359375000000000e-01
1.367187500000000000e-01
1.367187500000000000e-01
1.391601562500000000e-01
1.440429687500000000e-01
1.293945312500000000e-01
1.391601562500000000e-01
1.464843750000000000e-01
1.342773437500000000e-01
1.342773437500000000e-01
1.391601562500000000e-01
1.367187500000000000e-01
1.391601562500000000e-01
1.367187500000000000e-01
1.440429687500000000e-01
1.440429687500000000e-01
1.318359375000000000e-01
1.440429687500000000e-01
1.367187500000000000e-01
1.293945312500000000e-01
1.391601562500000000e-01
1.318359375000000000e-01
1.367187500000000000e-01
1.416015625000000000e-01
1.391601562500000000e-01
1.367187500000000000e-01
1.489257812500000000e-01
1.416015625000000000e-01
1.367187500000000000e-01
1.367187500000000000e-01
1.367187500000000000e-01
1.464843750000000000e-01
1.440429687500000000e-01
1.318359375000000000e-01
1.391601562500000000e-01
1.464843750000000000e-01
1.318359375000000000e-01
1.416015625000000000e-01
1.293945312500000000e-01
1.367187500000000000e-01
1.367187500000000000e-01
1.367187500000000000e-01
1.416015625000000000e-01
1.367187500000000000e-01
1.342773437500000000e-01
1.416015625000000000e-01
1.318359375000000000e-01
1.391601562500000000e-01
1.440429687500000000e-01
1.318359375000000000e-01
1.318359375000000000e-01
1.391601562500000000e-01
1.367187500000000000e-01
1.391601562500000000e-01
1.367187500000000000e-01
1.367187500000000000e-01
1.391601562500000000e-01
1.440429687500000000e-01
1.245117187500000000e-01
1.293945312500000000e-01
1.342773437500000000e-01
1.245117187500000000e-01
1.391601562500000000e-01
1.440429687500000000e-01
1.318359375000000000e-01
1.367187500000000000e-01
1.416015625000000000e-01
1.416015625000000000e-01
1.440429687500000000e-01
1.293945312500000000e-01
1.269531250000000000e-01
1.318359375000000000e-01
1.245117187500000000e-01
1.464843750000000000e-01
1.416015625000000000e-01
1.318359375000000000e-01
1.391601562500000000e-01
1.489257812500000000e-01
1.464843750000000000e-01
1.440429687500000000e-01
1.464843750000000000e-01
1.440429687500000000e-01
1.123046875000000000e-01
1.171875000000000000e-01
1.440429687500000000e-01
1.586914062500000000e-01
1.611328125000000000e-01
1.416015625000000000e-01
1.293945312500000000e-01
1.367187500000000000e-01
1.733398437500000000e-01
1.953125000000000000e-01
2.270507812500000000e-01
2.490234375000000000e-01
1.904296875000000000e-01
1.000976562500000000e-01
1.489257812500000000e-01
8.544921875000000000e-02
-3.173828125000000000e-02
5.419921875000000000e-01
5.468750000000000000e-01
-5.834960937500000000e-01
-6.005859375000000000e-01
2.050781250000000000e-01
8.007812500000000000e-01
-7.324218750000000000e-02
-5.639648437500000000e-01
6.005859375000000000e-01
6.347656250000000000e-01
-4.223632812500000000e-01
-2.563476562500000000e-01
7.617187500000000000e-01
2.319335937500000000e-01
-2.539062500000000000e-01
3.076171875000000000e-01
-6.591796875000000000e-02
-3.247070312500000000e-01
5.712890625000000000e-01
7.397460937500000000e-01
1.464843750000000000e-02
-5.078125000000000000e-01
8.789062500000000000e-02
4.931640625000000000e-01
1.342773437500000000e-01
-4.150390625000000000e-02
2.246093750000000000e-01
1.391601562500000000e-01
-1.318359375000000000e-01
6.347656250000000000e-02
3.295898437500000000e-01
1.025390625000000000e-01
-1.269531250000000000e-01
1.025390625000000000e-01
3.247070312500000000e-01
2.099609375000000000e-01
8.789062500000000000e-02
1.342773437500000000e-01
2.709960937500000000e-01
3.051757812500000000e-01
7.324218750000000000e-02
-2.661132812500000000e-01
-6.835937500000000000e-02
4.296875000000000000e-01
4.125976562500000000e-01
9.765625000000000000e-03
-1.708984375000000000e-02
2.221679687500000000e-01
2.050781250000000000e-01
8.789062500000000000e-02
1.733398437500000000e-01
2.563476562500000000e-01
1.660156250000000000e-01
1.220703125000000000e-01
1.855468750000000000e-01
2.026367187500000000e-01
1.245117187500000000e-01
1.025390625000000000e-01
1.611328125000000000e-01
1.391601562500000000e-01
7.568359375000000000e-02
7.080078125000000000e-02
1.293945312500000000e-01
1.904296875000000000e-01
1.586914062500000000e-01
1.049804687500000000e-01
1.196289062500000000e-01
1.586914062500000000e-01
1.513671875000000000e-01
1.049804687500000000e-01
1.220703125000000000e-01
1.611328125000000000e-01
1.538085937500000000e-01
1.220703125000000000e-01
1.293945312500000000e-01
1.391601562500000000e-01
1.049804687500000000e-01
1.318359375000000000e-01
2.001953125000000000e-01
2.050781250000000000e-01
1.416015625000000000e-01
9.277343750000000000e-02
1.025390625000000000e-01
1.513671875000000000e-01
1.904296875000000000e-01
1.782226562500000000e-01
1.513671875000000000e-01
1.147460937500000000e-01
1.489257812500000000e-01
1.782226562500000000e-01
1.831054687500000000e-01
1.440429687500000000e-01
1.171875000000000000e-01
1.318359375000000000e-01
1.660156250000000000e-01
1.708984375000000000e-01
1.440429687500000000e-01
1.196289062500000000e-01
1.342773437500000000e-01
1.489257812500000000e-01
1.562500000000000000e-01
1.611328125000000000e-01
1.416015625000000000e-01
1.342773437500000000e-01
1.489257812500000000e-01
1.513671875000000000e-01
1.440429687500000000e-01
1.391601562500000000e-01
1.318359375000000000e-01
1.220703125000000000e-01
1.293945312500000000e-01
1.293945312500000000e-01
1.391601562500000000e-01
1.293945312500000000e-01
1.196289062500000000e-01
1.464843750000000000e-01
1.538085937500000000e-01
1.562500000000000000e-01
1.489257812500000000e-01
1.318359375000000000e-01
1.440429687500000000e-01
1.562500000000000000e-01
1.538085937500000000e-01
1.440429687500000000e-01
1.367187500000000000e-01
1.245117187500000000e-01
1.342773437500000000e-01
1.513671875000000000e-01
1.684570312500000000e-01
1.684570312500000000e-01
1.635742187500000000e-01
1.562500000000000000e-01
1.489257812500000000e-01
1.440429687500000000e-01
1.342773437500000000e-01
1.147460937500000000e-01
9.765625000000000000e-02
1.074218750000000000e-01
1.147460937500000000e-01
1.489257812500000000e-01
1.635742187500000000e-01
1.538085937500000000e-01
1.416015625000000000e-01
1.440429687500000000e-01
1.611328125000000000e-01
1.708984375000000000e-01
1.782226562500000000e-01
1.635742187500000000e-01
1.513671875000000000e-01
1.245117187500000000e-01
1.269531250000000000e-01
1.367187500000000000e-01
1.513671875000000000e-01
1.489257812500000000e-01
1.660156250000000000e-01
1.562500000000000000e-01
1.440429687500000000e-01
1.416015625000000000e-01
1.367187500000000000e-01
1.293945312500000000e-01
1.293945312500000000e-01
1.318359375000000000e-01
1.513671875000000000e-01
1.562500000000000000e-01
1.416015625000000000e-01
1.318359375000000000e-01
1.196289062500000000e-01
1.220703125000000000e-01
1.318359375000000000e-01
1.416015625000000000e-01
1.416015625000000000e-01
1.440429687500000000e-01
1.440429687500000000e-01
1.367187500000000000e-01
1.513671875000000000e-01
1.416015625000000000e-01
1.416015625000000000e-01
1.464843750000000000e-01
1.318359375000000000e-01
1.416015625000000000e-01
1.416015625000000000e-01
1.391601562500000000e-01
1.489257812500000000e-01
1.562500000000000000e-01
1.464843750000000000e-01
1.391601562500000000e-01
1.391601562500000000e-01
1.391601562500000000e-01
1.464843750000000000e-01
1.440429687500000000e-01
1.245117187500000000e-01
1.220703125000000000e-01
1.269531250000000000e-01
1.293945312500000000e-01
1.416015625000000000e-01
1.489257812500000000e-01
1.489257812500000000e-01
1.416015625000000000e-01
1.562500000000000000e-01
1.367187500000000000e-01
1.464843750000000000e-01
1.586914062500000000e-01
1.416015625000000000e-01
1.611328125000000000e-01
1.562500000000000000e-01
1.464843750000000000e-01
1.464843750000000000e-01
1.391601562500000000e-01
1.245117187500000000e-01
1.220703125000000000e-01
1.269531250000000000e-01
1.318359375000000000e-01
1.196289062500000000e-01
1.220703125000000000e-01
1.464843750000000000e-01
1.586914062500000000e-01
1.538085937500000000e-01
1.562500000000000000e-01
1.708984375000000000e-01
1.611328125000000000e-01
1.464843750000000000e-01
1.245117187500000000e-01
1.342773437500000000e-01
1.220703125000000000e-01
1.147460937500000000e-01
1.196289062500000000e-01
1.342773437500000000e-01
1.245117187500000000e-01
1.245117187500000000e-01
1.489257812500000000e-01
1.440429687500000000e-01
1.489257812500000000e-01
1.586914062500000000e-01
1.586914062500000000e-01
1.562500000000000000e-01
1.538085937500000000e-01
1.440429687500000000e-01
1.513671875000000000e-01
1.416015625000000000e-01
1.245117187500000000e-01
1.416015625000000000e-01
1.391601562500000000e-01
1.293945312500000000e-01
1.293945312500000000e-01
1.147460937500000000e-01
1.269531250000000000e-01
1.440429687500000000e-01
1.318359375000000000e-01
1.367187500000000000e-01
1.586914062500000000e-01
1.562500000000000000e-01
1.660156250000000000e-01
1.513671875000000000e-01
1.416015625000000000e-01
1.416015625000000000e-01
1.489257812500000000e-01
1.342773437500000000e-01
1.318359375000000000e-01
1.342773437500000000e-01
1.245117187500000000e-01
1.269531250000000000e-01
1.245117187500000000e-01
1.220703125000000000e-01
1.269531250000000000e-01
1.391601562500000000e-01
1.464843750000000000e-01
1.440429687500000000e-01
1.416015625000000000e-01
1.513671875000000000e-01
1.416015625000000000e-01
1.538085937500000000e-01
1.538085937500000000e-01
1.489257812500000000e-01
1.513671875000000000e-01
1.416015625000000000e-01
1.464843750000000000e-01
1.391601562500000000e-01
1.367187500000000000e-01
1.342773437500000000e-01
1.342773437500000000e-01
1.367187500000000000e-01
1.391601562500000000e-01
1.269531250000000000e-01
1.318359375000000000e-01
1.391601562500000000e-01
1.513671875000000000e-01
1.391601562500000000e-01
1.342773437500000000e-01
1.367187500000000000e-01
1.440429687500000000e-01
1.367187500000000000e-01
1.367187500000000000e-01
1.391601562500000000e-01
1.464843750000000000e-01
1.245117187500000000e-01
1.416015625000000000e-01
1.391601562500000000e-01
1.220703125000000000e-01
1.269531250000000000e-01
1.367187500000000000e-01
1.293945312500000000e-01
1.342773437500000000e-01
1.342773437500000000e-01
1.513671875000000000e-01
1.464843750000000000e-01
1.367187500000000000e-01
1.293945312500000000e-01
1.342773437500000000e-01
1.440429687500000000e-01
1.342773437500000000e-01
1.464843750000000000e-01
1.391601562500000000e-01
1.367187500000000000e-01
1.464843750000000000e-01
1.318359375000000000e-01
1.171875000000000000e-01
1.196289062500000000e-01
1.245117187500000000e-01
1.245117187500000000e-01
1.171875000000000000e-01
1.318359375000000000e-01
1.342773437500000000e-01
1.342773437500000000e-01
1.318359375000000000e-01
1.440429687500000000e-01
1.391601562500000000e-01
1.318359375000000000e-01
1.342773437500000000e-01
1.269531250000000000e-01
1.220703125000000000e-01
1.269531250000000000e-01
1.318359375000000000e-01
1.318359375000000000e-01
1.440429687500000000e-01
1.513671875000000000e-01
1.367187500000000000e-01
1.391601562500000000e-01
1.513671875000000000e-01
1.416015625000000000e-01
1.440429687500000000e-01
1.391601562500000000e-01
1.342773437500000000e-01
1.342773437500000000e-01
1.367187500000000000e-01
1.342773437500000000e-01
1.196289062500000000e-01
1.220703125000000000e-01
1.318359375000000000e-01
1.342773437500000000e-01
1.318359375000000000e-01
1.245117187500000000e-01
1.367187500000000000e-01
1.391601562500000000e-01
1.489257812500000000e-01
1.440429687500000000e-01
1.538085937500000000e-01
1.391601562500000000e-01
1.342773437500000000e-01
1.269531250000000000e-01
1.416015625000000000e-01
1.513671875000000000e-01
1.367187500000000000e-01
1.245117187500000000e-01
1.220703125000000000e-01
1.269531250000000000e-01
1.269531250000000000e-01
1.220703125000000000e-01
1.342773437500000000e-01
1.342773437500000000e-01
1.342773437500000000e-01
1.416015625000000000e-01
1.440429687500000000e-01
1.416015625000000000e-01
1.318359375000000000e-01
1.391601562500000000e-01
1.342773437500000000e-01
1.220703125000000000e-01
1.196289062500000000e-01
1.269531250000000000e-01
1.416015625000000000e-01
1.416015625000000000e-01
1.440429687500000000e-01
1.293945312500000000e-01
1.367187500000000000e-01
1.293945312500000000e-01
1.269531250000000000e-01
1.586914062500000000e-01
1.513671875000000000e-01
1.416015625000000000e-01
1.391601562500000000e-01
1.440429687500000000e-01
1.440429687500000000e-01
1.367187500000000000e-01
1.391601562500000000e-01
1.391601562500000000e-01
1.391601562500000000e-01
1.342773437500000000e-01
1.245117187500000000e-01
1.245117187500000000e-01
1.245117187500000000e-01
1.342773437500000000e-01
1.416015625000000000e-01
1.342773437500000000e-01
1.391601562500000000e-01
1.464843750000000000e-01
1.367187500000000000e-01
1.464843750000000000e-01
1.562500000000000000e-01
1.489257812500000000e-01
1.440429687500000000e-01
1.562500000000000000e-01
1.464843750000000000e-01
1.391601562500000000e-01
1.342773437500000000e-01
1.391601562500000000e-01
1.123046875000000000e-01
1.269531250000000000e-01
1.293945312500000000e-01
1.367187500000000000e-01
1.440429687500000000e-01
1.416015625000000000e-01
1.416015625000000000e-01
1.586914062500000000e-01
1.440429687500000000e-01
1.440429687500000000e-01
1.416015625000000000e-01
1.391601562500000000e-01
1.464843750000000000e-01
1.635742187500000000e-01
1.391601562500000000e-01
1.391601562500000000e-01
1.318359375000000000e-01
1.440429687500000000e-01
1.416015625000000000e-01
1.342773437500000000e-01
1.318359375000000000e-01
1.416015625000000000e-01
1.416015625000000000e-01
1.440429687500000000e-01
1.196289062500000000e-01
1.220703125000000000e-01
1.220703125000000000e-01
1.440429687500000000e-01
1.391601562500000000e-01
1.293945312500000000e-01
1.391601562500000000e-01
1.440429687500000000e-01
1.464843750000000000e-01
1.586914062500000000e-01
1.489257812500000000e-01
1.440429687500000000e-01
1.464843750000000000e-01
1.245117187500000000e-01
1.318359375000000000e-01
1.416015625000000000e-01
1.538085937500000000e-01
1.708984375000000000e-01
1.416015625000000000e-01
1.293945312500000000e-01
1.416015625000000000e-01
1.367187500000000000e-01
1.440429687500000000e-01
1.245117187500000000e-01
1.416015625000000000e-01
1.538085937500000000e-01
1.367187500000000000e-01
1.440429687500000000e-01
1.513671875000000000e-01
1.562500000000000000e-01
1.464843750000000000e-01
1.586914062500000000e-01
1.513671875000000000e-01
1.342773437500000000e-01
1.416015625000000000e-01
1.391601562500000000e-01
1.464843750000000000e-01
1.416015625000000000e-01
1.342773437500000000e-01
1.367187500000000000e-01
1.293945312500000000e-01
1.269531250000000000e-01
1.220703125000000000e-01
1.367187500000000000e-01
1.440429687500000000e-01
1.489257812500000000e-01
1.538085937500000000e-01
1.586914062500000000e-01
1.562500000000000000e-01
1.562500000000000000e-01
1.586914062500000000e-01
1.562500000000000000e-01
1.513671875000000000e-01
1.464843750000000000e-01
1.245117187500000000e-01
1.245117187500000000e-01
1.220703125000000000e-01
1.220703125000000000e-01
1.245117187500000000e-01
1.489257812500000000e-01
1.489257812500000000e-01
1.318359375000000000e-01
1.464843750000000000e-01
1.513671875000000000e-01
1.489257812500000000e-01
1.562500000000000000e-01
1.513671875000000000e-01
1.538085937500000000e-01
1.464843750000000000e-01
1.489257812500000000e-01
1.464843750000000000e-01
1.513671875000000000e-01
1.318359375000000000e-01
1.440429687500000000e-01
1.416015625000000000e-01
1.416015625000000000e-01
1.416015625000000000e-01
1.391601562500000000e-01
1.391601562500000000e-01
1.513671875000000000e-01
1.342773437500000000e-01
1.391601562500000000e-01
1.342773437500000000e-01
1.367187500000000000e-01
1.538085937500000000e-01
1.489257812500000000e-01
1.416015625000000000e-01
1.489257812500000000e-01
1.489257812500000000e-01
1.269531250000000000e-01
1.416015625000000000e-01
1.513671875000000000e-01
1.416015625000000000e-01
1.464843750000000000e-01
1.513671875000000000e-01
1.342773437500000000e-01
1.391601562500000000e-01
1.538085937500000000e-01
1.513671875000000000e-01
1.513671875000000000e-01
1.391601562500000000e-01
1.269531250000000000e-01
1.464843750000000000e-01
1.416015625000000000e-01
1.391601562500000000e-01
1.416015625000000000e-01
1.440429687500000000e-01
1.367187500000000000e-01
1.367187500000000000e-01
1.489257812500000000e-01
1.562500000000000000e-01
1.489257812500000000e-01
1.416015625000000000e-01
1.513671875000000000e-01
1.464843750000000000e-01
