4.556570352454597864e-03
2.289320311177487060e-03
1.057652516823338971e-03
2.105047788474247780e-03
1.457048155037371463e-03
9.806656070310275797e-04
3.091449897079949407e-03
4.832856629742864583e-03
6.136467151515182829e-03
6.876768145898653518e-03
6.547520620469838952e-03
5.029962090543274936e-03
2.785328329417513342e-03
6.132055063466652477e-04
1.349476038246945819e-03
1.298970941317150515e-03
1.680221775660466167e-03
5.817135354363124969e-03
9.809308545131090531e-03
1.135556660520808600e-02
9.589850815470264689e-03
5.616963713816914422e-03
1.606415880758680107e-03
1.226239667240811276e-03
2.815968225241160215e-03
3.450070340971212596e-03
2.420378169672099660e-03
1.751686332010277689e-03
4.471690004924131802e-03
5.918300721218706754e-03
5.335931834699898964e-03
4.397793745051118558e-03
3.849815566482246449e-03
2.379452932456198842e-03
3.523736310818345856e-03
6.241517469289931813e-03
6.176770957302103737e-03
2.736682752811520417e-03
3.161342107652708507e-03
7.067027286003457059e-03
7.826772117071729984e-03
5.498842365989832504e-03
2.059781721208301958e-03
9.443466572353973864e-04
1.786422627435697331e-03
2.473898801321210757e-03
3.711455878700950332e-03
5.094760694608607005e-03
6.512139982617984497e-03
7.507353742398971755e-03
7.470653345473633050e-03
6.583246484471882813e-03
5.793172485695712894e-03
5.442299905550528061e-03
4.816330580865628777e-03
3.731871480884204305e-03
3.380458925764946720e-03
4.455490704010698147e-03
5.491485676848678610e-03
5.418418369651643862e-03
3.994586758552045452e-03
1.695667218319149095e-03
1.134171813911681115e-03
2.613847702769098429e-03
2.951312246536358375e-03
2.213111558620656921e-03
1.160794738892673324e-03
1.918551005171458858e-03
3.420527120902390993e-03
4.070328605816153980e-03
3.278617100184214820e-03
1.744482524356424707e-03
2.734085894757620240e-03
4.390144527837324534e-03
4.749152276393434589e-03
3.975204837695786413e-03
3.200721496289166135e-03
3.260611229271165052e-03
3.484785819125442614e-03
3.262424239197227009e-03
2.654721822057320296e-03
1.932799695112054524e-03
1.334122050876728480e-03
9.599204047843342639e-04
8.123067436450335166e-04
2.563494802270879867e-03
5.375182656618245070e-03
7.603309967126930559e-03
7.857248402656081057e-03
6.199401281889466847e-03
4.900979216080950628e-03
5.008288261850369141e-03
3.980956068972169894e-03
3.116915448785943787e-03
5.617928534311507696e-03
6.688555979713517452e-03
4.243659007916163704e-03
8.273627931450376009e-04
5.718843605691923196e-03
8.493396126092785797e-03
8.537331839301267808e-03
6.418771917311946219e-03
2.747324014974087715e-03
2.711354414738068996e-03
6.750428172496321204e-03
8.142993098522342474e-03
5.932043344244127686e-03
2.575552642548368729e-03
4.686221467851379996e-03
5.875827804757310403e-03
3.695252151358978734e-03
2.191393073393904482e-03
5.372919034295927515e-03
6.239415980116836541e-03
3.985483630961103411e-03
2.309828585861747451e-03
5.346589168741640134e-03
6.471954949763296903e-03
4.423625637858994396e-03
1.859953755893029503e-03
4.921054423108616079e-03
6.639795265749316201e-03
5.360410622302256949e-03
2.422568124243406305e-03
2.532270414978742869e-03
3.933440747678343570e-03
3.901716329839701944e-03
3.926368264013893605e-03
4.607307846155521240e-03
4.436989964797121225e-03
2.879520603902062034e-03
1.010003917450055799e-03
1.752831771489483242e-03
3.107742647364904447e-03
4.920196409677325862e-03
6.625651194812331828e-03
6.663149027224243848e-03
4.420779842455810522e-03
1.443770030283780944e-03
2.520884256386845060e-03
2.684584883917176274e-03
5.259488166567844467e-04
2.462231752063408999e-03
3.781548822586384452e-03
2.505398244019041779e-03
1.062425244821875100e-03
3.469800232215154972e-03
3.929981700582218899e-03
2.053717500615483572e-03
7.739919065193156915e-04
2.818285901454527578e-03
3.479917455202307178e-03
3.575441392790657587e-03
3.746018664031264267e-03
3.726311354083385388e-03
3.943082643774036347e-03
4.752178113615399338e-03
5.496587545879882790e-03
5.713641114498194985e-03
5.085403090958833840e-03
3.258983567460340021e-03
1.103442728532428880e-03
3.425959046359187445e-03
5.949241348586277109e-03
7.544061441274499923e-03
8.427896719331676514e-03
8.644741474645136620e-03
7.905233248314208830e-03
6.199204540119720476e-03
4.133840702473074238e-03
3.026785368244137592e-03
3.569656630970464289e-03
4.097438637633771426e-03
3.608084759243998952e-03
2.137526268390267312e-03
1.844810975473933513e-04
1.904117854756935896e-03
3.654591839664663323e-03
4.543378926550185361e-03
4.013298622788043571e-03
2.393102385318480498e-03
2.468547711777750210e-03
3.844190604912729216e-03
3.679355862287351370e-03
2.502091774332892201e-03
3.653551397185409669e-03
5.303948923124321077e-03
5.219197885272747542e-03
4.370090798229885921e-03
5.576285546200834831e-03
7.497032487722109055e-03
7.745566123664880155e-03
5.937522367875334127e-03
3.096607220618114841e-03
7.902119700132411448e-04
7.143865461583935898e-04
2.444948394242433577e-03
4.625190805790250007e-03
5.529474306714496183e-03
4.084012135986629655e-03
9.508057829710509379e-04
2.318277528729123516e-03
3.297173554799566128e-03
1.811746201682374290e-03
1.258659478791516280e-03
2.842147536968936058e-03
2.410261777773219875e-03
8.194626227577898577e-04
1.123614768573919561e-03
1.620935983390061220e-03
4.172662198855393682e-03
7.052628403727135946e-03
7.917694244132517448e-03
6.555702827675326770e-03
5.350984555404624671e-03
5.943626879861477544e-03
6.391460087249682155e-03
5.761135839900721582e-03
3.843489630247236191e-03
6.034824682324882840e-04
3.060735717611441815e-03
5.200378222127443467e-03
6.233648564193654089e-03
8.683486970411578160e-03
1.098373297816440317e-02
9.797760035522311631e-03
4.792372830531748881e-03
1.425897323713020554e-03
4.605064098027925913e-03
4.042992436193665849e-03
3.971981789505535897e-03
5.624667458299239566e-03
3.860303909437156483e-03
2.278569644186280094e-03
8.021094190572083601e-03
1.052271397106191962e-02
8.203909421268145916e-03
3.480588056013989191e-03
3.360931151085433822e-03
4.363560186322668066e-03
3.062649392431283403e-03
2.571409586037830871e-03
2.755651108306072898e-03
1.567410011897078142e-03
1.795540759217647284e-03
3.511850171724287956e-03
5.271859463852998813e-03
6.974026615419754577e-03
7.129467207711286114e-03
4.754977661736109126e-03
8.376221015680251469e-04
3.220369582992633171e-03
4.989024509371806776e-03
4.521600426996864701e-03
2.879985231844801007e-03
1.408151209171738371e-03
8.693808950335376283e-04
1.119089631749985636e-03
1.946635881580916719e-03
3.903433174223225246e-03
6.432469126145578912e-03
8.241380546145172029e-03
8.348414267045545581e-03
6.745808705887050907e-03
4.282289670119929920e-03
1.718715489460275912e-03
9.203751764953183295e-04
3.413215137481232821e-03
4.736688901534805325e-03
3.923469561210094630e-03
1.267954173378268946e-03
1.813960544113644427e-03
3.148593691198338027e-03
2.288468020389279774e-03
2.110296927907485444e-03
4.106095398892159465e-03
5.102880292781104658e-03
5.613350967138953582e-03
6.719808649348659770e-03
7.234998193493032657e-03
6.089996929944645025e-03
4.021417621309518811e-03
2.736861150530247276e-03
2.328839708496247864e-03
2.168896662939915655e-03
3.172120827578356599e-03
4.636771232101596224e-03
5.853839935895390270e-03
6.612772449343144558e-03
6.428304335278860367e-03
4.901884876645715670e-03
3.136242376639428436e-03
4.392161152241134958e-03
6.542029168759819040e-03
7.374473587242933413e-03
6.931602876994567494e-03
5.729296350130921693e-03
4.062502407845137824e-03
3.180175695460238806e-03
3.504986079991647286e-03
2.303628934413385915e-03
1.566256976564536730e-03
6.005635780029686295e-03
8.862706574300603310e-03
8.619625948822786515e-03
6.050505771164402594e-03
3.517510536413720034e-03
2.983556085127199182e-03
4.480458812916889716e-03
6.070333855381228327e-03
5.565317416773041606e-03
3.166692361909647247e-03
4.403756971079472032e-03
6.900316842121240885e-03
6.595628443283352814e-03
3.907103357523679377e-03
1.378752535195034790e-03
1.615870483517485535e-03
1.871854327603193974e-03
2.130516895375810654e-03
1.922530481462788243e-03
9.657994157152411351e-04
3.731029734579151811e-04
1.297974175897608461e-03
2.893418421290157739e-03
3.763936787461931444e-03
2.463796867533618595e-03
1.445841852255809121e-03
5.166908702812710377e-03
7.150669726587131729e-03
6.233926527103332213e-03
3.609963294004401007e-03
3.479815084492055965e-03
5.632276038495691306e-03
6.451530318482214151e-03
5.094027813915098617e-03
2.478201458512724505e-03
3.537915159694442115e-03
5.502584081335783195e-03
5.341440703305292727e-03
4.244125385094044828e-03
3.974077958823388212e-03
4.174964487963331826e-03
5.477014682945633740e-03
6.765974466906618523e-03
5.427230574876976653e-03
1.647991528670656207e-03
5.004862506626105330e-03
8.276736520516169912e-03
7.738545223026186380e-03
3.897317132225690435e-03
2.485624714322507041e-03
6.868805208811465043e-03
8.929978742730741367e-03
7.207639865071409531e-03
3.678600779977327703e-03
7.770389940166716122e-03
1.213328803028221846e-02
1.151966703289939581e-02
6.163817618698834606e-03
2.957114707188547142e-03
6.724543347374556564e-03
6.453846507576382896e-03
2.593832453908307550e-03
2.937894629838988612e-03
5.025149888148662709e-03
3.872030863601692158e-03
3.081866117372590759e-03
6.155963739861106815e-03
7.835485485060548691e-03
6.536074137248768130e-03
3.511865688564926296e-03
3.964369245692712408e-03
6.260951646308261093e-03
6.451082740909037591e-03
4.731273346816448205e-03
2.620927105877893584e-03
1.400621875446387155e-03
9.609894664228947571e-04
1.021768832873326018e-03
2.498281556878125843e-03
4.618360365337931088e-03
5.881074927129780090e-03
5.130583923002513154e-03
2.467120535457797189e-03
8.099581924457260754e-04
3.116699283044986873e-03
3.930276179549899163e-03
3.642966096580534021e-03
3.074271135930261786e-03
3.460783746011328928e-03
4.305757135097069283e-03
3.569052275860809097e-03
5.429924099759107043e-04
3.596399835051984281e-03
6.663948624519746081e-03
7.104874533310608954e-03
5.243067231854098981e-03
3.395143050246163339e-03
3.373779641026944994e-03
3.465507134005533715e-03
3.465507881126337307e-03
3.349671766889085467e-03
1.917627963686723610e-03
2.582759887092100741e-03
6.610623191927741428e-03
9.066115274662601281e-03
7.923444388182815726e-03
3.619562264991166810e-03
4.650089144523696441e-03
8.579189726648969380e-03
8.401341208044789399e-03
4.501933891639016590e-03
3.343745620437148670e-03
5.702333245444880100e-03
4.720582742662109837e-03
2.350323543230041761e-03
4.076366955703041549e-03
4.462109236559158240e-03
1.992462201753994119e-03
1.170596238725645898e-03
2.299166015259061432e-03
4.338729631505748347e-04
3.087885918702034434e-03
5.287048084828275402e-03
4.222941381662521053e-03
8.755103691387097504e-04
5.306989191332761938e-03
8.835960705429827741e-03
9.481660353129309909e-03
7.810415368061574513e-03
5.409936327422365868e-03
3.032196061750579066e-03
5.823260445069355527e-04
3.417122779702308662e-03
6.105864029712249064e-03
6.866720409758832536e-03
5.482241744599974237e-03
3.469007399022393766e-03
3.872722973428071973e-03
5.209905059295974299e-03
5.178353422562111293e-03
3.668241079797369270e-03
1.954474731433977503e-03
2.560840019151471199e-03
3.468173917171023767e-03
3.375844651483875334e-03
3.563350278978150328e-03
4.909738588860044356e-03
5.898131574801015846e-03
5.656417666905648282e-03
5.064880910832058117e-03
5.650729960610941655e-03
6.426032068295253058e-03
5.747483061704872394e-03
3.641432087809402980e-03
1.907056304006672339e-03
2.393038332655007816e-03
2.984840019598281220e-03
3.185133443174505054e-03
2.672027860980947557e-03
1.796057775101201313e-03
3.546627137441314085e-03
5.534602214502270558e-03
5.721692905007479991e-03
4.274009407049878667e-03
2.843196362247906242e-03
2.389787059876555524e-03
2.186896619061423890e-03
2.792088502371491057e-03
3.764868916818835468e-03
4.430190818045963951e-03
4.887225356667999204e-03
4.811410187994990574e-03
3.793563166488021082e-03
2.101792368679731605e-03
1.368591206973489077e-03
3.447072231593147681e-03
5.238888510038746185e-03
5.098829913580904538e-03
2.762342889673103513e-03
2.259612359996565796e-03
4.531919481049552327e-03
4.511218545992250542e-03
2.489335181213286636e-03
2.020679208966404128e-03
2.653126831655772035e-03
1.921826172301812317e-03
3.002543911380910289e-03
5.161444436149555982e-03
6.296435519485869652e-03
6.256514768764503791e-03
5.187014551867651611e-03
3.392473168335941557e-03
2.027782355830071246e-03
1.899994787218240366e-03
2.004279426551107673e-03
2.235022382490927523e-03
1.730998478712129918e-03
3.465742041190800291e-04
2.127346303311225973e-03
2.724925701052270926e-03
2.435534402721333761e-03
4.275790846798923316e-03
5.524337786944550147e-03
3.980709220284271536e-03
3.307895853079359690e-03
6.838608069724859927e-03
8.227031366672367049e-03
6.310643970695438421e-03
3.822129236389315305e-03
4.008404537341149140e-03
3.675112229377230661e-03
1.968805948784882812e-03
1.261878252568443938e-03
1.082552938822048177e-03
1.275286203379589686e-03
2.001355880801652335e-03
2.062639481821582424e-03
3.824473221419029921e-03
5.667885329934667371e-03
5.003278088465230693e-03
2.646476312083961141e-03
4.877224367345935237e-03
7.086433559536992749e-03
5.945987384926618158e-03
3.513632557462168047e-03
5.143351751112855072e-03
6.170262167744129493e-03
3.876939021766262223e-03
2.786283901044322130e-03
6.407603588193962717e-03
7.554627950048452625e-03
5.390964952463792557e-03
2.195154953016327255e-03
2.878614042245981712e-03
4.087671433671540705e-03
4.919177591387569395e-03
5.641522095096408555e-03
4.815308348789036630e-03
2.153182083559062893e-03
8.814390820172894733e-04
2.532408556250357289e-03
2.260868474862782855e-03
1.200868949763586905e-03
2.196793928055892822e-03
4.264670450604718388e-03
5.916111139766583663e-03
6.384534398744277917e-03
6.055761201268522465e-03
5.768423760455399125e-03
5.774018560278994759e-03
7.159118517933355831e-03
8.891568906976090453e-03
7.946512830546932638e-03
4.514418662068983047e-03
5.933382516256742283e-03
8.445467813504107732e-03
6.389972878912630883e-03
3.450702310096458430e-03
7.192018656150038491e-03
8.335897372547723672e-03
6.167495129498167666e-03
7.037804832280272413e-03
9.715210375383519573e-03
9.968651565554780339e-03
8.260248816430856497e-03
4.774927087770131431e-03
1.385155867358214875e-03
7.066633877775636147e-03
9.232631278015259943e-03
5.821397087931588082e-03
2.226599108560952008e-03
6.818102027107670639e-03
6.668819563622330540e-03
2.144263933295039760e-03
3.546862594752008078e-03
4.621498691839249010e-03
1.607486238988542482e-03
3.204021710296810991e-03
4.907242757149534070e-03
5.057785314521693817e-03
6.206934074607555266e-03
5.046849741133108830e-03
3.671997624465319493e-03
7.624095984111308941e-03
6.797466627446563728e-03
4.912770082221646489e-03
1.548739522457802040e-02
2.098184513108938484e-02
1.473000928626088009e-02
3.329392730044771192e-03
1.527628248036393133e-02
1.571403617774828551e-02
1.638488908918017337e-02
5.992667741316122509e-02
1.280128733989968071e-01
2.167462090997399338e-01
3.215055313784940250e-01
4.294746859393653304e-01
5.193353064210010084e-01
5.674041580629853865e-01
5.564353450028902692e-01
4.833953550577927416e-01
3.629441249238608003e-01
2.243612831797817675e-01
1.041880376958423532e-01
5.215462486281748078e-02
6.830462521329484782e-02
7.134798000648526206e-02
6.075933199552063790e-02
5.301968511726001809e-02
5.073619915272086639e-02
4.598990195888809362e-02
3.782357589020395039e-02
3.185628658187803636e-02
3.356159910507931082e-02
4.225739587014005344e-02
4.960567376079641488e-02
4.916203929993834959e-02
4.698242401716569427e-02
6.440816944211046058e-02
1.272702404963158285e-01
2.491517898747145909e-01
4.176362879146797713e-01
5.942245323596021533e-01
7.328628232690278521e-01
8.054620268214522927e-01
8.146944967448774833e-01
7.834144141906672631e-01
7.388013418401073729e-01
7.171673243814542520e-01
7.538468135427525141e-01
8.241990551654009289e-01
8.472292130070290250e-01
7.621699663085849119e-01
5.710328115823879447e-01
3.319946887149132220e-01
1.264664589267330275e-01
4.960112242570708513e-02
8.326221254492612023e-02
1.459023410931005182e-01
2.444144202562942569e-01
3.283151596918941761e-01
3.633970888068868144e-01
3.456354086903162814e-01
2.941973863276404200e-01
2.372341300203804626e-01
1.937494198137052204e-01
1.623993470756621982e-01
1.340717716486143352e-01
1.093901435609783146e-01
9.313047879803180995e-02
7.994508414684077524e-02
6.286524945758420468e-02
4.810152571971233748e-02
4.584649520657278071e-02
5.043640771927406646e-02
5.953917068121566264e-02
7.592839502641351990e-02
9.083374393309476269e-02
9.351111866766738390e-02
8.163888244116206117e-02
6.288062534209629129e-02
5.413399611272923934e-02
6.534691842415968344e-02
8.231048248922361033e-02
9.168703794948418473e-02
8.788490422660523438e-02
7.040492989796698353e-02
4.335802256019194445e-02
1.579528941604667336e-02
1.558092458133206355e-02
2.771787192165475061e-02
3.187399982710947127e-02
3.137969626904869164e-02
2.913377888615152622e-02
2.614384876967230237e-02
2.554541241113981315e-02
2.970176611528540372e-02
3.485331267742549505e-02
3.631051211781285981e-02
3.212611086871643845e-02
2.375774471897217424e-02
1.612245774905125134e-02
1.322293061783494546e-02
1.076741386604944915e-02
7.304819639019868860e-03
1.235013585770190422e-02
2.041019439520319612e-02
2.464845302210963429e-02
2.359428598610804548e-02
1.917185491570096503e-02
1.546304374866646486e-02
1.423853585035886500e-02
1.334723989876890164e-02
1.334054049805236120e-02
1.518843340713754535e-02
1.548986229584782895e-02
1.326833339028647002e-02
1.463963237179136470e-02
2.101271053156002558e-02
2.550643799967425296e-02
2.494885281736526975e-02
2.012541961250075354e-02
1.367788424809412116e-02
8.159031045219580433e-03
5.021660013339477799e-03
4.250759007516550537e-03
4.593250804584002832e-03
5.980940954407067828e-03
9.426523155518364699e-03
1.426223971615809757e-02
1.851155542857915032e-02
2.082218717431582808e-02
2.183978821039415583e-02
2.320476973750578570e-02
2.423522676003561291e-02
2.218205083010590592e-02
1.566718982496506304e-02
6.121964679334490275e-03
3.687632699616065751e-03
9.466545592151896782e-03
9.872704439830903844e-03
5.141348844855086510e-03
2.177071851145627544e-03
8.379267624638605735e-03
1.057022116886847420e-02
8.603934761210598609e-03
6.599652332879252063e-03
8.972709968333552819e-03
1.241290758425849655e-02
1.561746644400061924e-02
1.786731081828720619e-02
1.732362727021225651e-02
1.369995580294010480e-02
9.355600961727786324e-03
7.286591764384681667e-03
8.560369143076455162e-03
1.158346591750575132e-02
1.268972308567683713e-02
9.268385290320761000e-03
2.688620050122232825e-03
6.674051968002815347e-03
1.111898195222299143e-02
1.136704371528947204e-02
9.528836905014532663e-03
7.939992745307173500e-03
5.685857271069035164e-03
2.781654103522283785e-03
4.227259601081873215e-03
5.315509739907995496e-03
3.820530623196735469e-03
7.569349038237124794e-03
1.419998919094989966e-02
1.740503271283614858e-02
1.484562556470917123e-02
8.180613444864686529e-03
3.893212557608920470e-03
4.800225874053734750e-03
2.407253896318482366e-03
3.459326247206357795e-03
6.975727727780460172e-03
8.113634526673473707e-03
1.080455720457579837e-02
1.428828957971239183e-02
1.364730012592408649e-02
8.535233544577532083e-03
6.157958051519735361e-03
8.965966978994380915e-03
9.178952091606259675e-03
8.563889016787165284e-03
9.581057777982612822e-03
9.653651418103086079e-03
8.373034697109862576e-03
6.625302150137546073e-03
3.070450833008990955e-03
3.884976996585290474e-03
9.416727961164442912e-03
1.155062085136717397e-02
1.045510461383820922e-02
1.097901336103615164e-02
1.400603914149448244e-02
1.528359460114945591e-02
1.352580814714886628e-02
9.817432611945281842e-03
6.306488214024493291e-03
6.082749192351824714e-03
7.539428973368210614e-03
7.948882381219636584e-03
7.840977070838958674e-03
7.593321536256917442e-03
7.385187000481590117e-03
9.344420656465372496e-03
1.223769798573022712e-02
1.269210291442519033e-02
9.981414360523700388e-03
6.577714587366419521e-03
6.722580886460450753e-03
9.827500415003045248e-03
1.305058776552278470e-02
1.449630657523533206e-02
1.286971452797354420e-02
8.618990734655758088e-03
3.619907247130711627e-03
1.271460551949146409e-03
6.198707551573646481e-03
1.121937677377372357e-02
1.353897219193142369e-02
1.080056969249517870e-02
3.964304522911616877e-03
4.734007270843223862e-03
7.445816032249202507e-03
3.555049900950162361e-03
5.757458152141185087e-03
1.259501907209562531e-02
1.244946731949359703e-02
4.701699291546278595e-03
6.810634676186618289e-03
1.343527279602701845e-02
1.287514559580562809e-02
1.188836260740264508e-02
1.704977733491442118e-02
1.834563965656280798e-02
1.120942007239749891e-02
2.081788213299807285e-03
1.061639934283152564e-02
1.215403639730927229e-02
5.903636809022855952e-03
3.247747926697595877e-03
9.034173631122454154e-03
8.573395579595674554e-03
3.357909606424299299e-03
2.446819489133834815e-03
5.158146557752083840e-03
4.178138970542849724e-03
1.777485191525112482e-03
1.376014936821810938e-03
8.192985026821442704e-04
9.717771127811884171e-04
2.131584211297310981e-03
2.020952352627246752e-03
1.656253614139683878e-03
1.366422152816736211e-03
2.054130945310569337e-03
6.020075010230672811e-03
9.982653015648343051e-03
1.178165233859083429e-02
1.118072811286153351e-02
9.613406042221540188e-03
7.743440217301368611e-03
5.499574158463266943e-03
5.517623845968117752e-03
6.712810833072273102e-03
4.682046033291065688e-03
3.147390524228891543e-03
1.024587504271452093e-02
1.563351725993079866e-02
1.621874965539217561e-02
1.180710992650167539e-02
4.511880114187542465e-03
4.213335623216009525e-03
8.895653243943521526e-03
9.310677993018930815e-03
5.861031347741008785e-03
2.114904178385044065e-03
3.168145496298430987e-03
4.226605667263807174e-03
6.535755651272129839e-03
8.178157733587336845e-03
5.858417874547284729e-03
1.531389379700104445e-03
7.614763883511169694e-03
1.111317404695882222e-02
1.017603067462296770e-02
8.001659993372458451e-03
7.780928670586827710e-03
6.165464839830049962e-03
1.709760217726656855e-03
4.903222806503264829e-03
8.452506653221076444e-03
8.822947443913051538e-03
7.482189447953854766e-03
5.247978969824743448e-03
1.053003870699862959e-03
6.467360472030262222e-03
1.326009300117668259e-02
1.705065944280235307e-02
1.686239813757165959e-02
1.370691571923971126e-02
9.101062534799682011e-03
7.319005139170360955e-03
1.196702877842700970e-02
1.478625338104134351e-02
1.112319131072766858e-02
2.504282456121261890e-03
9.097623393749403736e-03
1.420083175911304382e-02
1.226605845711036154e-02
9.021217410874551174e-03
1.215030603663114737e-02
1.396143709913938435e-02
1.152864413293426538e-02
8.543603027389995094e-03
6.358854308380812795e-03
2.545950651968547241e-03
3.198612708898993743e-03
4.308483772512101267e-03
8.445426385831215411e-05
7.699562434836834147e-03
1.358373857339353549e-02
1.416286237109356909e-02
1.060476190052346036e-02
7.180804593021746125e-03
3.463658817174960179e-03
3.846368013635219005e-03
1.260218244206664888e-02
1.776514621081375436e-02
1.603791505550848304e-02
8.436297487628372296e-03
2.999205312477328748e-03
8.919710722270705883e-03
1.066366989389334538e-02
9.034986580333276285e-03
1.159151192240753803e-02
1.835638904488894052e-02
2.258189568080145801e-02
2.200999550628169460e-02
1.859900578235549815e-02
1.527943911181247130e-02
1.307793232717573140e-02
1.433285752705746111e-02
1.826097371911571468e-02
1.884615830209203716e-02
1.347436632686925366e-02
5.073323472392792660e-03
4.625235925077865982e-03
8.051464850942928464e-03
1.100161571297801275e-02
1.504300114090176277e-02
1.638781304284693541e-02
1.249742941213551235e-02
5.028739237675683774e-03
4.805780045716758452e-03
9.305730524185002600e-03
9.355195150032791923e-03
6.557581611853730702e-03
7.698300451779814882e-03
1.158232307975662866e-02
1.274800869462752381e-02
1.134258223928020885e-02
1.039203202493792222e-02
9.732510580987957169e-03
6.528997814680956302e-03
3.091155419527330788e-03
7.374561492300830273e-03
1.029509736905422947e-02
9.207035569100361153e-03
4.841822717572037346e-03
1.400321694946015175e-03
7.992237177907354773e-03
1.329804016938662160e-02
1.525200537696340744e-02
1.289042346596529741e-02
7.797335909750977533e-03
5.913412293825870587e-03
8.481330920988768354e-03
8.188275164110912427e-03
4.625875001409687250e-03
8.687913116109505923e-03
1.634116824566548762e-02
1.930474034510554562e-02
1.483348195376108652e-02
4.795255843494389790e-03
7.519726284577014745e-03
1.405528095935939907e-02
1.386810745544914472e-02
9.071699093846688142e-03
3.757919948222545811e-03
2.721642442818291829e-03
8.291848759479516703e-03
1.208086112843646635e-02
1.090516530737518745e-02
1.110975186353818644e-02
1.983561719230516815e-02
2.647865912786720802e-02
2.566238667251617006e-02
1.940769714668374654e-02
1.256217649123894491e-02
6.380048196502131549e-03
6.603616151756235703e-03
1.323511660780319309e-02
1.519827394711621878e-02
1.292837243848324325e-02
1.366237133684398281e-02
1.463765134665872408e-02
9.132635150199621896e-03
3.754676398352449745e-03
1.109119580358307496e-02
1.161621536909557620e-02
4.712391478267398577e-03
3.975236794201402607e-03
7.164760972334991221e-03
4.985179400126245677e-03
7.828786371939972649e-03
1.067864626623048381e-02
7.636058756401468625e-03
6.640637871741608168e-03
1.079285208838770202e-02
9.689189900585275586e-03
7.353791338444723782e-03
1.170534428772053437e-02
1.223554871409351930e-02
5.468591217831824704e-03
4.461431029915255246e-03
1.038290063927373684e-02
9.777155004485912557e-03
6.683036295281169145e-03
6.505984168709093816e-03
4.592981620635942265e-03
7.143284256343046361e-03
1.520980556196765976e-02
1.972327155050161360e-02
1.812897009279730229e-02
1.215643478036316887e-02
9.666757575715001494e-03
1.515942988199692545e-02
1.764342204490183807e-02
1.236325993235912364e-02
3.694695961469013357e-03
1.171580750035984206e-02
1.578217632138390059e-02
1.103581268839725488e-02
2.618929591983212325e-03
5.753586416265305849e-03
5.208579488617289498e-03
5.740426073650974070e-03
1.223225080743739826e-02
1.384728411609384077e-02
1.105869814679873511e-02
1.220946353623063481e-02
1.477961880530173112e-02
1.359014831500347797e-02
1.351119948021701003e-02
1.538379273467535037e-02
1.243137883690652833e-02
5.878319455128151218e-03
9.685921306315509530e-03
1.306998041094864331e-02
9.134560199786201373e-03
9.062511596263442141e-04
5.889005707236993903e-03
7.053100753311841373e-03
3.229974197004813544e-03
3.105790511640274185e-03
6.471691153780688606e-03
7.343493630040684103e-03
6.775595553978509475e-03
5.163227845794104293e-03
2.718139084783070380e-03
2.050530588722237254e-03
3.898502591287817190e-03
7.190455974885576890e-03
1.078812709560145709e-02
1.211932676226826731e-02
1.004061892255600150e-02
5.696035224658713841e-03
3.503830016553214841e-03
8.512031945652981033e-03
1.404873238860955033e-02
1.671468585516400901e-02
1.477457928120489219e-02
9.350213179049299272e-03
5.127432302428108074e-03
7.030899906253646088e-03
1.075299963427483671e-02
1.447669597664588692e-02
1.606322989864430312e-02
1.345028413575177773e-02
7.115176088315256116e-03
2.393115417603597448e-03
6.768840075004263143e-03
8.045987444079616066e-03
5.266618747684847883e-03
5.181018915881511599e-04
5.157162823122233425e-03
7.922716303922636844e-03
7.403327441829629652e-03
4.948686455642123741e-03
5.206284151224606013e-03
8.520617219781628088e-03
1.136283792948513532e-02
1.262636915249063657e-02
1.186786361681957565e-02
9.164832532239250429e-03
5.159610825245205742e-03
8.376082513890298125e-04
3.148835793086324913e-03
5.210148251004517034e-03
6.486952018837711595e-03
1.062836788915781649e-02
1.634972335138522304e-02
1.932784608548164182e-02
1.715532507939405635e-02
1.092825220424725047e-02
5.930878925596478474e-03
7.282022995820913551e-03
8.240036884690705304e-03
7.411586431818565669e-03
6.699619658557028762e-03
5.875431715190523527e-03
4.946827907056934766e-03
6.319085304358539566e-03
8.336438013241997610e-03
8.073973863119992059e-03
5.013749753739381310e-03
3.801977643913719441e-03
8.117448539106042124e-03
1.045567724777250566e-02
8.586566061972680797e-03
3.665651628315293262e-03
5.305492968836525089e-03
1.023888458563923520e-02
1.235472466104536003e-02
1.196724101417689229e-02
1.063650792116035970e-02
8.848326606354891752e-03
5.753113255114856994e-03
1.515701758752900077e-03
5.591057380115856297e-03
1.130056601396941390e-02
1.539729639830048590e-02
1.682201335780962592e-02
1.534516695281329911e-02
1.179081957026324734e-02
8.232756874275052456e-03
7.895343650148385628e-03
1.086695922977804450e-02
1.419531499957140189e-02
1.584619408860772627e-02
1.463933039128601649e-02
1.089221203516305310e-02
6.641750365218268039e-03
4.393161570929127353e-03
5.481897841529744658e-03
9.046432055230129582e-03
1.180076223485854864e-02
1.072688263751746252e-02
6.019877308320866968e-03
5.852494364131641258e-03
9.272923713891236680e-03
7.251143203052549426e-03
4.262518568704034248e-03
1.365885693969647041e-02
2.052680515898008470e-02
1.967085774147256036e-02
1.267821389242819452e-02
1.207616617591902863e-02
1.900761800287367395e-02
2.032234627986056336e-02
1.393288857187242880e-02
4.600476973552872911e-03
6.609060598863544626e-03
8.690373094334340187e-03
5.346036265938732164e-03
4.524229016471423455e-03
8.317409824255599105e-03
9.291842402258911754e-03
1.002472875249075385e-02
1.338441432491433748e-02
1.616169984262466261e-02
1.676379827920158883e-02
1.708688873453839685e-02
1.849884754998860903e-02
1.978930752726273945e-02
1.978758096360046931e-02
1.791991857453587716e-02
1.357385340865879288e-02
7.237551591347789366e-03
4.060790906619995110e-03
7.527691373483027908e-03
8.552403513792546791e-03
6.486022349223826214e-03
4.250602750931891348e-03
4.805146371045556850e-03
7.514403018028577123e-03
1.169364683945192489e-02
1.471675250812845732e-02
1.397055134832633251e-02
1.087174515353614770e-02
1.192441379420909608e-02
1.534403583032813156e-02
1.543675750956492385e-02
1.483125096094198118e-02
1.925083164889383747e-02
2.474435553011529454e-02
2.648188791047498269e-02
2.367228380591178058e-02
1.682464657088403315e-02
6.945877517817451718e-03
4.662218964467132118e-03
1.042258665512592677e-02
9.014969182175191012e-03
6.168501619887659278e-03
1.401547983435949551e-02
1.908005432829919940e-02
1.652674656649003732e-02
9.251684121499969410e-03
4.509221259591315346e-03
3.950144016569566083e-03
5.819444264198636065e-03
1.107370059015991108e-02
1.443560748566801409e-02
1.530970251999930719e-02
1.499716628109352620e-02
1.200549933100666933e-02
7.003227351386152703e-03
1.022191137624872161e-02
1.496303057289099896e-02
1.381298660877595084e-02
8.582276062600728214e-03
5.304665667841361280e-03
4.771976920967791434e-03
4.745938266399587178e-03
6.137819721666356101e-03
9.848230763560188519e-03
1.856408010135992756e-02
2.661098449070359653e-02
2.815576931092454369e-02
2.598937993449959918e-02
2.905990456987753504e-02
3.177778758955784877e-02
2.352784691190948352e-02
5.532856501074098939e-03
1.718867002846024075e-02
2.871231568295812622e-02
2.720401621646346621e-02
1.789858350968126857e-02
1.112048451861418104e-02
7.334836460099842734e-03
1.225807440502788307e-03
8.728946552590727964e-03
1.229420123473766967e-02
1.037728954818769277e-02
9.579421564657143381e-03
1.137244406757121316e-02
1.115632518796128535e-02
1.322941331389712767e-02
1.842446468409321067e-02
2.055981084562701414e-02
1.736517674163255698e-02
1.024599859321941552e-02
2.234701336693998598e-03
6.039849668014914998e-03
9.318733495628677907e-03
7.763601457522403826e-03
4.231856798802524113e-03
4.414071104990870478e-03
4.105491213452376609e-03
3.378467114950693077e-03
5.426700549838763508e-03
7.403856837243373047e-03
1.349018022153005737e-02
1.978385747336094611e-02
1.818577027215059413e-02
8.096991010082240162e-03
1.764792147560037897e-02
3.246356131495303776e-02
3.630101732489397770e-02
3.095629592145623249e-02
2.747087641389233878e-02
2.567187933582679854e-02
1.475851413332882750e-02
5.990441014320880414e-03
2.423803564958077264e-02
3.123288637667113316e-02
2.476998068533654493e-02
1.497029158178329530e-02
1.539406615946205259e-02
1.668800033737314475e-02
1.735301540334514836e-02
2.063964596009460958e-02
1.886847272758235272e-02
9.093224305140604202e-03
5.675856698835476423e-03
1.274798609071152097e-02
1.114184508306020199e-02
3.058990871194477382e-03
6.263859307377447373e-03
1.281657774257773455e-02
1.841986123343623133e-02
2.275720206979430296e-02
2.276553990342942632e-02
1.809683030596567765e-02
1.202845355915059360e-02
8.860753710242474934e-03
1.143278143140895146e-02
1.414992166468765147e-02
1.048392867125797281e-02
1.346065199390113166e-03
1.469593806856363608e-02
2.339427345185324247e-02
2.281711669280597765e-02
1.772050692036512137e-02
1.874906363325139561e-02
2.131687931890760210e-02
1.849884705222219067e-02
1.516854289943179654e-02
1.774313465930300523e-02
2.108719097594130565e-02
2.151741015155435310e-02
1.771712180243632459e-02
8.508800715809505810e-03
8.694434196759687553e-03
2.160516418270211694e-02
2.776918992440827530e-02
2.384231949006335172e-02
1.277984292119654572e-02
7.039347300523317655e-03
1.611078750475710558e-02
2.407575860435074572e-02
2.938985190832599237e-02
3.133882347563166776e-02
2.975988719103013491e-02
2.708546355253731164e-02
2.626183643492215752e-02
2.632689067773403072e-02
2.485728630964462171e-02
2.248528708707652965e-02
2.135717581019063588e-02
2.069300917954091171e-02
1.834527775504324332e-02
1.478638064933612828e-02
1.183885031155313544e-02
8.996191984467494240e-03
5.065396611888663657e-03
1.978393286050076586e-03
2.845806601121304413e-03
3.540911762743060871e-03
3.922632870606819824e-03
3.245360642008783027e-03
7.198003361288072069e-03
1.545708311213691601e-02
2.154921585094745490e-02
2.169534535010594553e-02
1.818582350880815213e-02
1.996773991438954149e-02
2.552023113801974927e-02
2.584954558417469281e-02
1.889156343586385900e-02
9.280609974749578356e-03
7.554932334605697630e-03
9.442001060090896014e-03
6.499902089810580090e-03
2.792645950375785297e-03
7.674612879799335742e-03
1.084704661045683520e-02
1.035122447494579018e-02
7.436707190933512790e-03
4.449872986708047415e-03
4.215829410259233634e-03
6.605919864924261579e-03
9.053728693259818078e-03
1.048473113456968066e-02
1.165202847140472432e-02
1.363460164361177812e-02
1.495032601834004812e-02
1.331323454724924610e-02
8.506376694486460915e-03
3.760711433500217409e-03
6.023874274724679012e-03
8.894881632151250064e-03
9.662945159860080943e-03
8.487395924560466390e-03
5.651406382182294803e-03
4.729737269951483393e-03
8.463399620311293572e-03
1.060219773487581368e-02
8.663020833964248796e-03
5.126837550653934317e-03
9.204364072465514093e-03
1.685374868532676582e-02
2.502862228068601647e-02
3.249310468050883860e-02
3.575814133041838733e-02
3.143262274074423018e-02
1.971225938440857722e-02
5.410169784157627115e-03
6.556811305956064366e-03
9.732173897187574446e-03
7.025629800639868888e-03
8.601918569536778914e-03
1.276938618581270786e-02
1.205038554177665679e-02
7.026127665884555028e-03
5.574323563592530235e-03
9.627873321734887330e-03
1.187655495187891520e-02
1.225484067999981636e-02
1.205491746789619928e-02
1.261672515299223744e-02
1.481816722444251853e-02
1.765674559857400780e-02
1.950508618567231220e-02
1.913732287906726171e-02
1.546595992298262223e-02
8.405921581950458535e-03
2.727552824159571159e-03
7.702188282684534204e-03
8.584815588570261086e-03
6.670686256092817415e-03
1.227809520449680940e-02
1.874910649015554265e-02
1.907636470410389862e-02
1.353802386408067306e-02
1.040001007950263137e-02
1.311547333053111192e-02
1.376241736670618526e-02
1.808064489024510668e-02
2.858433671601684836e-02
3.522973934641837612e-02
3.225917926123995222e-02
2.280775196808138006e-02
1.954940171456987646e-02
2.502940677860152757e-02
2.846914062097408507e-02
2.980637596833902656e-02
3.151840282969843587e-02
3.094366574743100465e-02
2.563909588945263718e-02
1.767153766330879783e-02
1.088447945191372938e-02
6.442577968280269879e-03
5.072795748907754990e-03
6.790401236367945778e-03
6.723933288378573271e-03
4.630635132674775813e-03
4.865694947019459649e-03
5.749808332833740085e-03
3.975377306432288822e-03
1.944921719809724475e-03
3.381620660045143653e-03
3.432403109913844189e-03
4.826378753895428815e-03
8.834651758979459799e-03
1.149911687784039953e-02
1.091870262985211379e-02
7.790429793249180508e-03
8.253547933067690787e-03
1.500867299381518534e-02
2.182394940975718525e-02
2.611270998204978655e-02
2.759877502034133526e-02
2.592458937507075706e-02
1.941574766487883658e-02
9.528599882997930426e-03
1.784765250059864444e-02
3.484394931116405886e-02
4.584324329661840225e-02
4.629299143420462226e-02
3.653904576887553879e-02
2.045322794471058150e-02
2.653163471908246036e-03
1.362292268184633025e-02
2.634706970084249589e-02
3.364638796184432623e-02
3.418073738335853512e-02
2.846741351511340029e-02
1.913168961658404457e-02
1.028003940321258608e-02
8.536573617876701617e-03
1.154899702689468795e-02
1.082928595351752461e-02
4.594564719306214184e-03
5.024690377665589833e-03
1.338976482020933639e-02
1.647781597957077154e-02
1.318762947115314360e-02
6.049134286880317526e-03
6.099801020783349181e-04
3.546446639163242705e-03
2.484803927590155132e-03
4.762504490724886160e-04
2.113365656696581524e-03
1.641811622599097459e-03
4.025249794791335126e-04
1.545777015025055984e-03
1.283595563431588066e-03
3.119619497656691913e-04
1.242080091659744255e-03
1.104130124918559263e-03
2.225680641736683062e-04
1.043180983749163399e-03
1.007762518316379120e-03
1.626670656751454905e-04
8.908401234690699853e-04
9.515910727698485274e-04
1.687771307473045037e-04
7.606913778169142274e-04
9.132435120863068414e-04
2.282062296895067571e-04
6.420434205149537152e-04
8.805990407405033405e-04
3.031676539607469569e-04
5.303647059119127654e-04
8.471819852128532674e-04
3.769568599424756410e-04
4.242036456173283745e-04
8.097266209900350889e-04
4.437485138804815642e-04
3.240257189768355620e-04
7.668259952944128091e-04
5.012287940319691288e-04
2.324183392991479376e-04
7.181727326272864141e-04
5.484177452312649810e-04
1.569869455083660638e-04
6.641303755416656622e-04
5.849700490410470258e-04
1.192403166055620969e-04
6.054938211170202145e-04
6.109060795496791627e-04
1.405714647253884406e-04
5.433653854338586298e-04
6.264899888545812654e-04
1.950352650993688133e-04
4.791142915169709299e-04
6.321661877388351980e-04
2.563033125279541341e-04
4.144180971719235588e-04
6.285222792468923847e-04
3.152308704088492737e-04
3.514170156114593637e-04
6.162656785194133534e-04
3.686258298828921443e-04
2.930501658404409838e-04
5.962086383104812752e-04
4.151238460672946099e-04
2.436278085011066438e-04
5.692598527752432353e-04
4.540709151932836190e-04
2.092651305954985365e-04
5.364228692934871773e-04
4.851701865843925676e-04
1.962872364173854104e-04
4.988033084955533500e-04
5.083486468866776258e-04
2.060411504395524862e-04
4.576290002359826529e-04
5.236981718532786366e-04
2.325953297333959607e-04
4.142899605365985330e-04
5.314454573311912190e-04
2.678845599037828684e-04
3.704082711833580179e-04
5.319346858991154652e-04
3.059286987523677777e-04
3.279477069351304798e-04
5.256167510118174221e-04
3.430983542646572830e-04
2.893542883611204854e-04
5.130427534548057198e-04
3.772639652118362614e-04
2.576392347426398680e-04
4.948612923162467063e-04
4.071547401344420818e-04
2.361229431563271943e-04
4.718201600983861735e-04
4.320062511611977123e-04
2.274310731086046989e-04
4.447739443631498865e-04
4.513769898783845792e-04
2.319971556663359767e-04
4.146999056195429341e-04
4.650509975808013322e-04
2.475749551981892339e-04
3.827251439867111640e-04
4.729838943797265373e-04
2.704792565631801622e-04
3.501674280744185470e-04
4.752715310111719203e-04
2.971302201073184896e-04
3.185868927594876355e-04
4.721311699636251882e-04
3.247419587067913900e-04
2.898284147354172912e-04
4.638903228512533867e-04
3.513383042082418519e-04
2.659933472540456268e-04
4.509810536432459706e-04
3.755614713591943024e-04
2.492209664040646042e-04
4.339390673260055497e-04
3.964899554725943593e-04
2.411743869055597064e-04
4.134078565861576578e-04
4.135107363143627427e-04
2.423790492616394231e-04
3.901487864614669606e-04
4.262375193796281644e-04
2.519157250328622148e-04
3.650581100913730028e-04
4.344597190745249087e-04
2.677957382085756279e-04
3.391907932274564400e-04
4.381106389587814112e-04
2.876833687436345342e-04
3.137868303677159736e-04
4.372476138701727761e-04
3.094397564083032378e-04
2.902849884824657760e-04
4.320399283868443449e-04
3.313353027039539012e-04
2.702882056154227303e-04
4.227622701978363566e-04
3.520534113338337056e-04
2.554209698435080380e-04
4.097927104724240796e-04
3.706213583516406395e-04
2.470302790297294144e-04
3.936150049924513764e-04
3.863359853134567677e-04
2.457897483749717487e-04
3.748254894848027509e-04
3.987049402887930046e-04
2.514321533984960008e-04
3.541448927119168972e-04
4.074050546674576334e-04
2.628287502647152075e-04
3.324345428484186101e-04
4.122542703484673816e-04
2.783627645105492569e-04
3.107135996454903309e-04
4.131932872576557720e-04
2.963349780401148647e-04
2.901671973187874777e-04
4.102740884374359454e-04
3.152179185467321801e-04
2.721229831923939490e-04
4.036535469322141646e-04
3.337494951633251570e-04
2.579588245931649349e-04
3.935911590395860184e-04
3.509335969731877300e-04
2.489062600105774320e-04
3.804505701566472686e-04
3.660061373111094690e-04
2.457669476938075621e-04
3.647049663823308577e-04
3.783966364985559831e-04
2.486616377419456343e-04
3.469465008377948427e-04
3.876961604433973199e-04
2.569767078375307366e-04
3.278993849194428763e-04
3.936336146242973700e-04
2.695543729005013588e-04
3.084343612748331374e-04
3.960593955793763679e-04
2.849973224201244487e-04
2.895776713425113769e-04
3.949348542287988589e-04
3.019249089425794243e-04
2.724988986046897148e-04
3.903263084054836899e-04
3.191145279498169016e-04
2.584503639999681003e-04
3.824028209707002780e-04
3.355486694828073197e-04
2.486264888604600349e-04
3.714374193741168829e-04
3.504114714163963874e-04
2.439385972105604316e-04
3.578117895839225300e-04
3.630669649483684929e-04
2.447726993314029340e-04
3.420246304459492607e-04
3.730352220603101038e-04
2.508623964392623024e-04
3.247035569400581701e-04
3.799724580177409896e-04
2.613660830478571292e-04
3.066191333316939382e-04
3.836563942430985222e-04
2.750978797681671970e-04
2.886962461441814959e-04
3.839764739338176035e-04
2.907767105520921223e-04
2.720111841377555618e-04
3.809281715722146020e-04
3.071983687162209214e-04
2.577523204374479872e-04
3.746108039957845464e-04
3.233171464046068568e-04
2.471142032871441094e-04
3.652285717163869538e-04
3.382665781877480489e-04
2.411074768631656074e-04
3.530948795722071466e-04
3.513511725868305870e-04
2.403210139365824841e-04
3.386401917071745187e-04
3.620290814997003119e-04
2.447453713486984163e-04
3.224235638136920901e-04
3.698950286382290714e-04
2.537701112352307208e-04
3.051471108980200126e-04
3.746667643680509576e-04
2.663586381308344830e-04
2.876700958938880064e-04
3.761756269632566163e-04
2.812905742742799974e-04
2.710136214310417319e-04
3.743608883431407070e-04
2.973585392133477000e-04
2.563370393935158293e-04
3.692674580485099290e-04
3.134787193953710287e-04
2.448563824798129598e-04
3.610467255781445086e-04
3.287318332128884085e-04
2.376779941390373349e-04
3.499606177935967876e-04
3.423656916927188005e-04
2.355615999261582473e-04
3.363892054307484020e-04
3.537826213376424919e-04
2.387040933618108870e-04
3.208422351015058111e-04
3.625240532681488171e-04
2.466727794405931492e-04
3.039744063274098566e-04
3.682573124135391385e-04
2.585351809263408619e-04
2.866022289945503233e-04
3.707660386848924414e-04
2.730986003221379677e-04
2.697153955903957429e-04
3.699442665884504055e-04
2.891313591047462990e-04
2.544660804792442670e-04
3.657938510721234736e-04
3.055003197416957385e-04
2.421065521570224858e-04
3.584250451079163693e-04
3.212295334324623427e-04
2.338406177432088241e-04
3.480603234381637553e-04
3.355112613317437682e-04
2.305847862606070098e-04
3.350418607143590584e-04
3.476963108845916020e-04
2.327149989605558993e-04
3.198432568162785233e-04
3.572790169710578657e-04
2.399419106131346732e-04
3.030858298835227712e-04
3.638835539787110612e-04
2.514022329069832127e-04
2.855583090630145937e-04
3.672537220163176667e-04
2.659011401446199495e-04
2.682345187078386786e-04
3.672464707310464822e-04
2.821614248452720920e-04
2.522743760584438021e-04
3.638288899399493839e-04
2.989884062928162083e-04
2.389784929598126606e-04
3.570784565748893178e-04
3.153445448029251123e-04
2.296547193435167806e-04
3.471866293622333146e-04
3.303665958662603194e-04
2.253750116465657542e-04
3.344662637994764097e-04
3.433568871346699886e-04
2.266832549019912361e-04
3.193636477858323246e-04
3.537673348885060891e-04
2.334118681528758873e-04
3.024759597458685193e-04
3.611844483256300008e-04
2.447377547689468034e-04
2.845739352838082877e-04
3.653180072554960099e-04
2.594348017222434534e-04
2.666259282327631576e-04
3.659937743368155377e-04
2.761576934987324179e-04
2.498105613970302038e-04
3.631499219400259517e-04
2.936365803002455245e-04
2.354882127811992146e-04
3.568368953704820993e-04
3.107663418874657382e-04
2.250823603826785713e-04
3.472207743762372053e-04
3.266273310883629046e-04
2.198303508206191515e-04
3.345906586572565096e-04
3.404753804252105614e-04
2.204467833816560495e-04
3.193710843469423424e-04
3.517233855780975741e-04
2.268742616582901785e-04
3.021407658791003237e-04
3.599241560275146575e-04
2.383036338621406574e-04
2.836584441766624651e-04
3.647575387337719530e-04
2.534461019159365181e-04
2.648937426535042175e-04
3.660220995131547423e-04
2.708623998287463066e-04
2.470523866342982998e-04
3.636308849335686297e-04
2.891915462263854692e-04
2.315663754733038684e-04
3.576108587868377176e-04
3.072534632680300106e-04
2.199923866743102641e-04
3.481060151055675577e-04
3.240702191817496601e-04
2.137556896564102023e-04
3.353847343544303326e-04
3.388521460973227713e-04
2.137595824459411387e-04
3.198526008257267629e-04
3.509753476237934726e-04
2.200548844996554748e-04
3.020725035153378943e-04
3.599615154734323356e-04
2.318198381458656159e-04
2.827939102811502492e-04
3.654630742184173352e-04
2.476652710943876012e-04
2.629912404219755307e-04
3.672536423945502626e-04
2.660258331805415697e-04
2.439035373653844073e-04
3.652230473269565047e-04
2.854295692112004935e-04
2.270473672559688780e-04
3.593762915396928417e-04
3.046121048979295929e-04
2.141381411668729251e-04
3.498363773582617879e-04
3.225342150065034583e-04
2.068287096595372901e-04
3.368515811445336365e-04
3.383607389713089554e-04
2.062501052607455939e-04
3.208086104351536060e-04
3.514320808207904278e-04
2.125711993307052025e-04
3.022540449652063731e-04
3.612400379667418692e-04
2.249265824980099175e-04
2.819272428208261763e-04
3.674105484656917889e-04
2.417757815054037208e-04
2.608071892981145626e-04
3.696927633819241041e-04
2.613837421984227440e-04
2.401696092597655060e-04
3.679532412292368005e-04
2.821413476107798631e-04
2.216297776519104653e-04
3.621743856544436474e-04
3.026878405666595683e-04
2.070987715856747893e-04
3.524568930970533036e-04
3.219184404707701314e-04
1.985238057443956935e-04
3.390267994129055312e-04
3.389515365332763453e-04
1.973378953572521913e-04
3.222487652171403803e-04
3.530917728719536490e-04
2.038561221293784499e-04
3.026486271734193522e-04
3.638008098515379965e-04
2.171257872561317096e-04
2.809499241791011499e-04
3.706772510426768015e-04
2.353769331217373266e-04
2.581302279602393050e-04
3.734441760954143033e-04
2.566399845255752351e-04
2.354999273119756772e-04
3.719424421212970898e-04
2.791322215644867250e-04
2.147870101107784274e-04
3.661284987355516250e-04
3.013808810435529648e-04
1.981521974226524950e-04
3.560762812043146461e-04
3.222102821255207195e-04
1.879526261728815502e-04
3.419837137838407037e-04
3.406906357106430274e-04
1.860668726820126763e-04
3.241856179711581328e-04
3.560895574099590360e-04
1.930189745857460498e-04
3.031766714598588502e-04
3.678365166466660615e-04
2.076921264925223921e-04
2.796508732528071904e-04
3.754995349972821569e-04
2.279485584506393359e-04
2.545677630173032884e-04
3.787710655818639100e-04
2.514785692134625722e-04
2.292580571733974788e-04
3.774603311541247733e-04
2.762735006269884347e-04
2.055701572621360378e-04
3.714903620693682843e-04
3.007297580330234093e-04
1.859937572209765068e-04
3.608989997342789899e-04
3.235957054338596908e-04
1.735115305043793033e-04
3.458442245046659336e-04
3.438916233345188527e-04
1.707540389110048015e-04
3.266155905303001587e-04
3.608454571865315173e-04
1.785946878573766534e-04
3.036558198806244978e-04
3.738496310779778438e-04
1.955745018116594269e-04
2.776006773293335423e-04
3.824342485609594851e-04
2.188985488936407483e-04
2.493527371581446325e-04
3.862513255600380198e-04
2.457298832928463410e-04
2.202171973091754907e-04
3.850661301869531664e-04
2.737622938723352516e-04
1.921399628805742080e-04
3.787532049348790275e-04
3.012462496443525759e-04
1.680493740702291953e-04
3.672958831393622172e-04
3.268550449939366096e-04
1.520128869715887130e-04
3.507892380091158393e-04
3.495593661792888683e-04
1.482088430806653267e-04
3.294477784383643515e-04
3.685424271899477729e-04
1.582054819381524383e-04
3.036215123928549375e-04
3.831484064865212395e-04
1.796077266793923632e-04
2.738287636677130452e-04
3.928524687904646844e-04
2.082243274006992341e-04
2.408252064667638101e-04
3.972437138185039036e-04
2.403614630634051642e-04
2.057561833152428139e-04
3.960156118281341043e-04
2.733634046946873666e-04
1.705086970977847305e-04
3.889606973778561897e-04
3.053626526104764503e-04
1.385190074326516957e-04
3.759676895123917361e-04
3.349838467918968710e-04
1.161778210097359136e-04
3.570201367005276815e-04
3.611536986789262000e-04
1.122764882816106133e-04
3.321964703977710169e-04
3.829947976670568092e-04
1.298275663298200375e-04
3.016724023403334208e-04
3.997681128575766895e-04
1.621416599595158878e-04
2.657288378183555598e-04
4.108416101220706013e-04
2.015902805133126102e-04
2.247749046180904644e-04
4.156725028597489722e-04
2.435339132252754715e-04
1.794188300801077677e-04
4.137964237696625022e-04
2.853041686255388299e-04
1.307271033871791859e-04
4.048199158437684460e-04
3.251533222167823445e-04
8.153469263120649449e-05
3.884144565712405162e-04
3.617545704736461793e-04
4.663038044927649917e-05
3.643117260168292587e-04
3.939817203456505413e-04
6.918728599730629544e-05
3.323022281100627170e-04
4.208048173489907810e-04
1.238949216774333658e-04
2.922458852940940056e-04
4.412321756268787151e-04
1.855327868100680247e-04
2.441264195958249366e-04
4.542688596176754036e-04
2.494352199557054502e-04
1.882858125299763027e-04
4.588769883822698434e-04
3.139764196373247707e-04
1.266287553135484357e-04
4.539294639196391921e-04
3.781296639803632021e-04
7.196654472119596050e-05
4.381534211529958776e-04
4.410560636450964632e-04
8.830187154790655149e-05
4.100732231233059663e-04
5.020139047033637036e-04
1.747054776386410837e-04
3.680242723424303444e-04
5.603558536762311701e-04
2.881783460496821730e-04
3.106250139416400803e-04
6.155844801263091193e-04
4.255723168356032558e-04
2.400452721642639276e-04
6.675106171016465407e-04
5.948575257454014921e-04
1.838599655173150276e-04
7.166895077249220642e-04
8.153671617656103486e-04
2.546250430556214282e-04
7.657801443856179129e-04
1.134755576459091928e-03
5.340849936930198950e-04
8.248254960257526492e-04
1.706839570345114378e-03
1.197911611174135461e-03
9.423138385210635265e-04
3.529897642607118715e-03
5.088220180118513923e-03
