5.874589011919782375e-03
6.876577995745230230e-03
5.816212113347232933e-03
4.007286524014388833e-03
3.081519504972330889e-03
2.178617240409163811e-03
8.060334440908743705e-04
2.726785559951921002e-03
4.166364108287903475e-03
3.743267550150967526e-03
1.797440384780598635e-03
1.173741081806998956e-03
2.309780988135065084e-03
1.789345735876824448e-03
1.255570630811771215e-03
3.705227117517648997e-03
5.575260341511684668e-03
5.784465577679575969e-03
4.491120824802113248e-03
2.827796580388746220e-03
2.091093892064029448e-03
1.563535918317562629e-03
1.034750766963103566e-03
3.260925273866562262e-03
5.494633281173846862e-03
6.122617899549168997e-03
4.591400976711445918e-03
1.543854914999206931e-03
1.675147684587940684e-03
3.749674506724290281e-03
4.413673838888796871e-03
4.114732171018660456e-03
3.510559603844533305e-03
3.183011639554524271e-03
2.754547251665117116e-03
1.187734084051477118e-03
2.373047475294605847e-03
5.189247256543813233e-03
5.693442292518980340e-03
2.901128969388818129e-03
1.963089930781634820e-03
5.883293277810308988e-03
6.533257922174351418e-03
4.094561109178326136e-03
3.381663955974366104e-03
5.072870944153573189e-03
4.544189062091561621e-03
3.462518782492724195e-03
4.046956822809224391e-03
3.697616563082708856e-03
4.266062323860710971e-03
6.553928634683430475e-03
6.322078728681826756e-03
3.169183170040705804e-03
5.069487070745035823e-03
8.357307459481979825e-03
7.802439232658186542e-03
4.939243563521859663e-03
4.975608867439114749e-03
5.444543369191859848e-03
2.916320875607515337e-03
2.042573213007784806e-03
4.884160625460021686e-03
5.055209276645509196e-03
3.153074802948390137e-03
1.471730477783530274e-03
1.116111893376651228e-03
1.773420884428007988e-03
2.636844121402568287e-03
2.577004021897233953e-03
3.466439861102909442e-03
5.787772763349434933e-03
7.410327829484240382e-03
7.766661459617373899e-03
7.038212615519509781e-03
5.040229264687232438e-03
2.183591623817385686e-03
2.140029064573447607e-03
3.063590912038690380e-03
2.528128844994418766e-03
3.493358232240339166e-03
5.004872402232525552e-03
5.068426735999062051e-03
4.851540569024038498e-03
4.993659760235782431e-03
3.472770753651405196e-03
1.579693280803378015e-03
5.755280448965773184e-03
8.725191361910146146e-03
8.661079808590065043e-03
6.157508639003245188e-03
3.651469553933772184e-03
3.669338745270333147e-03
3.729941591635557892e-03
2.176013288229373174e-03
2.803726084315046139e-03
5.716441026801411841e-03
6.807716611074208710e-03
5.297907328528650601e-03
2.488683941120049294e-03
1.087414783340524696e-03
5.544460100218740611e-04
1.243132423418795776e-03
2.556510159263720387e-03
1.588264355930310654e-03
2.372004254037545379e-03
6.449306410027425343e-03
8.505151376829628990e-03
7.103280097299974512e-03
3.172117922965878977e-03
7.951113810935723190e-04
2.697175718402590027e-03
2.799473646312336354e-03
3.785468174712835077e-03
5.034802763904948526e-03
4.649436746089576251e-03
2.795585632984101503e-03
1.667348808215085056e-03
2.613290244942289859e-03
2.784625141232031486e-03
1.954520738246666445e-03
2.732101303797751513e-03
4.809900272420505191e-03
5.630458202703060577e-03
4.412272011979821718e-03
2.444570385558671004e-03
3.286686846112646995e-03
4.542786716815309413e-03
4.391598379228808975e-03
3.676235233059432349e-03
3.142693095537246739e-03
2.095147296686487338e-03
2.641326070434264154e-04
1.559266862771058930e-03
2.411863939517137900e-03
2.185398199411324981e-03
1.611812175162156708e-03
1.176790582863297381e-03
7.518862572103903602e-04
9.147791164868775485e-04
1.257381323871847216e-03
2.432104030473232481e-03
4.301763961154916188e-03
5.139247676275784070e-03
3.824647173878334503e-03
2.000261108128808130e-03
4.450175316023505766e-03
6.102552430737438575e-03
5.065620474788573753e-03
2.975541169802605086e-03
3.708084969740558200e-03
4.382917900792246413e-03
2.931588779923728627e-03
6.255125354913059713e-04
1.030713515807766233e-03
2.126486447603109656e-04
2.246389536162206324e-03
4.585406112287969058e-03
5.145936781414343214e-03
3.560203866500732776e-03
1.229060057021730138e-03
2.345693377345323648e-03
4.051386630314721994e-03
5.736724439217652169e-03
7.589299197345720366e-03
8.716241337698809460e-03
8.380143525696888418e-03
6.699652346615806754e-03
4.601535260218921411e-03
3.915750907593384955e-03
5.488500613988939007e-03
7.510042725764865500e-03
8.759250469629905819e-03
8.744891699110250022e-03
7.567720129697809786e-03
5.869211541096653641e-03
4.497821306793529754e-03
3.978231585657247132e-03
4.132220660642951619e-03
4.236064247872403481e-03
3.799078449480079028e-03
3.741537132494038385e-03
5.060907848173308403e-03
5.948270307072342673e-03
4.830447734801469536e-03
1.853603919197515304e-03
1.435911248616248467e-03
3.289736181341352660e-03
3.247876481980865610e-03
2.787483461653926780e-03
2.718983475339440455e-03
1.724492140069502867e-03
2.175764596352794573e-03
3.831443865464267875e-03
3.258249594659265794e-03
2.935955457102360378e-03
7.132936433864771678e-03
1.012464074624819244e-02
9.452283463796059410e-03
5.610444894046889494e-03
2.378349139276629380e-03
4.579028481485729503e-03
6.098249396938983449e-03
6.003343074494457005e-03
4.382113113389617988e-03
1.416667818787190536e-03
2.420791884517877173e-03
4.431171488395860454e-03
4.000967953569491836e-03
1.822869282549714927e-03
1.017851186736544586e-03
1.615509563579799581e-03
1.834744261519679091e-03
2.740053647127989322e-03
2.571774295680089549e-03
2.187504029952256224e-03
4.941354920309444336e-03
7.349424499475205354e-03
7.487371696637551075e-03
5.680099532961012214e-03
3.805861842144444684e-03
3.272846112305104714e-03
3.181391090236292823e-03
3.037687471526873389e-03
2.643862089373310697e-03
1.737171566860547895e-03
1.330070995042467947e-03
1.665643524664183698e-03
1.907524180718155136e-03
3.421030100832962457e-03
5.214209142772711220e-03
5.601458608549160847e-03
4.156224275924893206e-03
2.078381112005377868e-03
1.995700476688684177e-03
2.317796848726986700e-03
1.893680471491769688e-03
2.520974177719058264e-03
3.647694658194714380e-03
4.204518358570169187e-03
4.407958656102410264e-03
4.488239632624646015e-03
4.419098089918914972e-03
4.522079546373156816e-03
4.827568432958771229e-03
4.663500026689618508e-03
3.664264924920091447e-03
2.185095574482889390e-03
8.886400143482925222e-04
2.574390476882854896e-04
1.915991310992158593e-03
4.093267811571897619e-03
5.478368076228337831e-03
4.662727175686536690e-03
1.345842355486684882e-03
3.090043925900571274e-03
6.047199468018317307e-03
5.483496990027998848e-03
1.444486802838593383e-03
4.396226084343450233e-03
8.263262271089482844e-03
8.451633305879830207e-03
5.420828073984463452e-03
2.346507276369617142e-03
2.852652120707142858e-03
2.659691833403683356e-03
2.121755558791814811e-03
3.342909704957825433e-03
4.543515341884204681e-03
5.885938555116113080e-03
7.443115592104168794e-03
8.280409923871046365e-03
8.148151714163765630e-03
7.034067596283415623e-03
4.302240317987929968e-03
2.673466926711227497e-03
7.310482849329683064e-03
1.026138497161699532e-02
8.834978072802108368e-03
3.695577182587418946e-03
3.852385357428917030e-03
7.304140056824099878e-03
6.267796008761581696e-03
2.343694589625972512e-03
4.989015337822482084e-03
7.553045656635514610e-03
6.657050646473652682e-03
4.818894365508642232e-03
5.364585435413905291e-03
5.526283920294007557e-03
3.670161418499678831e-03
1.083802358699279293e-03
5.991473250141134566e-04
1.064653032171291062e-03
1.619509155580687101e-03
2.458284874555064902e-03
3.357330250199166456e-03
4.083560037971729895e-03
3.877499859223727720e-03
2.747462796668994223e-03
2.152295647099231653e-03
2.236865496285054059e-03
2.205126489093485725e-03
3.413644637595742229e-03
4.604930829788416065e-03
4.207377251424229518e-03
2.334117540642731241e-03
2.293738285938676734e-04
1.342933366698975586e-03
2.206217977119377064e-03
2.703269193998574481e-03
3.382765617804795854e-03
5.562641364543817989e-03
8.020040584638685535e-03
8.322913910340319979e-03
5.302066435294447433e-03
1.964003277889068283e-03
6.940955939021050541e-03
1.042431633155102219e-02
1.051697846885451919e-02
8.050297579375184642e-03
5.071749808473051055e-03
3.181056905205413045e-03
2.326653233743124823e-03
1.867056046201297096e-03
1.564451462869397881e-03
2.201131181214810353e-03
3.344505130788788441e-03
3.509974265290382017e-03
2.572877307430882290e-03
2.222104342011093844e-03
2.597200533522723426e-03
2.376804698589855824e-03
2.527121224763007479e-03
2.542431270574462086e-03
9.222731735098804381e-04
1.829898514860374328e-03
3.298607056196230236e-03
1.743339214200173874e-03
3.089526610767403658e-03
7.691195012896244465e-03
9.151576772743634514e-03
5.930741701746042142e-03
4.670928635105833565e-04
6.147726240335364516e-03
8.245892561373105445e-03
6.251667056625226891e-03
2.582325642222021121e-03
1.891829601904759578e-03
2.519967980136836837e-03
2.530591479484560133e-03
2.700350579330379041e-03
2.657263388601857276e-03
2.829770135294631516e-03
2.513272868275134072e-03
2.674557787627240921e-03
5.834298832820398496e-03
8.569116566916485864e-03
8.841166776207654704e-03
6.870775632610618376e-03
4.526017138616173462e-03
4.541457902695335627e-03
6.580156955893069759e-03
7.309568777486889768e-03
4.836764722283737501e-03
2.126296284150635488e-03
6.897137952159518998e-03
9.330375503362391826e-03
7.674121750150883145e-03
4.390657155891704126e-03
3.961816380777308071e-03
3.683629787195931600e-03
2.761903243582411200e-03
4.546839292587567458e-03
4.976771877542456729e-03
2.355911411335711615e-03
1.813494332231181498e-03
4.730949212009410813e-03
4.889243167728866100e-03
2.675913391176446086e-03
2.838587256827503871e-04
2.597150657025217978e-03
3.771454869609146450e-03
3.836242048647530573e-03
3.560092828243182315e-03
4.313298594029634642e-03
5.190728673180851696e-03
4.711574682391664499e-03
3.051601892256042194e-03
1.705081140826308298e-03
1.355691733972623795e-03
1.175787750134766772e-03
1.833886438400248679e-03
2.358619550051546578e-03
2.518009323904072706e-03
3.732877918761304346e-03
5.921653886558029059e-03
7.665271074104285619e-03
7.867885825129447216e-03
6.459443839626138190e-03
5.315638171752489101e-03
6.334741812076261774e-03
7.610555857139998485e-03
8.146988553449637654e-03
8.612178969994981753e-03
8.969856003087287380e-03
8.736228766503846901e-03
8.200240621618589201e-03
7.416125600479324224e-03
5.865503943191539837e-03
4.353329662835701656e-03
4.507263286928599004e-03
4.568348430737799448e-03
2.971010737644835895e-03
6.491157283726207029e-04
1.845673996533996313e-03
2.307113251834278216e-03
1.458022661291506154e-03
5.345378601383720622e-04
6.308875893266199537e-04
9.762836692496653333e-04
1.774499257760598584e-03
2.240052207297172238e-03
2.049853891786143981e-03
1.784036721211149090e-03
1.905149592705433857e-03
2.003132565525343918e-03
2.170779646752335999e-03
2.368049995081560662e-03
1.870778385321848238e-03
9.010876579842911445e-04
2.136767287414944629e-03
3.354310392505631833e-03
3.344917320730296257e-03
2.617731523212738203e-03
2.501258176521270818e-03
2.876419719919233453e-03
3.430950927839640941e-03
4.567180268423842726e-03
5.561707619917645798e-03
5.486348670680968494e-03
4.147756225228378321e-03
2.090898019378755000e-03
1.832510838014818648e-03
3.574022517081786726e-03
4.489482178809773780e-03
4.631145153480115476e-03
5.038407362393441599e-03
5.610871791993743071e-03
5.565167567213591404e-03
5.524414115472548251e-03
6.160148501969251594e-03
6.138277332161278660e-03
4.504847500030248302e-03
2.763700268663214516e-03
3.676372563967053413e-03
4.388940404426944220e-03
3.448444678573195626e-03
1.684441164947034393e-03
9.774428580494858715e-04
2.622254453070776287e-03
4.757995609701181142e-03
5.948387566397039805e-03
4.920644114268526124e-03
1.784389211566323212e-03
2.361275371038132429e-03
4.637152144924746970e-03
4.169092852340116132e-03
1.775619688344392969e-03
3.116256995620414645e-03
5.484133517463076271e-03
6.582207326732443693e-03
7.290450155948195732e-03
7.789889112059457561e-03
6.992280347726123960e-03
4.419037347905122037e-03
9.063706486677665115e-04
2.011686364190909144e-03
2.987898090045344127e-03
1.772786783190429547e-03
7.468691246815969097e-04
2.482305720521236613e-03
2.601992302332953831e-03
3.129139068995659412e-03
5.813859664650871013e-03
7.693951369282900354e-03
7.372241889473784421e-03
5.620073982194927556e-03
4.448342617927941549e-03
4.623341981535577204e-03
5.206529286689412332e-03
5.327477558946893711e-03
4.377416513494658545e-03
3.274312181143284976e-03
3.518841186897591570e-03
3.228621065341701329e-03
1.352366160161956208e-03
9.293726833152608519e-04
1.643579207711928000e-03
7.710372514806931735e-04
2.304823152805042172e-03
3.105711020357897808e-03
1.847744751415653129e-03
3.422828448701441609e-03
6.321226663648558952e-03
6.780607247807836011e-03
4.504860126773856457e-03
1.076713219227728177e-03
1.866782061114075596e-03
3.944170373325059549e-03
5.332097224213827244e-03
5.225326606672662383e-03
3.107578425202864834e-03
9.716522546641450644e-04
3.043275076171847275e-03
3.820044171679958748e-03
4.000231866945601171e-03
5.284403743703455607e-03
6.516247382957839236e-03
6.516517087848194313e-03
5.435214278970296360e-03
3.963898878573711600e-03
2.560857267193405139e-03
1.439554845815161190e-03
1.369268989775136941e-03
1.670691036542445692e-03
2.059212384830115192e-03
4.079826299974997038e-03
6.221935691830710394e-03
6.869428193049109156e-03
6.683755873356908919e-03
7.522256191554118655e-03
7.749768925093236151e-03
4.986138784099601422e-03
5.042219270343898004e-04
5.050201804502227679e-03
6.606266746849197465e-03
4.619736858626585785e-03
2.571226697952762232e-03
3.457497905205960016e-03
2.634768567383840871e-03
1.560939784166451077e-03
3.552037531236148030e-03
4.418195648774833964e-03
5.011881441056739890e-03
6.034262045807414591e-03
5.736073315286853436e-03
4.047721975583438471e-03
3.291854713000363052e-03
3.151724303346115433e-03
1.788961506825556070e-03
1.302206949380218517e-03
1.826860861579022782e-03
1.225074892482002839e-03
2.755954591416344846e-03
4.449248030937508029e-03
4.528479417934296730e-03
3.180332567154386947e-03
1.125836490530816771e-03
1.143640182831108347e-03
2.894079077610634421e-03
3.389432438524048619e-03
3.905877570608702956e-03
5.996630797403445547e-03
7.232762980479918828e-03
6.231928856619004323e-03
5.791149653712786803e-03
8.006453645199656036e-03
8.720986780696040816e-03
6.129105068648795993e-03
1.664240046761779335e-03
2.103877160163742602e-03
3.213749856093890342e-03
2.111600149763613338e-03
1.558550335813591470e-03
2.360737163140640658e-03
3.271130845367150979e-03
5.014091432058735177e-03
6.198690969366119248e-03
5.336233912621069983e-03
2.506788312314947587e-03
1.392068551251131325e-03
3.288574225551284518e-03
2.965306438952664599e-03
9.533445654299723326e-04
8.740805488692980543e-04
8.540748862997484588e-04
1.155819930110866568e-03
3.512930540607819407e-03
4.289777097475801562e-03
3.028087600248515008e-03
3.233536314554922870e-03
5.751700060515559793e-03
7.178578364123756016e-03
7.292128580479676631e-03
6.640854062710591782e-03
4.955866685200181060e-03
2.160455426140141331e-03
1.702630202070606240e-03
3.768202734449795695e-03
4.612380526376554449e-03
4.678489046463557045e-03
4.073745004739314987e-03
2.200246581292800239e-03
2.852883447443884096e-03
6.859162803426724700e-03
9.199956312196180819e-03
7.998716534358843097e-03
3.665868375020588880e-03
3.595906093030106464e-03
7.269851294090550441e-03
7.640406975788314493e-03
5.283264622608639313e-03
3.047247257594240099e-03
2.374579829148560500e-03
2.647020364220936759e-03
4.072836876098420190e-03
4.060597045351279147e-03
1.613042482886888323e-03
1.908446880067879090e-03
3.837381402156802169e-03
2.890276587181681966e-03
9.702237952428963662e-04
4.365272040255834159e-03
6.844552009814516662e-03
7.143058455841512847e-03
5.003192416150800508e-03
1.313471676472312277e-03
1.805967684720854571e-03
2.700003575327255753e-03
4.950521965712890993e-03
9.384481160281347295e-03
1.104991393604134488e-02
7.389675740810544048e-03
4.652002528114321939e-04
6.741307366253892000e-03
8.664747828253466233e-03
6.085778865760921308e-03
4.989043731067077832e-03
5.900398508210089737e-03
3.521784085340260925e-03
3.600575435635237041e-03
7.762665399798334386e-03
9.146835039560872668e-03
7.882731676581431965e-03
5.313883012242567351e-03
3.334121537111908989e-03
5.410700584100988121e-03
6.619057029432836615e-03
4.283490130555549918e-03
1.994878753391765916e-03
5.463167462015167120e-03
8.414236621461755605e-03
1.105454311304340798e-02
1.105889613802010958e-02
5.787681207315245081e-03
3.901237278373103322e-03
1.120511627195785488e-02
1.214641456622540111e-02
6.448469562401839585e-03
1.221860773803495632e-03
4.687644886090426219e-03
4.177477762513411540e-03
6.500931106552723833e-03
7.615037162972674266e-03
3.301553641963535322e-03
3.544839953750933415e-03
7.006116079385010451e-03
4.550430808980550357e-03
5.786207194389259706e-03
1.027767893981509223e-02
9.930551247788984778e-03
1.033638131773535578e-02
1.409671243458048007e-02
1.358454792537579399e-02
1.047907397129809771e-02
1.351836139562722847e-02
1.816255165287021869e-02
2.201932398393099607e-02
2.589065838573762629e-02
2.692966679972250144e-02
2.416180940779238256e-02
2.736792873595323902e-02
6.598417625234900830e-02
1.442990421271177215e-01
2.519000039187567763e-01
3.705438892579843713e-01
4.778588866962539816e-01
5.527557248498046194e-01
5.800242520872601615e-01
5.554824147586560068e-01
4.887022478946006498e-01
3.975387144200002165e-01
2.967840968217751452e-01
1.937425618478611777e-01
9.545644518939466749e-02
1.430242726089256400e-02
4.118043336106062130e-02
6.691314364406956983e-02
7.210094189776995732e-02
6.651754785646446511e-02
5.521166559289889669e-02
3.836985344762762484e-02
1.664750674772470448e-02
1.142054757626746221e-02
2.458940914311380163e-02
2.438122000126567365e-02
1.306513431901426374e-02
3.939726104357714476e-03
1.563808448035031509e-02
3.826036521866987145e-02
6.346720892724504182e-02
7.886559124258510356e-02
8.130392235486212649e-02
7.612864948449095392e-02
6.394613237243465531e-02
4.279719880547446648e-02
2.338325729210175702e-02
2.921973723765847186e-02
6.157426837548705262e-02
1.051648479778933276e-01
1.472762658470501418e-01
2.230643807092006214e-01
3.797641375812122466e-01
5.818560743906178168e-01
7.551031329071772324e-01
8.462302677704182097e-01
8.508132929061685834e-01
8.066576981187748574e-01
7.660151511093671317e-01
7.729793288880297819e-01
8.295815494593784534e-01
8.708929789573695013e-01
8.203757714724448924e-01
6.690732494250258844e-01
5.064103999896248931e-01
4.404452775036978851e-01
4.133664101037841654e-01
3.297989016324563427e-01
2.813243865578262670e-01
4.066337518408029705e-01
5.666284383783196654e-01
6.636465985895705355e-01
6.891605140033474353e-01
6.646432494369031163e-01
6.234762242750092609e-01
6.076221218493909060e-01
6.346904730373997827e-01
6.738934152179936188e-01
6.821499175432055306e-01
6.350206551311808889e-01
5.308715634253942106e-01
3.954766773634258992e-01
2.855769614266285283e-01
2.463843399284882107e-01
2.329308413439450387e-01
1.931965448806893526e-01
1.487104232270680670e-01
1.541750760387612385e-01
1.841662560500869628e-01
1.903342864341268648e-01
1.725952344404027838e-01
1.623186488226014690e-01
1.785500792357899158e-01
2.009235423733180259e-01
2.093937797036330151e-01
2.015367707291388089e-01
1.826982627505742973e-01
1.589090158869248259e-01
1.365505528338755437e-01
1.216657076492888567e-01
1.162607779972185396e-01
1.157212696169278993e-01
1.123688890978519483e-01
1.035267628240473664e-01
9.547506238013435398e-02
9.783266968217742277e-02
1.129795613125233605e-01
1.332469493172382669e-01
1.458157894520579201e-01
1.405520032342118808e-01
1.174856139823981238e-01
8.733845589395192177e-02
6.313899339114931175e-02
4.896102357622528212e-02
4.091351527017870332e-02
3.842768880759273725e-02
4.315526127780580645e-02
5.079467059302346377e-02
5.289429119167812082e-02
4.398076667086468078e-02
2.548459836713264093e-02
4.481398883625054355e-03
1.218014223962032676e-02
2.124637361003663474e-02
2.528117752249717937e-02
2.749798450040459238e-02
2.793384630193086055e-02
2.501979729263625885e-02
2.001121582084983835e-02
1.848169750476651163e-02
2.286196180855434509e-02
3.106213535445903617e-02
4.120078340788037308e-02
4.718631851769469754e-02
4.290577690992432996e-02
2.983917124544153282e-02
1.993366248491841228e-02
1.995753539004053653e-02
1.647992129785325749e-02
7.532336939757626471e-03
1.364632271626564511e-03
5.443734085121466719e-03
2.147982188038097262e-02
4.033343831021470732e-02
5.226256477891814273e-02
5.312971161830325195e-02
4.725539319544700551e-02
4.135229910805435227e-02
3.629937269644957498e-02
3.351641646011885300e-02
3.983611558430974475e-02
5.189037396273032260e-02
6.103837394604978012e-02
6.323286314488993365e-02
5.746812271548348144e-02
4.518491724182859687e-02
3.153592869877251681e-02
2.156748049371731007e-02
1.140458606822894981e-02
5.482801509173221635e-03
2.399964669306828280e-02
3.714546236617215225e-02
3.911481276787547728e-02
3.171437142063399106e-02
2.286017963857915614e-02
1.981172291205218414e-02
2.160335527673684641e-02
2.347925617750012961e-02
2.210982515453979030e-02
1.930051360955667428e-02
2.073171517634563379e-02
2.222078804264971535e-02
1.721780255537217613e-02
7.287638236903383124e-03
1.975445655076067328e-03
3.598881478636635056e-03
5.818380485097124528e-03
1.144758050339857343e-02
1.187914717170835202e-02
5.947709195611449590e-03
7.344127142184644907e-03
1.252872696874010941e-02
1.208723428864063795e-02
1.277040621655379030e-02
1.788115359618108052e-02
1.932113408386635853e-02
1.533691487334352087e-02
1.129548186536224672e-02
1.105865180910218550e-02
1.036429738040954562e-02
8.296871113178580157e-03
7.019080159304560453e-03
7.137566989135138082e-03
9.327252637432533258e-03
1.211159504048892575e-02
1.271270901739766576e-02
1.033386738064218970e-02
6.201603704932235825e-03
2.577066991720170647e-03
4.967192622491380972e-03
1.069802088354596635e-02
1.684484776414552423e-02
2.178303798786323381e-02
2.484720737558423001e-02
2.588251966376417523e-02
2.368546225600327848e-02
1.721820998588919141e-02
1.005664061791738777e-02
1.198274451235920891e-02
1.551585145655660913e-02
1.325409520662465535e-02
6.839737405500082544e-03
3.850230010960280051e-03
6.643717406377839738e-03
7.917765539190475474e-03
9.035401601757794832e-03
1.089026018430529381e-02
1.243465789896495456e-02
1.203577432886431681e-02
9.583937376045155790e-03
9.089673916247577312e-03
1.127963382301856721e-02
1.070665233467623517e-02
6.607916036614986353e-03
4.561729295645446103e-03
5.301331382863294292e-03
2.332909250932372301e-03
3.965219431815804330e-03
9.315953207408156703e-03
1.125822595360177932e-02
1.016880699955304522e-02
8.857540388479984844e-03
8.553319790881233967e-03
8.243095739261763547e-03
1.028679545685693038e-02
1.606851669506729335e-02
2.065539053161650346e-02
1.942584445916377064e-02
1.235826142406057891e-02
9.245440771939190255e-03
1.405571608320928430e-02
1.313225923872959194e-02
4.765314688897989530e-03
5.968825795508054914e-03
1.273597982959061639e-02
1.324384586710885756e-02
1.045009901431504483e-02
8.620181031207973035e-03
9.043603880007350729e-03
1.214745877151273031e-02
1.416665265294804119e-02
1.123955157155921702e-02
4.583100819265954230e-03
3.413132281391439808e-03
4.467507106427599274e-03
3.447661598024756319e-03
6.687968190738674719e-03
6.841323564620546346e-03
4.778684528871104953e-03
1.182579348707439408e-02
1.746877486164214247e-02
1.602903016539493006e-02
9.403898096859923672e-03
6.600711134781743483e-03
8.247688265675984232e-03
6.162899434436966764e-03
2.664150463649695572e-03
5.454708062716406673e-03
9.916259735017848853e-03
1.306109324215293938e-02
1.197292008049970907e-02
7.239061531555507703e-03
9.858669979783778875e-03
1.484747439641517612e-02
1.260518902772706819e-02
4.399322742927782443e-03
1.130194864682841464e-02
1.941378413471712278e-02
2.037581461887721934e-02
1.606549705132762421e-02
1.241777054661859746e-02
1.280891599370997426e-02
1.537671217467823613e-02
1.891138180803838761e-02
2.096915076334066041e-02
1.892505421684658948e-02
1.266143104735235891e-02
4.928229376181253799e-03
5.061514005363567693e-03
9.002673191639576702e-03
9.583109503972059642e-03
7.256964466573296788e-03
4.277956899937065266e-03
3.868941768333158688e-03
4.865006070126951833e-03
5.305574876012558901e-03
5.204582579448553507e-03
4.010321038721322007e-03
1.507718117107336754e-03
2.085960793664290956e-03
3.515315729867937115e-03
2.135454380298058841e-03
1.632449724000549192e-03
5.388031900893448974e-03
7.092815562892419018e-03
7.982843319965805470e-03
1.172346125878049802e-02
1.564711250005955748e-02
1.528406303736815769e-02
9.616142963727364670e-03
1.731251831750702875e-03
4.553793903405701365e-03
5.696256002081939024e-03
8.225687849299683288e-03
1.526525726195355169e-02
1.947488381596742049e-02
1.753129288478657427e-02
1.303679190860214214e-02
1.416119408732881800e-02
1.682971048381455906e-02
1.463458954057329266e-02
9.172843295759854076e-03
7.980696188876116801e-03
1.059630036953307375e-02
1.097597976450890266e-02
9.342802264100542528e-03
7.188977429389841432e-03
4.756130991286737497e-03
2.088600394031198213e-03
2.131015259945413277e-03
5.142795343095727528e-03
7.933316417928250319e-03
8.767898953023638836e-03
6.070801216157655812e-03
3.003464849177876848e-03
1.060830976213714139e-02
1.728254964626360635e-02
1.814356608490484690e-02
1.180536121002947851e-02
1.772611355163845491e-03
9.734122422367791350e-03
1.394283324228930837e-02
1.066586082797136431e-02
3.367562776693702568e-03
4.953429447925241681e-03
7.339272766239333251e-03
7.564083995282181415e-03
9.202958947494396108e-03
8.444486389638680007e-03
2.613361570786563223e-03
6.160065821792789359e-03
1.188962742445245045e-02
1.346071330745512648e-02
1.789407960477182660e-02
2.663055612941781641e-02
3.119039214542307370e-02
2.721138988905109218e-02
1.710853730399854167e-02
7.289018996234623848e-03
2.457777347453015977e-03
4.919802114084616783e-03
1.021861340426648453e-02
1.178505711635884599e-02
7.555732669811399821e-03
4.689150373185247030e-03
8.943524543305894636e-03
8.278269207344722547e-03
3.767654867178072027e-03
6.893255140442168354e-03
8.732916835173919895e-03
6.809617574643021115e-03
1.005511319027543871e-02
1.404128004131821768e-02
1.206374088000309458e-02
5.532542668468490299e-03
4.637865240049220648e-03
6.144449457628028098e-03
2.814218930079848049e-03
5.658842783562325132e-03
1.018344202968882346e-02
9.889923440239249686e-03
5.198632016307471772e-03
3.157073500775110005e-03
8.339409382176147384e-03
1.040832265962338479e-02
7.727883321606262082e-03
2.080860670697702586e-03
4.199326883265572415e-03
4.111279758227263763e-03
3.163242853515116793e-03
1.369422379208992679e-02
2.174828917756261443e-02
2.259539432185103322e-02
1.702079648923389768e-02
1.133622189981961514e-02
9.450634204492431092e-03
6.323320734737397121e-03
1.329148174058954798e-03
3.528124156069824702e-03
5.968936844581101443e-03
8.959829131212054126e-03
1.032155117605119965e-02
8.706634691278948568e-03
1.140343585415230961e-02
1.686044098954718462e-02
1.652591108219935226e-02
9.103902323526143897e-03
1.024298855059029316e-03
6.965283161722859995e-03
1.071626843690576258e-02
1.767538096554898547e-02
2.337196274714608071e-02
2.145209179558109358e-02
1.227867600988720616e-02
4.758346476364920703e-03
6.702677299128520332e-03
4.481255639285456997e-03
7.663897321129690791e-03
1.280549852635818470e-02
1.109895276378136848e-02
5.863948791917856715e-03
1.069807853853577476e-02
1.387102999211194121e-02
1.023944983957434871e-02
8.327308151910422021e-03
1.335839923712442770e-02
1.384541963332380950e-02
7.631930291554823997e-03
1.648121880920108348e-03
9.205372313234923970e-03
1.293051943190033463e-02
1.350785618489752649e-02
1.188641971430541913e-02
9.271879029101145336e-03
1.115537134900575211e-02
1.689543842245334535e-02
1.982225430382173609e-02
1.721639274892255989e-02
1.033538052594359762e-02
4.872147425727107496e-03
7.662450753984679716e-03
9.025587866837112352e-03
6.395405324970761946e-03
1.967686414376069656e-03
3.791384724083666363e-03
5.573558146321175820e-03
4.228574795223548170e-03
2.042273129261791206e-03
4.270971239886613320e-03
6.044672866473380958e-03
5.746328525932232860e-03
4.198166573275034785e-03
2.904956171332659202e-03
2.829430337819758678e-03
2.812404203114412995e-03
3.119542136523843334e-03
6.783756488884835553e-03
1.130518134916610323e-02
1.305156954133957631e-02
9.899196604055113952e-03
3.891206576787375592e-03
8.848660636805319793e-03
1.485612274220472068e-02
1.552629167192794840e-02
1.112441394166617872e-02
5.031268234845988341e-03
2.932494803085071433e-03
3.943496404466936833e-03
4.671127395821701549e-03
6.071588822738682029e-03
6.258274565967327993e-03
5.760441612347538820e-03
8.464865642444951641e-03
1.207809464655640666e-02
1.280254712833884569e-02
9.770538906912156971e-03
5.133509520406547358e-03
3.829504905144465957e-03
3.760010741236092732e-03
1.462155977474969377e-03
6.484245216365530119e-03
1.170138721121437124e-02
1.323050994704501500e-02
1.055334900470511310e-02
7.182474587108508834e-03
8.948084199235694161e-03
1.204123889555016105e-02
1.299573399339648549e-02
1.268230848488581877e-02
1.318527674775115018e-02
1.441890303747517255e-02
1.425393100874022649e-02
1.177464313062328606e-02
8.682602587968582877e-03
7.142999676426935000e-03
5.660423877036846289e-03
5.325823039540225623e-03
9.782512342492348870e-03
1.351091581565271038e-02
1.314861151360707456e-02
9.070605312148191657e-03
4.199182676396951558e-03
1.776320886236799727e-03
3.240051820461761333e-03
7.461566435466863295e-03
1.207826529790941711e-02
1.517660810101351294e-02
1.622704688614169319e-02
1.596398074076918472e-02
1.561746273259529035e-02
1.532509094505759249e-02
1.349518708048414069e-02
8.947573411967727625e-03
2.852940957115360481e-03
3.345010800583087928e-03
5.914176277966420869e-03
6.215582376816883130e-03
6.305046730390797237e-03
6.180200303959651129e-03
4.653165919049987928e-03
2.560461208141325343e-03
1.574885302053273496e-03
3.333083679054067456e-03
7.163036487279657825e-03
1.037011718024064867e-02
1.104714764318970657e-02
8.947880059218354248e-03
5.785322504913635068e-03
7.285701832269904366e-03
1.231403369222386184e-02
1.430472623666828244e-02
9.986309393309657917e-03
1.319214118739305041e-03
1.187528777909871956e-02
1.914872531432204594e-02
1.911204600691559022e-02
1.346961261755257738e-02
7.463597421575788801e-03
5.751237986889382904e-03
8.552595922026067984e-03
1.195141048025071505e-02
1.061410036981971262e-02
2.526883615541947875e-03
9.582624515897562173e-03
1.794480465458279245e-02
1.719578644240816676e-02
7.129135198053368830e-03
6.522635077732296012e-03
1.579133551345714495e-02
1.589981736514540361e-02
8.966229304612858414e-03
9.510171559264682731e-03
1.731490774249411224e-02
2.153883910146302261e-02
2.141003872157979174e-02
1.687532952616985563e-02
8.437581664231308398e-03
4.950706558292721111e-03
1.023879404590402609e-02
8.937161564391095381e-03
2.999376069626978007e-03
1.110859707840686564e-02
1.696863873014839777e-02
1.525732496335055650e-02
1.102610783653221009e-02
1.577338124935457123e-02
2.147121685780305905e-02
2.104501882708496516e-02
1.618076671755897672e-02
1.311687337796299015e-02
1.347325175384053372e-02
1.303958289540415108e-02
1.272530446166794671e-02
1.380003330453061228e-02
1.220445044228664171e-02
5.722473453287147890e-03
6.957103593029203940e-03
1.532422939295959019e-02
1.769193152276838515e-02
1.281383475359119950e-02
7.596696447249013003e-03
1.283281584531787388e-02
1.675886256590656403e-02
1.499093002127651307e-02
9.829709883094115905e-03
5.783809354589357007e-03
6.477645662635435862e-03
9.263828610066086183e-03
1.083727720692788735e-02
9.617199683938395388e-03
7.179715928928847614e-03
8.732633456732061955e-03
1.231072768030873690e-02
1.341278788088280313e-02
1.090535953118332117e-02
5.759670401477839409e-03
1.298853079904051895e-03
3.952744528361513618e-03
4.483137209761768605e-03
3.495441692201992079e-03
3.178590703676276337e-03
2.264441288540956602e-03
4.057640129025184145e-03
7.867808462279518925e-03
8.939180901722652839e-03
6.993675278305668853e-03
8.361910437106202104e-03
1.309041896798020244e-02
1.536616323231123835e-02
1.458593602715354404e-02
1.290970548535058833e-02
1.181025934800822817e-02
1.170916062016527821e-02
1.205887468672145468e-02
1.046921829259635055e-02
7.032077823746324917e-03
8.560732146482317312e-03
1.220281705279408109e-02
1.105982320648574851e-02
4.588563758602377460e-03
4.822115700714042427e-03
1.223845421722246501e-02
1.580896302519093147e-02
1.473032342495700711e-02
9.428568300379183351e-03
3.095826931900728766e-03
8.302168383883852185e-03
1.295315506655375995e-02
1.323476887954683733e-02
1.153548354072502988e-02
1.116226493089363808e-02
1.066559109603936774e-02
8.612534933795264885e-03
7.712988119920827224e-03
8.087921970890173465e-03
6.038735911091729774e-03
1.907680785929342796e-03
5.629881279169596936e-03
9.218243631557335172e-03
9.045044421064706019e-03
5.187059983387333310e-03
1.065234422981631898e-03
6.068017330093571603e-03
7.880578459206337080e-03
4.698856062401335354e-03
2.634987488763650305e-03
1.064133286257535303e-02
1.490608549411616066e-02
1.269055312244072968e-02
6.012771315418361656e-03
8.769598860274166116e-03
1.483456557249137123e-02
1.509800076610903069e-02
1.018100521295021467e-02
4.260109026840964985e-03
1.668609733818176948e-03
2.531841369066315656e-03
5.293863699189370678e-03
6.502586501055648664e-03
5.222065830676409295e-03
6.228486631249976861e-03
9.159849737988765006e-03
9.954060833470088770e-03
1.045306125754662252e-02
1.347687245715576548e-02
1.764979240593263221e-02
2.181364115482398169e-02
2.393211432692556734e-02
2.047364147097168949e-02
1.048119345268929380e-02
2.362028808547858832e-03
1.143231624033534330e-02
1.335196978845551267e-02
1.155249899964062334e-02
1.300866320760685896e-02
1.335216011125000581e-02
9.567136256730899083e-03
1.185835191479459386e-02
1.791454082587200583e-02
1.752218249191836788e-02
1.025312697630045150e-02
4.425319331178565949e-03
7.093469666548755242e-03
4.502653072624404444e-03
4.218291366631925221e-03
1.304175078426845005e-02
1.797999717320734187e-02
1.709456035708025248e-02
1.205307169046537785e-02
9.067746972380589035e-03
1.371514749559746976e-02
1.889707410484541689e-02
2.084502589283961788e-02
1.980841531311017950e-02
1.678066877660246495e-02
1.120246350665466545e-02
3.204297206324089372e-03
8.253895454762431513e-03
1.478564803254754818e-02
1.493556667646765354e-02
9.310280742972919937e-03
6.734604014198774906e-03
1.166754162552881974e-02
1.282854841572002649e-02
8.619468343422549000e-03
3.002163691188620195e-03
6.730360187273986584e-03
1.067575353486217328e-02
1.228640136494553274e-02
1.278704898235924481e-02
1.286359647571436865e-02
1.206242848125328726e-02
1.010470712089373523e-02
7.921932947594063565e-03
8.713409908828574982e-03
1.365372994959466665e-02
1.878771887638381113e-02
2.055331689286393412e-02
1.772511156130997592e-02
1.232026786060851781e-02
8.426590431172152965e-03
7.568064564815132379e-03
8.050737344908550155e-03
8.091687988126863504e-03
4.400232457670480955e-03
5.316298284365587185e-03
1.617712199473238244e-02
2.394948344255348402e-02
2.559699619670639456e-02
2.363496485321392795e-02
2.239045683019141864e-02
2.022240963351495599e-02
1.394134593316813560e-02
5.574414888581555316e-03
7.962511391563633972e-04
1.900262580688531983e-03
5.712011562327912011e-03
8.290942740084740817e-03
5.842336139741111968e-03
9.232835436575211746e-03
1.964422980748452632e-02
2.561324653838433635e-02
2.391495906077391320e-02
1.688597271853643778e-02
8.817097901119534328e-03
1.489377757859053353e-03
7.561112425785625549e-03
1.403052082313753675e-02
1.528405198766059382e-02
1.069857249004561688e-02
5.619041317031778400e-03
8.510575363798719706e-03
1.033499300494977041e-02
7.942780623573952870e-03
4.247627292813433569e-03
5.252223561642580842e-03
7.235268534173824526e-03
6.836829969964454239e-03
5.307711692474325824e-03
4.794004161479836594e-03
4.041080340264941936e-03
2.882506639286595840e-03
4.364293778686645538e-03
5.869100690139063443e-03
8.452419549281990629e-03
1.321238992462310871e-02
1.567908730389506664e-02
1.252456178805913187e-02
6.243316070394783375e-03
8.190059578751745714e-03
1.049717167976985284e-02
6.076122720751963961e-03
5.547553814217667453e-03
1.366670877283413833e-02
1.601115137827165483e-02
1.087178037075873550e-02
2.085424945210746263e-03
7.612269217431335590e-03
1.137565651387069735e-02
1.012158343117614510e-02
6.683480398897242818e-03
4.605744793172585928e-03
4.946120068777359706e-03
6.444193175331878326e-03
6.580696232945555668e-03
4.429619908719354196e-03
7.691913161100156528e-03
1.409494198525863481e-02
1.625484817644386182e-02
1.173185377641792169e-02
3.306084688755645765e-03
7.845383435845150813e-03
1.188695444962659976e-02
9.885338190995501123e-03
8.480020961758472781e-03
1.438762915952807378e-02
1.944749755139427508e-02
1.998434571269158688e-02
1.633012192477540855e-02
1.045193319621736706e-02
4.858121156254663689e-03
1.484721492558842932e-03
3.271536261831581825e-03
7.955574334975595852e-03
1.179681582180936925e-02
1.197769935605187339e-02
8.000643053762242912e-03
2.573046819171798810e-03
3.149000010926422417e-03
3.699325991322514797e-03
1.557911744385918071e-03
1.900372134175201113e-03
2.699263912133718739e-03
1.361244236677709284e-03
1.268245302059914283e-03
2.159729581184191040e-03
1.287471036555518696e-03
8.753002205268279982e-04
1.790492785577784546e-03
1.242360850217054174e-03
6.171388273312143190e-04
1.506382380475136326e-03
1.201138508977287649e-03
4.596919485194525166e-04
1.273394044718230379e-03
1.156388949291403678e-03
3.904291398222831718e-04
1.075522033393483271e-03
1.106210443053092310e-03
3.886776729293775642e-04
9.044877744109973937e-04
1.050714738225261638e-03
4.215970614809410070e-04
7.558199926889829032e-04
9.908012370105979180e-04
4.639983734603405317e-04
6.271592219329889849e-04
9.276661682957457796e-04
5.036374357998954412e-04
5.174839231616501023e-04
8.625812853651654852e-04
5.358423823531379988e-04
4.267541426345914757e-04
7.967819254590554050e-04
5.593459408770293283e-04
3.556719286107832699e-04
7.314037701007307336e-04
5.743395618498833410e-04
3.051963209477189052e-04
6.674438855699098153e-04
5.816323896970610830e-04
2.754251128340509539e-04
6.057362509303538091e-04
5.822721784610035683e-04
2.641847309341672405e-04
5.469386052477961772e-04
5.773588815367005538e-04
2.668803698076328596e-04
4.915308945328039549e-04
5.679426416222987939e-04
2.781730068120095013e-04
4.398276356313443819e-04
5.549622470917972084e-04
2.937169862765240651e-04
3.920077176551106202e-04
5.392064557051534906e-04
3.106928338460386032e-04
3.481656263263112881e-04
5.212917629525966150e-04
3.275254898625020762e-04
3.083876324553241422e-04
5.016548137022823440e-04
3.434325828373933800e-04
2.728543158929140405e-04
4.805590630568474272e-04
3.580637424633993453e-04
2.419637018269643158e-04
4.581149744558508886e-04
3.712622553465969185e-04
2.164480120240407513e-04
4.343119223323859183e-04
3.829209770121821759e-04
1.974061598808693268e-04
4.090588087139502573e-04
3.929033438117286010e-04
1.861046415528854749e-04
3.822298406915939652e-04
4.010086168346011447e-04
1.834433207163855086e-04
3.537123701192743173e-04
4.069667410562264535e-04
1.893295036426951921e-04
3.234554110011075498e-04
4.104519668355107310e-04
2.025238065384283009e-04
2.915207703401164851e-04
4.111069076168161803e-04
2.211054391715916760e-04
2.581447715166147283e-04
4.085708038303154880e-04
2.430655367944903865e-04
2.238305947672879952e-04
4.025076639157034201e-04
2.666322031119485294e-04
1.895174461189758758e-04
3.926316107190397408e-04
2.903393614957364751e-04
1.569268289829396071e-04
3.787280888854842016e-04
3.129861568155348022e-04
1.292386179025069098e-04
3.606705756454606075e-04
3.335791022230600125e-04
1.118416530310014550e-04
3.384331698084589780e-04
3.512878844955894409e-04
1.106665071282140702e-04
3.121000978795164462e-04
3.654181857064426860e-04
1.262027160562827991e-04
2.818741281388576977e-04
3.753972412502968366e-04
1.527793078891694772e-04
2.480879580275824206e-04
3.807673367732051432e-04
1.845574572703862577e-04
2.112283028348086800e-04
3.811836198787469103e-04
2.178269812219289965e-04
1.720004763038458990e-04
3.764138030852461742e-04
2.503683637319760696e-04
1.315296722353532870e-04
3.663382216435322105e-04
2.807392094326210496e-04
9.211344196612606782e-05
3.509493067418255471e-04
3.079070148532802860e-04
6.058528786763431513e-05
3.303499290713556740e-04
3.310828446067243074e-04
5.618747682995735732e-05
3.047503384872345599e-04
3.496471715799583796e-04
8.356561355627663040e-05
2.744636384376035292e-04
3.631169264149676588e-04
1.221308862648677531e-04
2.398999686264149857e-04
3.711311694876291397e-04
1.626585827307116530e-04
2.015600116215822109e-04
3.734451017062754273e-04
2.021726087799447240e-04
1.600297915622323549e-04
3.699275124739818542e-04
2.392387090641618936e-04
1.159847452936895492e-04
3.605592281476108717e-04
2.729068642918235543e-04
7.025291465938198420e-05
3.454313280926188758e-04
3.024443497318829053e-04
2.474725335011679713e-05
3.247425423617265904e-04
3.272561215403659864e-04
2.775110313180145810e-05
2.987956662396164557e-04
3.468597392398204337e-04
7.352199851767318424e-05
2.679932393541927232e-04
3.608785542509808006e-04
1.192576277883699681e-04
2.328334499644820952e-04
3.690412857404715597e-04
1.632437990392996059e-04
1.939091365838909017e-04
3.711835139796107984e-04
2.046252204443394320e-04
1.519196170250986379e-04
3.672492480619064044e-04
2.426751311112482722e-04
1.077381203464616009e-04
3.572918127967251393e-04
2.767419396247351141e-04
6.282652616292850527e-05
3.414738678772710951e-04
3.062472699091078649e-04
2.473339163452632780e-05
3.200668280747175011e-04
3.306924116459836823e-04
4.276869238615252974e-05
2.934505897267844455e-04
3.496660171100937197e-04
8.675053131701143216e-05
2.621157896341954263e-04
3.628512328144420677e-04
1.316419715887415037e-04
2.266742315516182980e-04
3.700316785214364601e-04
1.749162454196028296e-04
1.878934707296754658e-04
3.710960858784393551e-04
2.155170472371000314e-04
1.468090770831000449e-04
3.660416196575723251e-04
2.526588878738884577e-04
1.051379557372292598e-04
3.549761078144184285e-04
2.856770796708518615e-04
6.720545666343644023e-05
3.381197125654697433e-04
3.140003634610129030e-04
4.884150212299607065e-05
3.158071523438135968e-04
3.371484564197768153e-04
6.936105085971455404e-05
2.884928254658292103e-04
3.547358540146098010e-04
1.078811733901242047e-04
2.567641420994411379e-04
3.664769381369544247e-04
1.497285216152422242e-04
2.213761803780020748e-04
3.721908025918217776e-04
1.908890447964030725e-04
1.833439252127224989e-04
3.718052882317189915e-04
2.297153410833597089e-04
1.442061390496890210e-04
3.653602159234468319e-04
2.651935149774087459e-04
1.068642431278186034e-04
3.530102016827047265e-04
2.965654374098817430e-04
7.828124069303217406e-05
3.350279836127130918e-04
3.232251218236961601e-04
7.269028235023845569e-05
3.118102010500937668e-04
3.446869879526718466e-04
9.462181112268746338e-05
2.838897264222195829e-04
3.605768277605691120e-04
1.299953197664023943e-04
2.519637254245215728e-04
3.706306669470295530e-04
1.691048893819027319e-04
2.169596041413402745e-04
3.746963563450887908e-04
2.080183985869491989e-04
1.801969503771327929e-04
3.727359953354119791e-04
2.448499035422957784e-04
1.438075006802335472e-04
3.648286755423356506e-04
2.784432954428997628e-04
1.118312521604237066e-04
3.511738997544301211e-04
3.079711291031438482e-04
9.224478588947339125e-05
3.320969762684688304e-04
3.327997892846896858e-04
9.470312247644012708e-05
3.080592693913413870e-04
3.524402240365009735e-04
1.177473338565558408e-04
2.796794271006073935e-04
3.665295928982550554e-04
1.512542502293135057e-04
2.477790491986686856e-04
3.748250758515424578e-04
1.881874769095052199e-04
2.134839616293905803e-04
3.772027228821710448e-04
2.250440095428212135e-04
1.784557950006663435e-04
3.736585649839289100e-04
2.599232932553183152e-04
1.454228273762112218e-04
3.643111666639638549e-04
2.916183479924616684e-04
1.192211436051297704e-04
3.494060524507549702e-04
3.192709775077204630e-04
1.073483133679277739e-04
3.293237834528224377e-04
3.422376273068893863e-04
1.151992971239050757e-04
3.045956452596089892e-04
3.600345796992907564e-04
1.391034842040489124e-04
2.759352445733879024e-04
3.723151102254388723e-04
1.713591282370866367e-04
2.443036477431476615e-04
3.788603811434839764e-04
2.065272704663258187e-04
2.110461486289029118e-04
3.795766209604677370e-04
2.415371136865317344e-04
1.781793721107575068e-04
3.744955699206964361e-04
2.745667176495828398e-04
1.489460798569760462e-04
3.637773504423325120e-04
3.044141497566739429e-04
1.284942093943158988e-04
3.477164330758188886e-04
3.302198751928524657e-04
1.229693072421854773e-04
3.267530701847145332e-04
3.513462040130251626e-04
1.346255675553685398e-04
3.014953315266107286e-04
3.673237618042145118e-04
1.591543035052845722e-04
2.727621515073808210e-04
3.778275072524312612e-04
1.904445019115238796e-04
2.416683003047468943e-04
3.826664261113714872e-04
2.241003365717219892e-04
2.097916927548026847e-04
3.817800065284689755e-04
2.574198847583610808e-04
1.794867199114500019e-04
3.752386574073161537e-04
2.886910687798655830e-04
1.543526447070535466e-04
3.632474261104437236e-04
3.167467091084662473e-04
1.393612816519679525e-04
3.461540546347876266e-04
3.407451263560198765e-04
1.389876621994169128e-04
3.244644220480909225e-04
3.600663960704206332e-04
1.534094970635616647e-04
2.988716561702376437e-04
3.742631809815712596e-04
1.783352406254444891e-04
2.703110113667326632e-04
3.830375322150429500e-04
2.087679730566213915e-04
2.400627331161948733e-04
3.862305314027789246e-04
2.410422422514298948e-04
2.099382591158597178e-04
3.838187968699455894e-04
2.727614091978995225e-04
1.825760178325477434e-04
3.759154223157701313e-04
3.023294767645221741e-04
1.617156668507255919e-04
3.627750366869272273e-04
3.286291176036720135e-04
1.517515309589294564e-04
3.448044693964072557e-04
3.508488217625477788e-04
1.555308119560026739e-04
3.225827406278872754e-04
3.683953872612770138e-04
1.719683694980369214e-04
2.968975751442822571e-04
3.808502180903885364e-04
1.970580585303187307e-04
2.688112297804800556e-04
3.879479134254078254e-04
2.266276804799202389e-04
2.397757677871971969e-04
3.895665868659867323e-04
2.575539022165547671e-04
2.118181661827742309e-04
3.857249487743299836e-04
2.876948392689535560e-04
1.877644712291655653e-04
3.765842265820902330e-04
3.155682221695064365e-04
1.712446451894253255e-04
3.624550079957173949e-04
3.401147035253074854e-04
1.658045045251420693e-04
3.438109371632306482e-04
3.605616701631809366e-04
1.728984180599357334e-04
3.213135018600709073e-04
3.763502671235309906e-04
1.907520366011542423e-04
2.958554284015703275e-04
3.870973613803821455e-04
2.157481296956028174e-04
2.686343133366624601e-04
3.925764230176598583e-04
2.443565932488005513e-04
2.412694833032669108e-04
3.927089979489403575e-04
2.738785772122315936e-04
2.159567278338586974e-04
3.875627864100815185e-04
3.023906216958276139e-04
1.955658692296996135e-04
3.773549290375648613e-04
3.285207881602635136e-04
1.833614943818775262e-04
3.624609684049278583e-04
3.512737160775612701e-04
1.819097545013168211e-04
3.434317325080112233e-04
3.699236875992188028e-04
1.915853607862379648e-04
3.210224602408133054e-04
3.839544335279144582e-04
2.103159962322302635e-04
2.962407856159796830e-04
3.930266409887918713e-04
2.349086822944113529e-04
2.704210034146641863e-04
3.969614047487072432e-04
2.623592170697372798e-04
2.453241110376349764e-04
3.957331997167924209e-04
2.903202561459665237e-04
2.232251514098794172e-04
3.894692843646099648e-04
3.170641701032737370e-04
2.068454874686048587e-04
3.784546062163171814e-04
3.413294041735387375e-04
1.988536973407229824e-04
3.631429137399936626e-04
3.621924680859588868e-04
2.008331460549168653e-04
3.441762407096056421e-04
3.789850763169156549e-04
2.124029585108552038e-04
3.224161864416837174e-04
3.912453822189483035e-04
2.314578610777952110e-04
2.989905035855625276e-04
3.986909178725284099e-04
2.552407212446546601e-04
2.753539347511530996e-04
4.012048490541728378e-04
2.812036414195713714e-04
2.533438554891616107e-04
3.988307247525593193e-04
3.073110334073275219e-04
2.351635655951504517e-04
3.917733708007061031e-04
3.320238372137705621e-04
2.231521467923438314e-04
3.804052519121448451e-04
3.541995496248656681e-04
2.192073839876727576e-04
3.652787847497384124e-04
3.730019764322375572e-04
2.240307705386155061e-04
3.471457068094290573e-04
3.878392514001888182e-04
2.367848268284443631e-04
3.269840740463091219e-04
3.983258343640620454e-04
2.555133581483956160e-04
3.060299274140071695e-04
4.042610510529496257e-04
2.779055582363768322e-04
2.858001788701269429e-04
4.056184652241015434e-04
3.018396398890022263e-04
2.680705244250640028e-04
4.025425078803643742e-04
3.255845806320997651e-04
2.547401175115267041e-04
3.953503617846756643e-04
3.478056082723921666e-04
2.475113168611124442e-04
3.845379960016620134e-04
3.675078631290999210e-04
2.474192020991325923e-04
3.707893502833720816e-04
3.839789120594881981e-04
2.544552521492491823e-04
3.549865515804982957e-04
3.967466257780121581e-04
2.675785448283927743e-04
3.382157870898892501e-04
4.055525431108456804e-04
2.851089787211445021e-04
3.217568286789850517e-04
4.103368981307800025e-04
3.052045994932347313e-04
3.070341356755428236e-04
4.112314663984462516e-04
3.261830146770295746e-04
2.954994067122783960e-04
4.085570220075443720e-04
3.466575856668249311e-04
2.884260253125348842e-04
4.028223860499182698e-04
3.655623894190263706e-04
2.866456696807959830e-04
3.947213566052976499e-04
3.821344581597476190e-04
2.903321166343232639e-04
3.851220004186987162e-04
3.958891036816659719e-04
2.989580275007346468e-04
3.750399364177083744e-04
4.066011892176779629e-04
3.114574701635686779e-04
3.655844243318760213e-04
4.142943135830789384e-04
3.264995509719394108e-04
3.578663868958978931e-04
4.192354002707630476e-04
3.427457496199038962e-04
3.528661138487446331e-04
4.219299166723082962e-04
3.590260008616344683e-04
3.512786627507298457e-04
4.231108214168329148e-04
3.744371598461457935e-04
3.533798704556992388e-04
4.237118374748316801e-04
3.883952256407087922e-04
3.589649489234864196e-04
4.248137441963757612e-04
4.006701374965323864e-04
3.673882003099831323e-04
4.275537877410372266e-04
4.114201771918955569e-04
3.776887653489661620e-04
4.329967573068226657e-04
4.212315847252863575e-04
3.887580420973418957e-04
4.419830364558692613e-04
4.311585308348278708e-04
3.995088683152164658e-04
4.549875428227596820e-04
4.427475111176889795e-04
4.090337102828890898e-04
4.720296663062394072e-04
4.580202125354708941e-04
4.167692826233679532e-04
4.926578960331444608e-04
4.793894562019148276e-04
4.227112516923334099e-04
5.160014561164351843e-04
5.095103737619054510e-04
4.277503338484319882e-04
5.408558805309760659e-04
5.511309440951743695e-04
4.342346530410343651e-04
5.657636144965727098e-04
6.070784916818884993e-04
4.468838554156326663e-04
5.890608744869002935e-04
6.805650561290654257e-04
4.741215251678380189e-04
6.088802083337545561e-04
7.760490007845629624e-04
5.297548632207177898e-04
6.231430983704816214e-04
9.011561988651339578e-04
6.354587099169302410e-04
6.298119848929915757e-04
1.071256404008690899e-03
8.282495448437746750e-04
6.292825132925449665e-04
1.322928152839075505e-03
1.191003059903913150e-03
6.448836681110332522e-04
1.770572492734442428e-03
2.008470341788507699e-03
9.493944411316330642e-04
3.142425006759772769e-03
