2.537312396803126282e-03
2.979476983231491884e-03
4.682433085054702598e-03
6.446651394741449020e-03
7.515274249371041784e-03
7.139908366193326028e-03
4.923359719980206078e-03
2.830357882553474237e-03
4.637425524841430440e-03
5.835532197718137047e-03
4.975023333771391894e-03
5.230659325725329004e-03
8.126059083485443965e-03
1.002046469833579694e-02
8.817226093859500957e-03
4.433434336107773543e-03
3.659702352474174768e-03
8.846770792140036185e-03
1.042168961905491457e-02
6.914426043902883491e-03
1.057375526870048396e-03
6.670123316918369176e-03
9.836956532422388294e-03
9.768783870557006324e-03
9.098066306586676324e-03
8.400759233058580078e-03
6.219177993963317247e-03
5.318720062587611180e-03
7.944071926758437818e-03
9.230159180583303452e-03
7.717058974081533913e-03
4.312565473652750676e-03
1.907002021439919753e-04
4.359374882443014555e-03
6.932548197755072916e-03
6.018457899321377411e-03
2.290930364331606166e-03
4.405340714224425906e-03
6.965305621163191824e-03
5.445195525224009146e-03
2.352672838529718848e-03
5.584721791907199494e-03
7.828770765783666166e-03
6.957468350677105048e-03
4.165218984872674779e-03
9.803181735298300333e-04
2.492098380283058832e-03
4.775595151739974419e-03
5.244956632370748051e-03
4.426352589501796921e-03
4.460273664722791409e-03
5.113728131674142620e-03
6.655762852305993973e-03
1.034938097195199636e-02
1.346233313163089709e-02
1.324242512063401010e-02
9.590014839043536909e-03
4.966320246924188324e-03
2.652402079820658214e-03
1.805335070086923387e-03
2.261777118093722273e-03
5.640178775065166593e-03
8.733068007970539240e-03
1.010994039369792971e-02
8.991055125189675867e-03
5.594896210031769998e-03
2.131020406105493814e-03
3.120052261544747994e-03
3.331267423644690244e-03
1.423934656840009647e-03
2.431234935471074301e-03
4.197756063752448169e-03
3.977089187451746458e-03
2.443243293564610445e-03
2.500382317555596614e-03
4.433160032700919455e-03
6.016636730256196344e-03
6.790230514111065749e-03
6.944630333304436381e-03
6.432132086811617050e-03
4.444130146494709721e-03
1.529088242503304608e-03
5.053873178468048025e-03
8.343330257610860959e-03
8.296902219208566326e-03
5.351664289532250506e-03
5.137082569214262810e-03
8.754756786313490705e-03
1.065049375780077398e-02
1.025233677005051025e-02
8.848599452813962069e-03
7.050254940190505033e-03
4.458304439950444738e-03
1.538120539315002838e-03
2.361513381061100623e-03
4.086705135541593946e-03
4.722049160721325002e-03
4.316121460857962923e-03
2.756484732200309082e-03
6.059626044179429244e-04
2.814367670668632953e-03
4.541811731369284344e-03
4.287719013506445694e-03
1.985051212304901787e-03
2.089357983776757993e-03
5.516145577792740812e-03
7.429863312271326944e-03
7.418468579066007061e-03
6.836637464346560777e-03
6.803269387418403591e-03
5.729221658420506971e-03
2.981074170679659432e-03
4.907038742004221805e-03
8.456017733374149303e-03
8.427855746844986617e-03
4.633753754619790270e-03
4.091306467295816041e-03
8.032225947173454728e-03
8.871106029622781788e-03
7.618845109365359608e-03
7.859992128125062316e-03
7.918882339241111248e-03
5.989761510044917456e-03
7.937587644099330583e-03
1.246383779534217598e-02
1.317827515654564942e-02
9.035701673569051379e-03
5.178115639986964093e-03
8.176775841068396194e-03
9.757373991321607876e-03
8.886273008866331369e-03
9.361646241630825968e-03
1.010191377679172699e-02
7.471563711065598405e-03
1.572458400999483287e-03
4.667472528934575593e-03
8.014112536150008390e-03
7.673454125111335046e-03
6.362862459811928495e-03
6.677647736859956829e-03
5.780253744549508806e-03
3.137613032503776180e-03
6.152456236718704258e-03
1.006365988154373468e-02
1.043063105851727533e-02
7.442761876675516031e-03
4.963752883972567115e-03
6.447210164168188685e-03
7.487829643739707906e-03
6.746760038513288128e-03
5.771072485588437002e-03
5.880677258522055278e-03
6.530194136242471747e-03
6.873603711054851115e-03
6.947911022255890898e-03
7.570099584687356095e-03
8.474032000418362659e-03
8.067869442271644737e-03
6.284084845881460907e-03
7.007037113526786744e-03
1.072639137979295235e-02
1.304478950162573161e-02
1.215152371640466911e-02
8.565707802355930489e-03
4.159565984183505143e-03
1.457847227061937357e-03
1.930600851553861044e-03
1.765051466351579218e-03
8.647300124083680305e-04
1.996592912042161028e-04
2.468848487672619350e-04
4.824517654653501827e-04
2.022659211040033541e-03
3.949253070664165283e-03
5.750912976336615239e-03
7.212473892233275605e-03
8.401194261115987189e-03
9.196151272514659775e-03
9.205955966229636273e-03
8.402216115907497687e-03
7.673477997024200775e-03
7.822104240939721162e-03
7.614026406135131035e-03
5.369036630583840994e-03
2.991341808968538650e-03
6.925155985824358457e-03
1.017583346289202550e-02
9.327462000659975452e-03
4.621182971022107060e-03
1.125849189348966575e-03
4.101020487536528002e-03
2.479320609400507622e-03
3.441203578076844523e-03
8.808812123386747933e-03
1.069332235107347227e-02
7.782767201408129221e-03
2.800508054053589459e-03
5.046003976320531659e-03
7.052469427368983530e-03
5.389209454516099944e-03
1.673967031473523170e-03
2.161401566288331626e-03
3.996113494085646450e-03
3.995638297066588483e-03
2.691342666893775659e-03
8.708816047167094315e-04
2.847448386326317544e-03
6.491188762271698186e-03
9.855825238664918039e-03
1.141633627285156861e-02
1.050243560348261378e-02
8.438844867239968239e-03
7.366907600135327513e-03
6.549420850257663997e-03
4.452894714232153231e-03
2.613963557960974262e-03
4.292927662563578856e-03
7.359185704252883299e-03
9.733147080684147884e-03
9.227040352713546459e-03
5.961000881908555017e-03
6.982086962609227766e-03
1.069355401701171417e-02
1.069658372690037926e-02
9.935469452371278182e-03
1.298308689253614527e-02
1.340883924277650949e-02
6.696540963676152723e-03
5.568473590828323765e-03
1.613086178953580460e-02
1.988746342367197703e-02
1.539140622278592323e-02
6.373491599308583888e-03
1.254825939871992944e-03
3.400739534575771082e-03
3.362664412868416990e-04
4.436129512383641185e-03
7.089137029003228334e-03
6.184735396078060339e-03
3.013513753417783672e-03
1.149944960366373415e-03
2.734055259181482258e-03
2.947705315141685867e-03
2.688022494370197538e-03
5.124420538226994414e-03
8.252200192799987247e-03
9.781665776182847313e-03
9.731800587235944419e-03
9.150980947368072410e-03
7.428633274048272381e-03
3.801740537438012997e-03
4.160405256576000729e-03
7.916898246792269250e-03
8.458863454827785303e-03
5.356905087471101022e-03
3.697976312938253715e-04
4.844166750758224262e-03
9.194977402934335214e-03
1.151147510760774061e-02
1.047644193445424095e-02
7.530967327358278895e-03
8.969690847693058758e-03
1.232370937381314403e-02
1.150486861522456022e-02
5.703152784876475839e-03
3.781155942026636404e-03
1.109203969148651533e-02
1.462666324199836561e-02
1.338205456647143139e-02
1.050091171430987333e-02
1.140319297924310103e-02
1.276336595775583518e-02
9.439111237116531300e-03
2.774693199651359632e-03
6.651849480393031387e-03
9.456650126883103455e-03
6.674012656381450061e-03
4.479070440297110330e-03
7.551047542811981962e-03
7.037422667283231049e-03
3.698023419713607554e-03
5.465725838392040091e-03
7.147260194939138514e-03
8.023962419931666631e-03
1.164466678498491184e-02
1.385273431702028352e-02
1.196304175510536603e-02
9.746591452961620231e-03
1.067112446240924169e-02
9.769904850482645509e-03
6.596935034497608714e-03
8.321926397270454703e-03
1.097889939231506094e-02
9.387977692902707907e-03
4.803842800673575192e-03
1.132588992306425525e-03
1.518472050108840348e-03
3.781918629617662692e-03
6.838681947717277151e-03
7.955210265835449893e-03
6.224683599896025168e-03
4.214779190709423175e-03
7.395655753901188983e-03
1.137535624307972615e-02
1.242375648450164474e-02
9.901861742896369070e-03
6.488125257285272049e-03
6.229216211033995060e-03
6.178682490848548016e-03
4.640822344443666474e-03
4.635544978369022205e-03
4.286032770401368083e-03
3.942508892955020640e-03
9.553799648848627576e-03
1.458767091459193740e-02
1.510329815222807674e-02
1.157852090915101329e-02
8.868164554447667894e-03
9.655492697555336304e-03
9.322999048137084813e-03
6.957067010403555560e-03
6.203505029807403724e-03
7.435678502949702971e-03
7.116892213167301182e-03
4.551053365106450498e-03
1.169591728937175584e-03
4.695232094110589685e-03
1.007967844864989491e-02
1.509340264808414073e-02
1.773653389612203299e-02
1.642428943371972497e-02
1.143580128870950140e-02
5.231535744620162236e-03
3.115109115062919282e-03
4.900586906462705422e-03
4.791719360825639172e-03
2.729959633251497365e-03
2.695471392637919204e-03
6.781294890412204249e-03
8.970432202409730008e-03
6.795364102340998441e-03
3.026344757276657870e-04
8.005721124448070269e-03
1.405619821015464781e-02
1.500227564929993047e-02
1.071238797250812641e-02
5.188351935084194004e-03
7.351101208686526035e-03
9.984940301128694337e-03
8.316282027746127806e-03
3.738975575078873695e-03
3.173174180194875908e-03
6.249717552608184158e-03
8.057623986099304511e-03
9.470823227916444140e-03
9.715899690801143782e-03
7.561602771736331691e-03
3.849473251938013811e-03
1.224543341556594018e-03
6.517309833177281284e-04
2.924077537282550668e-03
5.985063377567989562e-03
7.302040208136812566e-03
7.233782860319172905e-03
8.546215309196199261e-03
1.021281174696509093e-02
9.354222574561569040e-03
5.988558982155945710e-03
2.781421576791206877e-03
1.760415189425228958e-03
1.661790958555279217e-03
4.704142236977161551e-03
7.071774469465090356e-03
6.579986053140345764e-03
4.226992069041908204e-03
5.930043674665949269e-03
9.462038943930833543e-03
1.034036124431807722e-02
7.750117778532736486e-03
2.815905891963936796e-03
2.622697236315726758e-03
5.973970623064714727e-03
6.236066150022247408e-03
3.666323209913422559e-03
2.263779830369022725e-03
5.612809393800978659e-03
8.039243126149391017e-03
8.993859822725403311e-03
8.512803859558675315e-03
6.118540176011022166e-03
2.667774771890407855e-03
4.790587514148712117e-03
7.525698435230473993e-03
6.834513397096782066e-03
3.162159494564983908e-03
1.561073845616130999e-03
3.654170541140579383e-03
2.844045153219236250e-03
6.818942437988145247e-04
2.756215751155790140e-03
4.180499370235618052e-03
5.116850533285262348e-03
6.155998822797511746e-03
6.734159451691278109e-03
6.889169312653707286e-03
7.634764730592400427e-03
9.550333716795880723e-03
1.155871020835217734e-02
1.168221402959254349e-02
9.101925449473576707e-03
6.455827027709407605e-03
7.442594382046491958e-03
7.873605586573580173e-03
6.693995435828304329e-03
9.532623878928274397e-03
1.385051233613331274e-02
1.438716163618967286e-02
1.010984838286269755e-02
3.063498799260418268e-03
3.979067901577616577e-03
8.269003241564744366e-03
9.407810874814983432e-03
8.092757663454522993e-03
5.637611187439575851e-03
3.494518295382166920e-03
3.786573621925091396e-03
5.288050432297358369e-03
4.904347430658461023e-03
1.637523426588447829e-03
3.157672704042360692e-03
6.637722586172118203e-03
7.240000709830600456e-03
8.333944272297413164e-03
1.240139861810650446e-02
1.429323320133523909e-02
1.084794198756935078e-02
4.157600524552902861e-03
5.540765356161811428e-03
7.807001318542341854e-03
5.080142428192775672e-03
4.935332606107451295e-03
1.010683334106198331e-02
1.246048960671893545e-02
1.156414150834916832e-02
9.847032507519322062e-03
8.783248559369159075e-03
7.005952926437268233e-03
3.347082132908533493e-03
2.438810299543125570e-03
6.713521786087693274e-03
8.287724542372913727e-03
6.411521473000681044e-03
3.922226847270574024e-03
4.435399537259040667e-03
3.573121687897786326e-03
3.548336596017208269e-03
8.325266637841494469e-03
1.068615255451029790e-02
8.214560924756173638e-03
2.678294638153276216e-03
4.135237059753232684e-03
6.214236129209514334e-03
5.221671432521528787e-03
5.968446656085800786e-03
8.063323327973324559e-03
7.460098736740583547e-03
4.375128982251037281e-03
2.102921858076549268e-03
1.964352821341857312e-03
1.071619326756749480e-03
2.098631253281425888e-03
2.328611997138631175e-03
3.572260228370306018e-03
7.760336892500343219e-03
1.029339743827415582e-02
8.614395103975406795e-03
4.782437807694086586e-03
7.569519334466067936e-03
1.086343632401430385e-02
9.482493124496546577e-03
4.310058476709462995e-03
2.088683161912407125e-03
5.241800543086737492e-03
5.530351029577640007e-03
4.812305878344101673e-03
5.106016393965046030e-03
5.510593267860405126e-03
5.506041784879772000e-03
6.206924864632173099e-03
8.041987298464900805e-03
9.063770921051369361e-03
7.278035115404114623e-03
3.573046971363869843e-03
5.910421957468364046e-03
9.637364873493077175e-03
1.000454244483734052e-02
7.786252703339028962e-03
5.763445290689824495e-03
4.986405352057632356e-03
5.264336075336080792e-03
7.583366522856624554e-03
1.039818880472190982e-02
1.197771539376612723e-02
1.127021679059449222e-02
7.519745912049581246e-03
1.179721479407650625e-03
5.542751857714667794e-03
9.709069115902895647e-03
9.842421719692111964e-03
6.993575119281962051e-03
3.895093039609040953e-03
1.977437875094003629e-03
1.549426186517264973e-03
5.038109563977321258e-03
8.817674468918854438e-03
1.146774045523091777e-02
1.252200302147357149e-02
1.254022663778153399e-02
1.232680472069335766e-02
1.114467948035725159e-02
7.801233680125002623e-03
4.740132983282090498e-03
6.911382619624310830e-03
7.816851426575278233e-03
4.456323953497917656e-03
2.642433728724097146e-03
7.325508400773702959e-03
8.457329988876891372e-03
6.029561147459803171e-03
5.938233990282989518e-03
1.029489594266838268e-02
1.348125795777079493e-02
1.384050004465443677e-02
1.171682389138956060e-02
8.547585295016656842e-03
5.699694172182235424e-03
3.060506400455683968e-03
2.609688221349299765e-03
5.738000487839164075e-03
7.548963040646694891e-03
6.826968017395731655e-03
4.135021755890208074e-03
6.940319367758464655e-04
3.506980050528124906e-03
6.769368510111779640e-03
8.264165876369057584e-03
7.895345238068653126e-03
7.417232253011863362e-03
7.535794164156716171e-03
6.373376770317522484e-03
3.452363970642681208e-03
2.135171515191389494e-03
3.919289575743732483e-03
4.467883448485400477e-03
3.370358048639395410e-03
2.782680856445167330e-04
4.597924288833478597e-03
9.073202448306240051e-03
1.002389178123462565e-02
6.107743766963624234e-03
5.069904302682125968e-03
1.164983249607097482e-02
1.379500075594360803e-02
9.290161952126285705e-03
2.976115712964340007e-03
7.547724039684249389e-03
8.083219960855094269e-03
2.669362722595506644e-03
7.424797561787851823e-03
1.226125286733762733e-02
9.797078307234689809e-03
2.376373718147248900e-03
8.391589902707082341e-03
1.197150392661421037e-02
8.229220547741705055e-03
1.948687574087755144e-03
8.023498214456211905e-03
1.035463459745288896e-02
7.790496710446345903e-03
4.018367868325974611e-03
2.655466179884629317e-03
2.575435396518545479e-03
4.503226598575621291e-03
6.050582746128343667e-03
5.418154530676715791e-03
3.234305196114712396e-03
4.976735721508192527e-04
2.809993688051492296e-03
5.670757678722914905e-03
6.381130316767785228e-03
4.718861179384330716e-03
4.646940136753254132e-03
6.661783743400936410e-03
6.478736362631486168e-03
4.581512773372530337e-03
4.991963766202352736e-03
6.472499568573770144e-03
6.322361580518942245e-03
4.698771914843698216e-03
2.883463831295298395e-03
4.565943302630474758e-03
7.529932862724750611e-03
8.449480988434067766e-03
6.838125376645120927e-03
4.878497156393354732e-03
5.020395297044879558e-03
4.716441808013841636e-03
1.710394089366048696e-03
3.769006574476466923e-03
9.778309360902046748e-03
1.355149557578811358e-02
1.330263875206792214e-02
1.012123613661017850e-02
7.461467491483656997e-03
5.434383321447409584e-03
2.096601270459704566e-03
5.819081440561612618e-03
8.652719366823359570e-03
6.171074917147128559e-03
4.981858572775196663e-03
1.106122460041039472e-02
1.275873629820524664e-02
8.219050160236343605e-03
5.780514910182937317e-03
1.079353353371043621e-02
1.158502221331498931e-02
7.209726234358127157e-03
1.036506997124365687e-03
3.894588516719958531e-03
7.077379228643757535e-03
8.440482322296430015e-03
6.658683686774620122e-03
2.296111836248344862e-03
4.626051908332417043e-03
6.696384875619583454e-03
4.632520118342389054e-03
4.509243666250305378e-03
7.510862597352434104e-03
6.459888039059428870e-03
1.454003916233498729e-03
5.343392231495582012e-03
8.101936722873213231e-03
6.314781091064179848e-03
5.521592754235436773e-03
9.770821032490892635e-03
1.211454357717258422e-02
1.098253925003720224e-02
7.967533267797845264e-03
4.422216853818074916e-03
1.840901377914254183e-03
6.526153931617823499e-03
1.078813700066550904e-02
1.159311315367077266e-02
8.483895195268950293e-03
4.311370814548739355e-03
5.197947654492788595e-03
6.516019190565644492e-03
5.369812048342479174e-03
5.788461928437776266e-03
9.156626823023459455e-03
1.116365746796494154e-02
9.878551507180640540e-03
5.333542051998327663e-03
1.291543541110921076e-03
7.420194862967618987e-03
1.140853961331747546e-02
1.210397174066092651e-02
9.595216098893263532e-03
4.798216409909127587e-03
1.426484246591416772e-03
5.380889922693463980e-03
6.106152452274349156e-03
2.766049632326174085e-03
4.246112440485901897e-03
9.433028893928609507e-03
1.065467195703265722e-02
7.159632774829899869e-03
2.345690494908950294e-03
4.890602805953962393e-03
5.934371358001387133e-03
3.604649841466906271e-03
3.722827162951738208e-03
8.713533643505973203e-03
1.305136905342602592e-02
1.407864775756254537e-02
1.015177698354658570e-02
5.334948067742522476e-03
1.084135638176474993e-02
1.424082584591568508e-02
1.004962204545743060e-02
2.586935160360428771e-03
9.871985314412405621e-03
1.256504241976862807e-02
8.062821377506558529e-03
6.969762635522106300e-03
1.228562456683178136e-02
1.178924376692605178e-02
5.448095081431556831e-03
3.535235472566280231e-03
6.111427985810188694e-03
3.074458402690786931e-03
2.704386319512221398e-03
6.201934287301360746e-03
4.793499164229907995e-03
1.057878825159873099e-03
3.626598620286677899e-03
3.652874077422321123e-03
5.893583060277794022e-03
1.054083014371955639e-02
1.172607499844233701e-02
8.475445183762772214e-03
3.811854177653537651e-03
9.270952105588450582e-04
2.567662373331630436e-03
7.044394820152956663e-03
9.326073521587390294e-03
6.938831544907943759e-03
9.799902107301824636e-04
5.676307917632938613e-03
9.749936976762628091e-03
1.182600321011958479e-02
1.325003265390269948e-02
1.297922090463105721e-02
9.848170351760924049e-03
5.527945592344159220e-03
3.989284791745763628e-03
3.989021159245598191e-03
2.330783171785066540e-03
1.321873656257310315e-03
3.355737490534291701e-03
5.375123508003879294e-03
8.050980458089473588e-03
1.111807247159227012e-02
1.288420513098630787e-02
1.176444387074022588e-02
7.575681671880198954e-03
2.399237465226929274e-03
5.035975146805094817e-03
8.865959060470659375e-03
1.045371308718252845e-02
9.437831514368097419e-03
6.085607926819819498e-03
3.122284610118012012e-03
5.843457823206867074e-03
8.946002424671273615e-03
1.098690014849522216e-02
1.241048034623213996e-02
1.243694828954008090e-02
9.408654212197100838e-03
2.641687029402995431e-03
6.476483826641209370e-03
1.408341002332319514e-02
1.610528827936070009e-02
1.105092587100258393e-02
6.822223275943665143e-03
1.480122741247072611e-02
1.903507549863133960e-02
1.480082098186195037e-02
4.543935675966392918e-03
6.143898294980064748e-03
1.168379584003295321e-02
1.094390713414650565e-02
6.623159142324476847e-03
2.880271710003965563e-03
2.203003062354507227e-03
3.906870499003233486e-03
5.454881692110358574e-03
5.094613549322153309e-03
3.247301431707194045e-03
1.954275328014786449e-03
2.963042583556695520e-03
5.929745887649090670e-03
9.125292023699708988e-03
1.097181897041880037e-02
1.127864017819392786e-02
1.051705623372291634e-02
8.422638313662298912e-03
5.608860370825572740e-03
6.823553833235402981e-03
1.051413878938702029e-02
1.179707100659932277e-02
9.768047441721022794e-03
6.770876642970786313e-03
6.978553435476119761e-03
8.392070759521991913e-03
7.870869760643483051e-03
6.510541877513388240e-03
6.896178254312847894e-03
7.642114773724932413e-03
6.409208112067154607e-03
3.145098289631551199e-03
2.079578319666316316e-03
5.866098076883459814e-03
8.430202676814980284e-03
8.879654524256978820e-03
7.565309704388403604e-03
6.478017083201464792e-03
7.361216873277127981e-03
8.426618578817024127e-03
7.996474817533018656e-03
6.231197425570604749e-03
4.209863053810305490e-03
2.700763177945798409e-03
2.516470770071181553e-03
4.319252006452820904e-03
6.019135244877155989e-03
6.360149387733574251e-03
5.887065758133569297e-03
5.686334011566500715e-03
4.697429109850243846e-03
1.949381288259372132e-03
3.902601496043238936e-03
7.278456833467871097e-03
7.320396217934376122e-03
3.872004339861497089e-03
3.227036510259937135e-03
6.500173865472658533e-03
6.307691812903058054e-03
3.263334681116872651e-03
4.711209903221528876e-03
7.446249483829565224e-03
6.650988964781450082e-03
2.781942199415715199e-03
1.709526171638622643e-03
4.457915479605338745e-03
4.960871105193348334e-03
4.563967372234390384e-03
4.276650737509598427e-03
3.748980015428597049e-03
3.167111659258764565e-03
3.420225360192299859e-03
5.298727543623883360e-03
7.390802410321401124e-03
7.403293807453364614e-03
5.044828229473105781e-03
4.007469215551982995e-03
4.209994199102259742e-03
1.529974092362129364e-03
7.508480325681153589e-03
1.412006873185469615e-02
1.553820357672722370e-02
1.147743708878096527e-02
8.677811014309949611e-03
9.644884954004976849e-03
6.190707922495383188e-03
5.620491505485616067e-03
1.371187690388771079e-02
1.539112304090685390e-02
8.091626510164139433e-03
4.633804442717463432e-03
1.436495942356975225e-02
1.661827226628292617e-02
1.184811725755173344e-02
7.043559054156289280e-03
8.303202225448239049e-03
9.437575495983950222e-03
9.508012998023403217e-03
8.239384880020813803e-03
4.107820377366402757e-03
3.943136083900122824e-03
8.310296178196403816e-03
8.229866007295765298e-03
3.931742416372473181e-03
4.561096869443430173e-03
8.761912609295794546e-03
9.806333132092471053e-03
8.731068988455246288e-03
8.070463152255053993e-03
7.793987959033534495e-03
6.050667542965954340e-03
2.789072115491521807e-03
2.265891144691231131e-03
3.889568934423855498e-03
3.634839816472789503e-03
4.516820509179549602e-03
7.606414842092294043e-03
1.045231143354070566e-02
1.244095438475776270e-02
1.264378527000249545e-02
9.693189396301473901e-03
4.880427430816149797e-03
5.393399860268462478e-03
6.752362044740537264e-03
3.387658231587562917e-03
4.469137842831713905e-03
1.028051144216324611e-02
1.168029569984496870e-02
8.470683924774858806e-03
5.600384778526973709e-03
7.855229987484271467e-03
9.644004237178782982e-03
8.972862290721573403e-03
5.985966941306725825e-03
1.358136791521406383e-03
4.273779024594553944e-03
7.223051929979256228e-03
6.542647411546752799e-03
3.744040744376869734e-03
4.350136637151261546e-03
5.997886136175282004e-03
5.621259793162395116e-03
5.462896269432974267e-03
6.819316749262203242e-03
7.055556825851890500e-03
5.275651267265369683e-03
4.164852408407949957e-03
5.748471605658787668e-03
6.029457243170667849e-03
3.500081012021497451e-03
1.139113319699056482e-03
4.119673590365890634e-03
4.949334901201488980e-03
3.984289935685304644e-03
3.095620504413032926e-03
2.887750860930755198e-03
4.681646646959407299e-03
7.365015955605804486e-03
8.241309737626946116e-03
6.972907708123231470e-03
5.710103081417362662e-03
5.328230712644637518e-03
4.712474482448611793e-03
4.555095611086855054e-03
3.881054977747997251e-03
4.838296072327728618e-03
1.067275887102212863e-02
1.482789942382026042e-02
1.293708300992612963e-02
4.875002646753333856e-03
5.331228130592359331e-03
1.210033803200352351e-02
1.246553014520631469e-02
7.902661313988063041e-03
3.465216463371495817e-03
2.897164267570370624e-03
2.289861479556479402e-03
2.778276647037186946e-03
2.833364165390272332e-03
3.520818952967397480e-03
6.295975254783050222e-03
6.868954539990482049e-03
5.302350630927574020e-03
7.548717380987422093e-03
1.030340168954571416e-02
8.601009009432329655e-03
3.712381494583449123e-03
5.714660612414380371e-03
8.576519726602576180e-03
7.090580008528904118e-03
2.921906199632365482e-03
3.866366989393567495e-03
8.247216694655133684e-03
1.131149434834451128e-02
1.160581903373892297e-02
8.783203542471369751e-03
5.601530769561734180e-03
5.779464894253196448e-03
5.488449623884697655e-03
3.535775034434756377e-03
5.336211823752098210e-03
8.246571633953652877e-03
9.212841807707709135e-03
8.537524002977461487e-03
6.393245804049054425e-03
2.345540513662340218e-03
2.857741019259338495e-03
6.655351713535617199e-03
6.799782912216840135e-03
3.284735164537461345e-03
4.300750771627123194e-03
8.459114593687935835e-03
8.648447195491348882e-03
4.390787243217935537e-03
2.074490176941837065e-03
7.296867401186560818e-03
9.345433829547628718e-03
8.581461624180433331e-03
6.662624069284197974e-03
4.737166945339162105e-03
5.318152692310978980e-03
8.383757134978171363e-03
1.008295778338524039e-02
9.102363839227181272e-03
6.458611697030170080e-03
4.182648209345282177e-03
4.767882690776938451e-03
6.502317575613057732e-03
5.733565197208589231e-03
3.352767950195228910e-03
7.681578599023041777e-03
1.133805376757166840e-02
9.609544515213822372e-03
6.438675240809040717e-03
1.166715485745654750e-02
1.529039508682618342e-02
1.197326303774550946e-02
4.274893311308433988e-03
7.254465938378550083e-03
1.179686055010372402e-02
1.177645895924645837e-02
9.834741682212591249e-03
7.937391657029562939e-03
5.229856390627021789e-03
3.121663290949679495e-03
4.171931356881286926e-03
4.455385553914465585e-03
3.827314613725901326e-03
3.529456462947818361e-03
2.987422892076703300e-03
3.833408856819311202e-03
5.823479693315712462e-03
6.477045437578734383e-03
5.759102483252356852e-03
5.163618678476155494e-03
5.270677639134333653e-03
5.722639020105509990e-03
6.026277043022790214e-03
5.566789741882932629e-03
5.107463809819210408e-03
5.870020596195248651e-03
7.409405776573643916e-03
1.004082572567288785e-02
1.329094408624994020e-02
1.486336969363432139e-02
1.320255179381592953e-02
8.756099143085402728e-03
3.263255021008212159e-03
1.692253590940799015e-03
5.346589944636354931e-03
7.595551557306238349e-03
8.566711877409880285e-03
8.337212782801920602e-03
6.719073969588935068e-03
4.416560969592162565e-03
5.429508259629778170e-03
8.846743047263579129e-03
1.113740530600491191e-02
1.191205328361537828e-02
1.218087503246474690e-02
1.248811065212692903e-02
1.192475280040412866e-02
9.174690971399111425e-03
4.167356427005350014e-03
2.449337346222847916e-03
6.202490101467058453e-03
7.126576786423315275e-03
6.696827341113752510e-03
6.834496355069526533e-03
5.194391177643855814e-03
2.411277372352891169e-04
6.178002464480877517e-03
1.065530875091361476e-02
1.230230925119094564e-02
1.360772673316136723e-02
1.493342485698405213e-02
1.277098032649060834e-02
6.145337332586256127e-03
5.185110231397334173e-03
1.121255531487681464e-02
1.230368298409586884e-02
8.553977140081360508e-03
4.082959946499963196e-03
5.036106517856163596e-03
7.122905353773499766e-03
8.003974752755138242e-03
7.412736739072032371e-03
4.770132921123855854e-03
5.741790237256305836e-04
3.450115358038668284e-03
5.414872032226490835e-03
4.470469626761326351e-03
1.496365004159561519e-03
2.934541448025297997e-03
4.737597198705886456e-03
3.272869972186784500e-03
1.184252980063110533e-03
6.415181893772330286e-03
9.602788345187971211e-03
9.110255213918155154e-03
5.805438746389546094e-03
3.158975832950214075e-03
2.629295698391528879e-03
2.507878606230672059e-04
4.662732025980063748e-03
8.740441310648347159e-03
9.830464791891741980e-03
7.820262270396043797e-03
5.067081410942867598e-03
4.067163836143950460e-03
4.901846006194215781e-03
7.222006078565548597e-03
8.493829717769201329e-03
6.339219294785740193e-03
1.275631373058309448e-03
4.546854924437044622e-03
7.262569712253064656e-03
6.599274625198716174e-03
4.978750671365414320e-03
3.595876510367142665e-03
9.007355098294363193e-04
6.222902383213249969e-03
1.093859091593648962e-02
1.103554933413362048e-02
6.218598062643517638e-03
4.961448668990252331e-03
1.022175295024873795e-02
1.152109023260240381e-02
8.423029182060400022e-03
4.714295563496074745e-03
4.806227265518434218e-03
5.151168869791229732e-03
4.697723157383723244e-03
4.931201251067677573e-03
4.476559273743113861e-03
2.473203222653216817e-03
2.922819698742462873e-03
5.471965115051281511e-03
6.380247202360528856e-03
5.616401084784045268e-03
4.669928736158938769e-03
5.122706462361677031e-03
7.116625440823092993e-03
8.895359340227736861e-03
7.887302060102354198e-03
2.762884712484255361e-03
5.363477437678442275e-03
1.241864256942830716e-02
1.469290387060580641e-02
1.086412149070885291e-02
4.173376820381127957e-03
6.244650123609397051e-03
8.744350989278771441e-03
6.235533665621462163e-03
1.459467744249535797e-03
4.016983479330589989e-03
5.809976458599623236e-03
6.427006193753956320e-03
6.946744180894933937e-03
5.275366470076192464e-03
6.112881239495434249e-04
5.586497227075756800e-03
9.626272812220788844e-03
9.706338456364444617e-03
6.232152434856018733e-03
2.289091047798531668e-03
4.517567000881655102e-03
6.597096113930867554e-03
5.876004610194130243e-03
2.500533689348966027e-03
3.035359775460796765e-03
6.646607378765398075e-03
6.970659482343843395e-03
3.785546870538706535e-03
2.025898908013402683e-03
4.694707188493013085e-03
4.217929753077303244e-03
1.526400115009255397e-03
3.030289182865094407e-03
3.618057192451855711e-03
2.332644329593324892e-03
5.899107852494559108e-03
1.003722123119107912e-02
1.154535107255345340e-02
1.029613187325013023e-02
8.125673103392730065e-03
7.284866821442170445e-03
7.944793660145287734e-03
9.270561534976599558e-03
1.087505558159874292e-02
1.147124115353051303e-02
9.580027063794613329e-03
5.310920389894275943e-03
1.756305257172573490e-03
3.639522714721119597e-03
4.115319921791611886e-03
4.069543726371607079e-03
5.590332878408899378e-03
7.925499911430792729e-03
1.055040687492737016e-02
1.178773393008261672e-02
9.674332999730085939e-03
5.151241057797262615e-03
5.184180351682484388e-03
7.750073253958718322e-03
8.414027936270197794e-03
1.047798647136414033e-02
1.321359584994783939e-02
1.255653700459247700e-02
7.942231865627254889e-03
2.398396093355545204e-03
1.078203083597629054e-03
2.893322976432356882e-04
3.839228795486458040e-03
6.348783695226957804e-03
5.830388595041658892e-03
5.780237229513791354e-03
9.437334895149180822e-03
1.114916547864244420e-02
8.206606852958400061e-03
1.958206032894320176e-03
3.959183129437349527e-03
6.129706761908083890e-03
4.890858805151564008e-03
6.473675556899419724e-03
9.298611051622183987e-03
8.003141617226188637e-03
3.337131283695276163e-03
5.676414967815368064e-03
8.277267001206404379e-03
5.672055361236140458e-03
7.227508620537636359e-04
4.637424884247403831e-03
3.794542356061907963e-03
2.459004806464377794e-03
9.806065862559203844e-03
1.384284666011480203e-02
1.228441180089839477e-02
7.386079651359297484e-03
6.134837493109033396e-03
8.753210734722263048e-03
1.026537341076856624e-02
1.059992744877472255e-02
9.523849652196325621e-03
7.159327196996223205e-03
5.072944742110563343e-03
3.247129804966828945e-03
1.877309045413992628e-03
6.468812679508452110e-03
1.072307363627799867e-02
1.200823911332368592e-02
1.026815355042540526e-02
8.188122559166894146e-03
8.563916085741167181e-03
9.017738053873033607e-03
7.105989711186061486e-03
3.928836517218030344e-03
3.538579807254043155e-03
4.585080819928715259e-03
5.405045248009193726e-03
6.978696014234443863e-03
7.341277086292207106e-03
5.655413924600158349e-03
5.450338746355719299e-03
7.360657928842192881e-03
7.946764478078453819e-03
8.381688081864952303e-03
9.643413324324074526e-03
9.397357123626067996e-03
8.323993752514283542e-03
1.002790491646947738e-02
1.202650011001521121e-02
1.130665913741033847e-02
8.732254552608937834e-03
5.543973820281541259e-03
7.112249528541475735e-04
5.858962956079800076e-03
1.150887971544745959e-02
1.326180562611809811e-02
1.032712063871356507e-02
4.558877351127882220e-03
1.350048121487664073e-03
4.872721626113743314e-03
6.618788803408685514e-03
8.748368493006610652e-03
1.122523688606308703e-02
1.063736848977408882e-02
5.043003110011730523e-03
6.918010603649079118e-03
1.559097968125408400e-02
1.788716038108965553e-02
1.170497352630847990e-02
2.663767125439277933e-03
9.185802124910920005e-03
1.028085298454379549e-02
3.724853482503670023e-03
5.640672801275666698e-03
1.037110950115648772e-02
8.840614781394752833e-03
8.926247420172690045e-03
1.361401621232345531e-02
1.403748651770555037e-02
1.014526307661673017e-02
9.089123233046657660e-03
9.644229230288967405e-03
5.602680254776979535e-03
1.689421036494447633e-03
7.258813318821234414e-03
7.907732546232887696e-03
4.719295748801047297e-03
3.279466638860403793e-03
3.550122711822010797e-03
1.367709255196749305e-03
2.155851898649396078e-03
3.986564207966349603e-03
5.046125971270127089e-03
6.499545041262125462e-03
6.037617748799070823e-03
2.108450207127433688e-03
3.963440173513583208e-03
8.594940028373977345e-03
9.775758112432387029e-03
8.727014915857190386e-03
9.337068379123316525e-03
1.114445966054677765e-02
1.085686554716077876e-02
8.012920630944688621e-03
5.560435721682944164e-03
6.172425058195128017e-03
5.402784278655239393e-03
2.756563280401413095e-03
7.984058013614061741e-03
1.312862428140711656e-02
1.332765845822513236e-02
8.748606085434259411e-03
5.352388497124728993e-03
7.140814634373686930e-03
6.152286158856095678e-03
3.736006252155366514e-03
6.547417959731014099e-03
7.415121119981868403e-03
3.761395094655222305e-03
2.965585624794363998e-03
7.000870251608505915e-03
6.894361085297599605e-03
3.276740288254933586e-03
1.611320617644534112e-03
2.602819321478097754e-03
1.650705519773329553e-03
5.740350720158054684e-03
9.716313186114228923e-03
1.102740009511016597e-02
1.030120428892863059e-02
9.593862057689934303e-03
8.869683036032785864e-03
6.540008574651810444e-03
2.703069826778679591e-03
1.687415751188040642e-03
3.721163721479717971e-03
3.967263233545431644e-03
3.564695902306818775e-03
3.313346001802736779e-03
2.626627366837966989e-03
3.363467725674391864e-03
5.744618242847002870e-03
6.717472436223744132e-03
5.152082871552369873e-03
3.602076682260201522e-03
6.219145115559871276e-03
8.053945061759689231e-03
6.633598628223905287e-03
2.621792772583617700e-03
2.186993113099597753e-03
4.634873079043427477e-03
4.272686142454130455e-03
3.149531438018747694e-03
5.840191043073159408e-03
9.295023411986798323e-03
1.099321273009743610e-02
1.017161434377290667e-02
8.141077834099405899e-03
8.971110388037882230e-03
1.183594013459330664e-02
1.208426978039895891e-02
8.209120143558672200e-03
1.838740153485371497e-03
3.788933246486082818e-03
5.997024437920805626e-03
4.579452561128265729e-03
2.775932381936914873e-03
3.581176218889246289e-03
2.747870465217336355e-03
8.286541328884841368e-04
4.303843914083998502e-03
6.056135497547378115e-03
5.008402330629851094e-03
2.430691834391551093e-03
3.092605045786510441e-03
5.094911482117846224e-03
5.168952668346262110e-03
2.968229261575380893e-03
1.688495285276637742e-03
4.772405750426645700e-03
5.464661259395826864e-03
2.754300209470500298e-03
4.035431010645881660e-03
8.912057221758803299e-03
1.069783327210572892e-02
8.529551179459898130e-03
4.120785807165695466e-03
1.747413062984329085e-03
5.012488715851342452e-03
8.092391229008065109e-03
9.431248325880962555e-03
8.170179375170401326e-03
6.681646085953464251e-03
8.181602098451737706e-03
9.311563616482216102e-03
8.210291661712020017e-03
6.667580150011928435e-03
5.316997233710794163e-03
2.534890295381872754e-03
2.368676928859430458e-03
4.406217492724872654e-03
2.510048876114896743e-03
3.102420324400008856e-03
8.908142002814117832e-03
1.120287065901772773e-02
8.330100208135881798e-03
2.042405849346372922e-03
4.103616202780389736e-03
6.350390732649617218e-03
4.004108810068942627e-03
1.100554461707622554e-03
5.568381886345157711e-03
7.219521676399921761e-03
6.180659169990208347e-03
5.167439755319072278e-03
5.254153775961114062e-03
4.055001179671237008e-03
1.868380700333875958e-03
2.610479606597995109e-03
3.051091549556610855e-03
4.589397608606701762e-03
8.925202633400340993e-03
1.198961289393803142e-02
1.145768025658330455e-02
7.830772542725768573e-03
3.526571979314695356e-03
7.916821628383434364e-04
2.516284483105432537e-03
4.649162099882191146e-03
5.156590490811396692e-03
3.638342209730075459e-03
2.063855525753573780e-03
2.090761795903831998e-03
3.135343188094527004e-03
6.252631795697813008e-03
8.679596044789548298e-03
8.231238969836955632e-03
5.177489869209703742e-03
1.830922234886674582e-03
4.966585832112398007e-04
1.970715194787698611e-03
4.873748600020360450e-03
6.609516289319197248e-03
5.601114262604267244e-03
2.193676353652091859e-03
2.422403325175906657e-03
5.751561413877302742e-03
7.574892706753271095e-03
8.321968559351829511e-03
8.636444409221238558e-03
8.456864770622133515e-03
7.523692480665387060e-03
6.065197534784341413e-03
4.622528316142718655e-03
4.174614590908512328e-03
5.346019117484441044e-03
6.643768655009552222e-03
7.341322446588562957e-03
7.877602769530164459e-03
7.333114919615768904e-03
4.709239825964470043e-03
6.142182161696826438e-03
1.152084650456470204e-02
1.336648881444613135e-02
9.864079325066879220e-03
4.437313726839847879e-03
5.088606389751219872e-03
5.021292378837107634e-03
3.333278892515262066e-03
7.633996305693433772e-03
1.000310428797380330e-02
7.746399054773287635e-03
3.785933930731221701e-03
2.931570181572532279e-03
1.189226957565248490e-03
3.082834673002055569e-03
5.921744387706989396e-03
4.191445572588081356e-03
2.578664900036125099e-03
9.783991060890541436e-03
1.397870006849170725e-02
1.295311159241776047e-02
7.768173577659539739e-03
2.068042478414243521e-03
5.359761649797411404e-03
7.982677501082472912e-03
7.633098064272337072e-03
7.926619021929651870e-03
1.092094709026368918e-02
1.152503558764761751e-02
7.127319793697206932e-03
8.706492379949259909e-04
5.868548790472838568e-03
5.937637977896240496e-03
2.782179901719172496e-03
7.977727362043008849e-03
1.174753014211673066e-02
1.025794712588965450e-02
4.936549000103762630e-03
1.052183891079884080e-03
5.675144540978717574e-03
9.202293862499042951e-03
1.095506735546018795e-02
9.656869335745481980e-03
6.532911678968643214e-03
6.387052626968583655e-03
7.999302087709627557e-03
7.972374443527115162e-03
8.180933282671776219e-03
9.706037141660751530e-03
1.018271883694761570e-02
8.749710153323040848e-03
6.877532845536401748e-03
6.303891378129141548e-03
6.469839394728506624e-03
6.019405932885375093e-03
4.541793096134075225e-03
2.216182911873125754e-03
5.560770370001131332e-04
2.410591004798050101e-03
2.562408303244433864e-03
5.621874472659769842e-04
2.652872217720946436e-03
5.151397764802918312e-03
5.439056971872082216e-03
4.066595941805845223e-03
4.052403121389972288e-03
4.863876715592962974e-03
4.035295619573024337e-03
2.423535487368728807e-03
1.974387124526666079e-03
2.315622958727989612e-03
5.286714874656253324e-03
8.636070026075932243e-03
9.353403300300091802e-03
6.385704145640925394e-03
2.418935302058011078e-03
5.576075718905532976e-03
7.532616784413037787e-03
5.666826498910992188e-03
1.496532183111469634e-03
2.190605662752883372e-03
2.971902104006696708e-03
3.292716256894242643e-03
6.606724007534155174e-03
8.567935179657783923e-03
7.464764760093444383e-03
6.462825966509770821e-03
7.825611084171230428e-03
6.810077122971372986e-03
2.361007403214199479e-03
6.098131836686110710e-03
1.048157356989027657e-02
1.034711592920180626e-02
7.019974293285250258e-03
4.291160763481588307e-03
2.269499607862848507e-03
1.862124220790343631e-03
6.700620958728536677e-03
8.923329681194790489e-03
7.113859403818271511e-03
5.635310172725173719e-03
9.202441276849285257e-03
1.068661167581731047e-02
7.075218234990316574e-03
2.164087140824372973e-04
7.239772657396515050e-03
1.033017517154853973e-02
8.184460498741191747e-03
3.652029935096825271e-03
5.120208288637895060e-03
7.185209608208557863e-03
7.344838837366579089e-03
8.234079368343787814e-03
8.414460862709754671e-03
5.909369286145185057e-03
3.965478755280114204e-03
4.814600738396714909e-03
2.795529004667454947e-03
4.895641220250414316e-03
1.133768213143714065e-02
1.428774383988487551e-02
1.231538131766073130e-02
7.822946240461649617e-03
4.451730891107882025e-03
3.146871797731322275e-03
5.896381430158191203e-03
9.544880286652160720e-03
9.913535985162003419e-03
6.275230709071807043e-03
3.854954335085483512e-03
7.755637138717188031e-03
9.586139516767844260e-03
8.463391529999829410e-03
7.964451168393183941e-03
1.037407575841154360e-02
1.215883577317107382e-02
1.091005464468016058e-02
6.820921753098150436e-03
2.648285084560293018e-03
4.597185526265536518e-03
6.355924882611435102e-03
5.370215671415853702e-03
2.418909801646994782e-03
8.089619899200411980e-04
2.840799950754172194e-03
3.837329621855852402e-03
5.102590864544084490e-03
6.022690891276065786e-03
5.066794251067717296e-03
2.262349558066126601e-03
1.476238568438550730e-03
3.885302320254730487e-03
5.362183585712637646e-03
5.977470099261404136e-03
5.960218790435538837e-03
7.085276399243885075e-03
9.159525322925920338e-03
8.919466832645536747e-03
5.021386415602149128e-03
1.873826953839383440e-03
5.239444739247111661e-03
5.146593732020652082e-03
5.704360353142342958e-03
1.016665228014967601e-02
1.184324143180801210e-02
8.379518405253760099e-03
3.422983133898766742e-03
6.412752774528612115e-03
8.657456877300587217e-03
9.123187263448451906e-03
1.089003248420213239e-02
1.224551176582594665e-02
1.081705448936097838e-02
7.657235590152417469e-03
5.886340865861657001e-03
6.073695140404906934e-03
6.282705834104783046e-03
6.284557948594990395e-03
6.156710412830000353e-03
5.716118992287830096e-03
4.947368419133141987e-03
4.095730804971487587e-03
4.192051147590890488e-03
6.019396835004077809e-03
8.192908315900561400e-03
8.926163858141556925e-03
7.166776551975141511e-03
3.246643504307059232e-03
1.166083274950931647e-03
4.128034261402563701e-03
4.809017851933366366e-03
3.849185820180462368e-03
2.271108661412338942e-03
1.391067229669412132e-03
3.488477634561185526e-03
5.511247988015843986e-03
6.419067544298597168e-03
6.718397225307708338e-03
6.650424782692196043e-03
5.315478108392992715e-03
2.464337623581084810e-03
1.040508009106153649e-03
3.111785341057655366e-03
3.474918328456493791e-03
2.578054881395677126e-03
2.649784921459472607e-03
4.644952806809691040e-03
6.371346658002420733e-03
7.376809926584466069e-03
8.626780245136564385e-03
9.466261208923897399e-03
7.876639982611127397e-03
5.581880936418980553e-03
9.025227796762930188e-03
1.266473154044004540e-02
1.205972714884512298e-02
8.374148080053491275e-03
5.937224304048481331e-03
4.509709631465953078e-03
2.246459491993717163e-03
7.451454992074175131e-03
1.198085042630323699e-02
1.210426331415384062e-02
8.292767131964138769e-03
4.002270787699109544e-03
2.909526247196239125e-03
2.110021344617693008e-03
5.430717856715534288e-04
1.617979039705422402e-03
1.467684054208547072e-03
6.068525949817772354e-04
1.265978388525609974e-03
1.146278205116050804e-03
5.619996348230856843e-04
1.078658683410082348e-03
9.729896842976566837e-04
5.109650073959894718e-04
9.570589244861178648e-04
8.701477433181215070e-04
4.620415093599195347e-04
8.683329829953092627e-04
8.064755934883803675e-04
4.174751387238303255e-04
7.973571037215402028e-04
7.666962833124114874e-04
3.791141668847753158e-04
7.359288887311076464e-04
7.420269255947014838e-04
3.492469261377420140e-04
6.791825429186623556e-04
7.267191709376865510e-04
3.303952046717107695e-04
6.241176235732446773e-04
7.166581568882811294e-04
3.244783486884175012e-04
5.689053669639059603e-04
7.087442328553946640e-04
3.317924876219067445e-04
5.125312462133291194e-04
7.005915484708802321e-04
3.506540730738741483e-04
4.546086473346208656e-04
6.903615658350362823e-04
3.780494222469386791e-04
3.953053235455621247e-04
6.766586091096783977e-04
4.106356258865513143e-04
3.353860969885125620e-04
6.584575425572318768e-04
4.453943614505698851e-04
2.764501164158853657e-04
6.350504938819269592e-04
4.798436694103390973e-04
2.215885870461319952e-04
6.060061618696969792e-04
5.120139729440518952e-04
1.768742436358802838e-04
5.711380726626257053e-04
5.403571552831824614e-04
1.529228538741368671e-04
5.304796884696964419e-04
5.636606243243323655e-04
1.593075972258077599e-04
4.842655716419862959e-04
5.809839312089539994e-04
1.917349698989863653e-04
4.329195934235816837e-04
5.916161661600185737e-04
2.378091560626257803e-04
3.770547681105566439e-04
5.950481872555536591e-04
2.886589800825683388e-04
3.174986208429186212e-04
5.909543057841627279e-04
3.395137014133536683e-04
2.553874616218241938e-04
5.791795282780046530e-04
3.876889876417485142e-04
1.924860548101814720e-04
5.597297599623146701e-04
4.314761008229498970e-04
1.324289237604544145e-04
5.327633347403694375e-04
4.696697866366311377e-04
8.638568854887478414e-05
4.985829267768019128e-04
5.013692573976326035e-04
8.415226471083917578e-05
4.576274486685266490e-04
5.258911575137931432e-04
1.268937103150660902e-04
4.104641315948389540e-04
5.427301391893275470e-04
1.835589997331172880e-04
3.577819831660632058e-04
5.515404341339746408e-04
2.419418897318886623e-04
3.003903392599125777e-04
5.521267201910752933e-04
2.981473079111109591e-04
2.392346094770543357e-04
5.444388082488565766e-04
3.503061567640539846e-04
1.754776301943462792e-04
5.285674479335939402e-04
3.972011117517370627e-04
1.109219579913207427e-04
5.047398697354054742e-04
4.379134934708031265e-04
5.173082563776119718e-05
4.733143536016626144e-04
4.717143920965099677e-04
4.774329617024445054e-05
4.347734873701309668e-04
4.980278965053889758e-04
1.045056823321865373e-04
3.897160187451150187e-04
5.164188767840487268e-04
1.669130540628010898e-04
3.388474199870741203e-04
5.265895942907188997e-04
2.277051449062456967e-04
2.829696342788285638e-04
5.283791546604781541e-04
2.849913320371162359e-04
2.229714953855445466e-04
5.217632632376274001e-04
3.376104432978741183e-04
1.598258997995737670e-04
5.068531146881357589e-04
3.846381169195336514e-04
9.463306757032052764e-05
4.838928568515660266e-04
4.252929442086172919e-04
2.946045663336681266e-05
4.532553683582237619e-04
4.589162953862790982e-04
4.076664482851559136e-05
4.154362549194505505e-04
4.849707606399739535e-04
1.056228418985073292e-04
3.710460748735499984e-04
5.030436537288285586e-04
1.691760095602588289e-04
3.208008902108407980e-04
5.128513218253562267e-04
2.298323678239976508e-04
2.655113489003042230e-04
5.142426642667735723e-04
2.865458429747361050e-04
2.060707756374000488e-04
5.072011772045925638e-04
3.383866978578405071e-04
1.434439713272156155e-04
4.918452113196215012e-04
3.845146648752336706e-04
7.866863837996873263e-05
4.684263085235097768e-04
4.241836101547197865e-04
1.335291026192901085e-05
4.373255918198681955e-04
4.567509229298721916e-04
5.366260035558187338e-05
3.990482727836372500e-04
4.816869986094619903e-04
1.185968145306466403e-04
3.542164567511556401e-04
4.985835605156506379e-04
1.815451503073157991e-04
3.035606580956801376e-04
5.071603436037583909e-04
2.414215509323487240e-04
2.479111098215138267e-04
5.072699074371967527e-04
2.972353282757062834e-04
1.881925889185024822e-04
4.989004501837661712e-04
3.480650718779908052e-04
1.254413233912297096e-04
4.821765583165603147e-04
3.930684566973512671e-04
6.102065071847841122e-05
4.573578784928788435e-04
4.314947388273973595e-04
1.376677436863752638e-05
4.248357533657408109e-04
4.626966790928451249e-04
7.341786478577916547e-05
3.851279394722496971e-04
4.861411370380809083e-04
1.378765305695083237e-04
3.388716668541936930e-04
5.014180170752476854e-04
2.004450367765700665e-04
2.868156532153581578e-04
5.082473734518736744e-04
2.598513825945291539e-04
2.298128458794570562e-04
5.064845384190657046e-04
3.150490719022792951e-04
1.688207642233108545e-04
4.961231786513479536e-04
3.650875698332143563e-04
1.049501559527634016e-04
4.772962214351408319e-04
4.091046500982003478e-04
4.014050175333464616e-05
4.502746286374489731e-04
4.463345113081129819e-04
3.196814290025402428e-05
4.154640357740428452e-04
4.761184536437846845e-04
9.695603850681199485e-05
3.733993209306441007e-04
4.979152018380256011e-04
1.621925332739321691e-04
3.247372400598709801e-04
5.113099363254531996e-04
2.252268892737506131e-04
2.702474207100153715e-04
5.160216216380760553e-04
2.848463612133279692e-04
2.108025115828844045e-04
5.119084068328955432e-04
3.399906179558884211e-04
1.473707481253615399e-04
4.989709610275838486e-04
3.896876723599286356e-04
8.103513043093769669e-05
4.773536648925942377e-04
4.330539143823040611e-04
1.403646114021687713e-05
4.473436291384597020e-04
4.693042167998366329e-04
5.706254861371201214e-05
4.093675668802595840e-04
4.977636062601698040e-04
1.255843749310214059e-04
3.639866287884407567e-04
5.178783549879171447e-04
1.927109923349320706e-04
3.118894788169671766e-04
5.292257336266604269e-04
2.571854980590945077e-04
2.538843795848597573e-04
5.315220773096116045e-04
3.178771852651312451e-04
1.908930453168977801e-04
5.246289890908612625e-04
3.737182285197741642e-04
1.239610345307241878e-04
5.085576213808026911e-04
4.237113224028430931e-04
5.445279077735208081e-05
4.834711105809744104e-04
4.669440837622608606e-04
2.066975066131156448e-05
4.496854685036066391e-04
5.026039966728740186e-04
9.117198822976539262e-05
4.076697251766762389e-04
5.299925851409196219e-04
1.627740497153912788e-04
3.580473716352017342e-04
5.485383626147812995e-04
2.327170070595816940e-04
3.016049227598375290e-04
5.578083670657532503e-04
2.997003933969945256e-04
2.393271629829601976e-04
5.575182502275820469e-04
3.625322612297477310e-04
1.725437842184955801e-04
5.475410840272472044e-04
4.200876572605146547e-04
1.037405811831084947e-04
5.279153796836081247e-04
4.713170761160230039e-04
4.558338269236498732e-05
4.988534775092260103e-04
5.152620960231689634e-04
7.016015397446617187e-05
4.607529314433343910e-04
5.510722474158977723e-04
1.406237530398508657e-04
4.142170964335407674e-04
5.780217847336272148e-04
2.152536237010496494e-04
3.601009163219307928e-04
5.955260849319415559e-04
2.889838646818470463e-04
2.996284379713887820e-04
6.031578808276206929e-04
3.598327205619163203e-04
2.347407328709847838e-04
6.006640437250956952e-04
4.263421040175999449e-04
1.693331259479808313e-04
5.879844527195132991e-04
4.872459013453372088e-04
1.145183699628243769e-04
5.652760497900470582e-04
5.414093383719296168e-04
1.023051097358243131e-04
5.329483789029017780e-04
5.878265045461797443e-04
1.484246984048660583e-04
4.917238745949573369e-04
6.256358157291446419e-04
2.196687578431539385e-04
4.427522359711662508e-04
6.541435986823800801e-04
2.977943043522642995e-04
3.878470970337474940e-04
6.728538598351067098e-04
3.767646386962527597e-04
3.300079803287453190e-04
6.815055054054940413e-04
4.537374663768436209e-04
2.745873842247732732e-04
6.801207137748862966e-04
5.268661337140350363e-04
2.314861244895395393e-04
6.690711241358224216e-04
5.947576240942765947e-04
2.160105926948573455e-04
6.491726600982418525e-04
6.563379524090414991e-04
2.389870767148757924e-04
6.218251053503332784e-04
7.108503057952256883e-04
2.942516083671103629e-04
5.892162284832658812e-04
7.579177949292210687e-04
3.684739098953276155e-04
5.546001915511936716e-04
7.976579245310233632e-04
4.522200791398215173e-04
5.225994579488910498e-04
8.308564870680003409e-04
5.403096745326977030e-04
4.992983385724027688e-04
8.592198784209898518e-04
6.301305812631847331e-04
4.916020762190139023e-04
8.857323249534389091e-04
7.208958964206184416e-04
5.054122391946392527e-04
9.151512890896419889e-04
8.138097195342242768e-04
5.434546351663137147e-04
9.547078189983237550e-04
9.131975558925210660e-04
6.050208475797029875e-04
1.015312112808874640e-03
1.029498640556565257e-03
6.890610233931830425e-04
1.114970739791652484e-03
1.187972050489785776e-03
8.029012516676660525e-04
1.295813746339327405e-03
1.467254567910813079e-03
1.001570185251708092e-03
1.799624461753822780e-03
2.609990613874733998e-03
