6.855485904542893416e-02
5.083171728594457900e-02
2.887627071174522775e-02
2.535091386799876931e-02
2.577428473561172925e-02
1.747961388860959711e-02
1.365516746950288206e-02
1.738789691478223251e-02
1.646551452332727442e-02
1.467762020154395053e-02
1.548510751368769450e-02
1.376526258551814819e-02
9.857738506881005489e-03
8.430616413089810773e-03
7.940496962620023635e-03
7.133658349032035231e-03
7.576625664963970198e-03
7.825170572547418546e-03
8.942243908782249867e-03
1.093661690285870416e-02
1.035417311133498587e-02
6.423069202333995045e-03
2.409632223362553807e-03
4.932315391779545921e-03
8.368499244317938873e-03
1.012451979431088812e-02
8.365615856044559748e-03
3.160064904072602994e-03
3.484330021251770635e-03
6.506627681213589080e-03
4.988304861458443470e-03
1.536101434601930618e-03
4.313219428927481287e-03
5.734220187451485699e-03
5.854535765880198792e-03
6.452366931925287985e-03
5.641699012354432601e-03
2.442803964137095583e-03
3.510221904829182067e-03
7.293429508821626904e-03
8.874095903810694935e-03
7.852766474949018222e-03
4.778401856055904812e-03
1.131061226521272054e-03
1.496670635885854680e-03
1.388006655840991329e-03
3.266567187829702047e-03
6.708059257334322845e-03
8.013023349230916081e-03
6.590010161015025410e-03
4.859573250812497351e-03
4.383174498919160424e-03
3.289152971689958144e-03
4.060700354560414435e-03
5.954555779356158866e-03
4.913706683774240677e-03
1.074407598393026415e-03
3.548118504399955242e-03
4.682679414953348079e-03
1.960365024166059716e-03
3.998120038283148325e-03
7.534917557235744877e-03
7.073644923973560449e-03
3.324692135653300844e-03
4.125123868324853497e-03
7.149909270984942250e-03
7.100024927604939827e-03
4.692905727267843857e-03
1.993676640792200333e-03
1.947272191495810203e-03
3.665331045341327018e-03
4.256989563884341216e-03
2.674846835750444365e-03
7.654151079517394285e-04
4.195782484086852532e-03
5.709429002832691787e-03
4.399251373522066431e-03
1.153222746194975572e-03
2.619024516961295564e-03
4.486990119356103722e-03
4.118706492810451057e-03
2.473755520247770002e-03
2.286518707233185180e-03
3.221254990885731757e-03
3.203197867748551041e-03
2.387597641387244948e-03
1.755375813866621223e-03
1.868967626093289217e-03
1.876739507986511894e-03
1.228621509911274065e-03
1.133311682439148505e-03
2.372586758143441134e-03
2.973602256393809064e-03
2.480701453638981067e-03
1.645507838822217461e-03
1.562363972224147749e-03
1.440415898957887091e-03
1.104977884642501006e-03
1.415067840236857626e-03
1.713747700389664291e-03
2.248958071774507031e-03
3.354391378905532788e-03
4.143873999817062649e-03
4.140820424490758433e-03
3.549513508536489628e-03
3.150945140577695366e-03
4.429345477239120081e-03
6.610681319331862364e-03
7.710856628720324374e-03
6.865176863622116273e-03
5.052328399385136969e-03
4.475462645513772139e-03
4.528594876165265709e-03
3.140259895343366133e-03
2.896369622413355106e-04
3.150575524117100491e-03
5.746979398534001957e-03
6.690931914893203519e-03
5.913118673158452784e-03
5.021736871013293343e-03
6.016283799718096306e-03
7.117684234025105708e-03
6.536207332965502867e-03
4.405239078692166528e-03
1.661413546547859310e-03
2.012496249237572324e-03
4.532656307980034195e-03
5.337174308393590264e-03
3.511754251729899690e-03
2.088493705515505686e-03
5.178508001754394442e-03
6.098010807488240398e-03
3.904348482246321195e-03
2.995299156111890220e-03
5.037434150323802373e-03
4.161728018278582596e-03
1.935855592164757765e-03
6.051929345782716858e-03
8.817551645307302247e-03
8.054805513108824477e-03
4.867463800279216851e-03
1.666724373562305725e-03
1.563066404362219164e-03
3.838654109515211507e-03
5.530477919685584422e-03
5.089043487499608082e-03
3.240069600411024653e-03
4.305209577205177697e-03
5.730433275476596450e-03
4.558829286483121433e-03
2.966879952570139044e-03
4.661929778691028745e-03
5.232772691646755611e-03
3.225585789715897708e-03
4.988629239381826711e-04
1.924449370393169646e-03
2.715187741885988822e-03
4.505340416968988022e-03
6.399416905299592888e-03
6.491770404856257899e-03
4.785340331706216220e-03
2.718272377009525037e-03
1.428669932717293407e-03
2.472334987312882568e-03
4.612517275677649117e-03
5.397589835068159099e-03
3.951110777765554950e-03
2.081639753247926852e-03
3.924579620754522526e-03
5.279845057642775993e-03
4.358576996877755981e-03
1.892950933287245894e-03
3.168357151043000707e-03
5.729651658559529494e-03
5.991073051362510136e-03
4.041008707559304129e-03
3.864052457213969574e-03
5.721960212239951202e-03
5.003018228866333572e-03
1.649549018956408212e-03
3.794507511833265789e-03
5.976641692443505731e-03
4.478602147670075750e-03
8.820678224748018572e-04
3.605927639604333997e-03
4.494105882944793642e-03
2.372278836309194873e-03
2.205290226257296260e-03
4.479867673692359067e-03
4.881128039954795751e-03
4.280539876309298435e-03
3.512877166653969891e-03
2.175100729501977179e-03
2.808032371578272294e-03
4.443340587477513301e-03
3.831347823201572585e-03
1.102010513336865909e-03
2.704872479487912141e-03
4.046732627122047801e-03
2.753654162960634914e-03
1.895986946245467944e-03
3.391327329631501318e-03
2.718192441142902073e-03
8.440989025902901005e-04
3.442173230772149848e-03
4.257522052686444312e-03
2.913587482372124483e-03
3.374341735050345997e-03
4.616094672521957668e-03
3.092135693639761276e-03
1.458234514428840330e-03
5.122643176754245430e-03
6.238713698911820676e-03
3.772717952803410039e-03
1.713215999605060321e-03
5.658455414477158926e-03
7.522102943795253883e-03
6.751423700284475693e-03
4.563594292030082218e-03
3.091814851367959225e-03
3.740524219630401385e-03
4.106086269017011903e-03
2.784320786031917790e-03
1.482621430582964188e-03
2.929189692431187486e-03
2.783034675490293243e-03
6.079634323706501267e-04
3.182080404595628593e-03
5.009006710380140004e-03
4.334185068138699491e-03
2.564378251014518603e-03
2.668298340282319187e-03
2.809818284705859967e-03
3.040329755404123837e-03
4.764687374302106759e-03
5.433655023853943902e-03
3.889179272114609044e-03
2.214003714805335560e-03
4.135026476898773923e-03
5.950443064763236145e-03
6.897756148757155578e-03
7.698993076476336010e-03
8.110471470180291576e-03
7.084266265189961657e-03
4.234777567026785233e-03
5.124005830205145568e-04
2.237143905425840670e-03
2.606848398368151985e-03
1.630915321262422840e-03
3.065776372745169891e-03
3.545512470673599717e-03
1.394646241669022938e-03
2.203081708890283243e-03
4.376740188293079536e-03
4.418721833019627690e-03
5.552498413157927470e-03
7.538481648965481702e-03
6.141053307162726294e-03
1.505292756670151104e-03
7.147132351655341616e-03
1.154828770138731017e-02
1.120684195049007244e-02
8.778148989653624182e-03
9.041732429809845942e-03
8.958901280747043686e-03
5.543823472839885108e-03
4.623398836610641792e-03
8.359970914548682866e-03
9.034501862849139697e-03
6.293911848551778446e-03
3.516349060177530704e-03
4.475103717215361127e-03
5.751668150114844745e-03
5.753169142917354852e-03
4.643767694932540366e-03
3.488301700710712185e-03
3.158879985016080708e-03
2.292205766219807938e-03
1.933635083696246069e-03
3.739235524920701565e-03
4.067397885120986427e-03
2.405443679763925435e-03
2.821512728043934579e-03
4.692761830744920926e-03
4.962367026252721865e-03
4.862694422529299614e-03
5.321754042560885960e-03
4.641173470767443431e-03
2.616791539257256292e-03
2.337076856398300796e-03
2.993142426760725568e-03
1.956235467636401569e-03
1.101186726041851081e-03
2.366115097455269781e-03
3.184738209842833540e-03
4.341106750759890845e-03
5.358262552745000733e-03
4.990757672037032106e-03
3.376690014928813294e-03
1.937437112878941407e-03
1.594255535661320139e-03
1.947498550456007362e-03
2.761941002742800307e-03
2.901224802784098736e-03
1.831859881976126382e-03
1.174977602092417924e-04
1.323638794266652260e-03
1.895319421510493520e-03
1.630337106561752193e-03
1.406389728740976928e-03
2.782199391299498403e-03
4.227159805603417607e-03
4.261850755038074784e-03
2.765375062049770308e-03
2.115609922708330815e-03
2.799913508931161331e-03
1.332992809414945516e-03
2.756071578385302888e-03
7.811595519706326755e-03
1.141300105452846929e-02
1.170909141881317297e-02
8.397452491985042677e-03
2.867687435063125123e-03
2.963388711297058106e-03
6.450312425677675113e-03
7.148459134653885501e-03
5.995535407126547506e-03
4.852455269820156979e-03
4.056985130028995315e-03
3.056877626798414765e-03
3.370211021862630756e-03
4.522940821525297042e-03
4.506989676960491444e-03
3.201839819399538833e-03
1.521651373857312462e-03
1.030072039560070429e-03
1.881428802746619271e-03
2.095453389395156903e-03
3.132360726011675089e-03
6.312020824318192481e-03
9.022368313750337571e-03
9.073362928760313195e-03
6.255265968559080465e-03
3.337077896029785884e-03
4.088193853714678326e-03
4.531642039453423823e-03
4.085671370870129666e-03
4.275548259077788411e-03
3.725244101344868646e-03
2.533755944707248575e-03
3.602181457869179509e-03
4.121006615398074488e-03
3.997937698109925789e-03
7.144200103465992574e-03
1.014240992441454992e-02
9.413786681279229587e-03
4.670723957646135890e-03
3.245144455348702040e-03
8.399289151594739253e-03
1.037513528676326999e-02
9.016064708174729644e-03
6.450295619178253795e-03
4.986031360007771134e-03
4.395589390599270903e-03
3.472973990454153448e-03
2.228750307558360119e-03
1.534686903623279450e-03
3.150923945999120537e-03
5.330006258489635058e-03
6.504586255989279822e-03
5.890151347791154103e-03
3.632512846004650516e-03
1.816787364721969902e-03
4.068501981749308126e-03
6.266475376777420545e-03
7.139581568511623073e-03
6.654968622266464739e-03
5.279863825146573555e-03
3.854501727981209363e-03
3.187745729844382488e-03
3.210392230912676413e-03
3.422442961513136404e-03
3.703064761918244911e-03
3.884618351959063728e-03
3.560043161002478859e-03
2.529367510552007169e-03
1.780894282595561632e-03
2.618685020225141810e-03
2.980320805145165661e-03
1.907224969316912225e-03
2.592260365016978651e-04
1.074671719566186066e-03
3.142264542833535256e-04
2.716467937212980587e-03
5.917957214482894718e-03
7.580564285641760817e-03
6.908426739816444714e-03
5.353748661337425982e-03
5.264114943757656519e-03
5.253431417339385519e-03
3.576944153181765753e-03
2.093838246627574042e-03
4.269425582180958259e-03
6.581951278924275985e-03
7.814682957079903056e-03
7.311874160679487401e-03
5.067090209763190981e-03
4.445532048357037427e-03
7.058328502154046641e-03
7.977232583039534086e-03
5.676469521319140593e-03
1.491586028911899391e-03
2.383824142672830246e-03
3.654252958798003426e-03
2.627095854778886859e-03
1.470342600126340682e-03
1.713245741381283797e-03
1.929337834579863487e-03
2.626427633651610971e-03
2.435001475131268970e-03
5.749834584136243824e-04
3.293817038230397679e-03
5.684751454648064896e-03
5.457366217117356165e-03
2.932238903494870704e-03
2.403360867259871775e-03
4.463056019111831876e-03
5.889490137492842461e-03
7.930087939621405582e-03
9.766418590423315074e-03
9.275063316323300944e-03
6.125174832011070873e-03
3.283051135826620288e-03
4.811726968860191404e-03
5.261135688885774930e-03
2.618000163649290835e-03
2.189264521179530316e-03
6.665157096853935141e-03
8.826123910175910289e-03
7.671512869501686920e-03
4.193163507398853587e-03
3.482556700362391712e-03
6.248851351334190618e-03
7.038179474075830985e-03
5.328325362640456801e-03
2.462548118207264890e-03
2.491050483143482114e-03
4.157088916146568086e-03
4.166404598229507886e-03
2.721842804474283554e-03
2.088143620775471162e-03
3.300748464053667071e-03
4.057080699906915645e-03
4.302690672341599569e-03
4.324726861286708711e-03
3.684075100048222941e-03
2.222229330425538104e-03
6.896478074455721476e-04
7.949298944979911853e-04
1.279990126294810711e-03
2.211947649601397111e-03
3.329352106431197021e-03
3.586413134595175817e-03
2.702480980139501405e-03
3.813129999336652663e-03
7.266450489827136136e-03
9.313438612178846082e-03
8.010925390702644186e-03
3.750310148603755792e-03
2.996074609734961352e-03
6.132147818125146740e-03
6.110372092365205961e-03
3.523403114461942567e-03
9.189777144420801158e-04
3.755456389597219076e-04
1.871355317364942379e-03
3.711116785474368254e-03
3.604805044835701112e-03
1.928745816657029700e-03
4.016348789523260451e-03
5.685537202389844523e-03
4.094237561302530200e-03
4.422864162002553717e-04
3.981465343646753419e-03
5.660754979222424113e-03
4.915723544960790350e-03
3.009068220251968299e-03
1.592385316156806879e-03
4.954839688209713988e-03
8.957537401561018603e-03
1.066003449639322913e-02
9.127825701519503079e-03
5.838099789141327177e-03
3.352390044519379299e-03
3.812328696546532936e-03
7.112405855377622495e-03
9.777510125401615848e-03
8.954398167713956136e-03
4.377242714231739662e-03
2.461310878090994855e-03
6.249098652162304868e-03
6.535724740527734319e-03
4.908375578244503906e-03
5.496335017248760342e-03
6.886060598803513122e-03
7.457894570230857827e-03
7.828191343034175687e-03
7.217806406287781418e-03
5.239380221830510637e-03
4.613286094339678726e-03
5.593218902887839641e-03
4.697718800896572185e-03
1.696813202740160087e-03
1.565516499469398219e-03
3.490210450996616021e-03
4.283944152435919389e-03
4.455985979563563057e-03
3.137394886325422291e-03
2.742481947450004041e-03
6.907739669226549591e-03
9.848061764848351288e-03
9.428833798771513522e-03
6.694499976191703450e-03
5.563539466267808375e-03
6.174441820419806007e-03
5.127173412692572450e-03
3.541081453815555190e-03
4.468289620458787935e-03
5.157619730357863169e-03
4.177624660371074237e-03
2.804796514801913797e-03
2.251067910161134219e-03
1.902039941011995005e-03
1.725764743315278977e-03
1.746036801994449873e-03
1.926661742506602945e-03
2.542847148440044534e-03
2.672833254071783470e-03
2.294493953157913154e-03
2.981516726563141709e-03
3.777029974453696877e-03
3.376689906186977445e-03
2.879832089363574404e-03
3.440936888870413813e-03
3.159371824603443915e-03
1.578786295411270524e-03
2.478134281361928874e-03
4.247922294574107624e-03
4.516166806663234751e-03
3.614786457801689827e-03
2.796868011132146083e-03
3.079653302578285248e-03
3.918825643718689376e-03
4.295424679537643113e-03
4.170290559046663237e-03
4.516932412771844894e-03
5.108060951982444468e-03
4.853665317307873615e-03
4.138066794996958161e-03
4.022653635644847687e-03
3.693009018752438540e-03
2.339982182894938777e-03
8.887480414609014124e-04
4.261787586962152664e-04
8.131406584392084948e-04
2.757106315534520874e-03
3.927745313080787705e-03
3.504407833819581704e-03
2.824360189932351682e-03
3.841195521179997102e-03
4.531011660910738183e-03
3.825478457773721919e-03
2.466798306891072098e-03
1.549939394185873790e-03
1.300540276134409812e-03
1.579663511200350527e-03
2.713100522977160683e-03
4.682084645333315850e-03
6.253289561614840120e-03
5.902430872758400449e-03
3.489011620616201421e-03
3.231493271883214505e-03
5.681087559979518947e-03
5.746184727339545897e-03
2.982887582857754287e-03
9.050226505200901703e-04
3.261014679870333222e-03
3.763559233023940076e-03
4.973640040496716749e-03
7.337998126358894792e-03
8.183901005030020173e-03
6.637701656162202889e-03
3.870664057120851240e-03
1.899391332783543183e-03
1.974728488763712909e-03
3.360517154433231325e-03
4.794266506352286641e-03
5.397255174014148685e-03
5.815135363304538285e-03
6.838327927042069793e-03
7.222853549081652974e-03
5.934917294709201978e-03
4.427882032692438338e-03
5.213965055254876288e-03
6.058541677353038862e-03
5.262618829045222386e-03
4.234213362871989961e-03
4.774789807327759102e-03
5.318599623664565547e-03
4.957340669242198301e-03
4.516350341566737273e-03
4.596136804020533977e-03
5.426069860721246391e-03
7.264683990908750964e-03
9.054207262308187204e-03
9.476258288912201011e-03
8.308947919527021053e-03
6.356919123600881204e-03
4.255885237723947348e-03
1.802064864919376928e-03
1.437313682524005371e-03
3.638128098355705546e-03
4.151497452081399746e-03
3.092241244042024349e-03
3.288674985478638908e-03
4.907785800831709552e-03
5.369613882211765957e-03
4.709833446911733390e-03
4.004183365241427081e-03
2.908709102877644111e-03
1.238297984352975181e-03
3.103544714196868060e-03
4.774328262512904202e-03
4.057400138583064364e-03
1.423149567151377366e-03
2.758815984681528988e-03
5.042587655404409848e-03
5.398444714432015790e-03
4.048053541528280792e-03
2.005462429827158631e-03
1.799429193838848143e-03
2.711463577812144379e-03
2.092227125664934510e-03
2.007255731987981837e-03
4.302544455037997026e-03
4.888858024706320589e-03
2.674808554917740104e-03
3.396179313086716747e-03
7.018158203336039881e-03
7.504047057857212745e-03
4.179969847303386700e-03
1.938219678482295443e-03
5.544336642836551754e-03
6.170812590261661942e-03
4.222048847104662404e-03
3.161659467090116409e-03
3.548828337714928036e-03
2.979722647103906670e-03
2.637744149850297995e-03
2.558667666881311170e-03
3.156385571553505312e-03
5.899061135157580155e-03
7.551866742952752232e-03
6.005906468105537063e-03
2.027664822750111298e-03
2.682022219079998986e-03
4.010117373793107252e-03
3.037056193905965287e-03
4.828974449171038671e-03
6.978874224179349058e-03
5.827858878703330581e-03
3.117914082493187470e-03
6.439591719736988476e-03
9.786350164511840866e-03
9.785415914138430316e-03
6.774982264053487115e-03
2.433280235396944897e-03
1.837858675078187518e-03
4.408104089779776857e-03
4.942288450384447161e-03
3.812355379455537648e-03
3.111879076510909274e-03
3.564733142562258490e-03
2.974103069368572595e-03
2.627912809209963837e-03
5.173664320966166533e-03
7.305999531897023475e-03
7.209638236624636536e-03
4.585254174925240504e-03
1.396803674175573504e-03
5.310568577182019946e-03
8.317456363505164318e-03
8.044089889025819035e-03
4.771451541074334113e-03
2.517453378330671270e-03
4.695223905067291183e-03
5.038249579090913095e-03
3.925681187723797753e-03
4.219186394159572806e-03
4.699535318532109020e-03
3.943077193465947816e-03
3.358851408415520091e-03
3.147742971437714806e-03
1.825341797832104058e-03
4.644377244824937439e-04
1.214802664312452339e-03
1.389033913572697114e-03
4.291314366962058896e-03
7.130369663805652923e-03
7.683437186522636304e-03
5.735915512051400697e-03
3.459077580946576941e-03
3.479667258625868207e-03
3.684647435127272851e-03
3.166718484086090014e-03
2.918910636356880639e-03
4.007298247587958231e-03
6.578749240901687542e-03
8.687344852597804479e-03
8.441491955543174719e-03
5.633010622182237949e-03
2.302535046965178793e-03
2.253999454638735099e-03
2.035247799799994040e-03
9.220018336158193693e-04
2.468359820858240586e-03
2.350556408667399139e-03
1.018425419526976195e-03
5.116699865984297019e-03
8.597081860306990050e-03
9.320144915274051686e-03
7.050293730873056532e-03
3.442859045983841237e-03
1.775695291370307316e-03
1.785193217500526293e-03
5.261049263780802874e-05
2.780986469877385747e-03
4.765062153052764503e-03
4.824450363104254222e-03
3.559717824609537774e-03
3.500335756360386467e-03
4.463563895558538171e-03
4.179385045615937114e-03
2.597783966232362993e-03
1.899218031308361762e-03
3.116833476743379426e-03
3.944776024790611936e-03
4.031025654665351156e-03
3.274788494931775082e-03
1.530669576342839682e-03
1.544786163043706606e-03
3.774248901821647753e-03
4.819640101320364460e-03
4.601126359717390077e-03
4.464898249733783263e-03
4.808943773720989606e-03
4.199099091535088944e-03
2.387478180155235084e-03
1.756994157694387717e-03
2.178636940108598895e-03
8.559437275262950272e-04
3.016469214242911961e-03
6.370121225559022271e-03
7.940358958958249405e-03
7.046041260749390245e-03
4.531130732957890095e-03
1.888782077889871944e-03
5.502111194158476474e-04
2.297861379131838338e-03
3.819390597258942154e-03
4.177298690973382973e-03
3.348016841776715706e-03
2.822776095906412951e-03
3.259569523816565131e-03
2.963826060465688146e-03
1.458270433031275343e-03
4.986327541926956469e-04
1.801922374999738582e-03
2.376678161416092856e-03
3.373752466683875833e-03
4.985765030889716641e-03
5.950731956923788375e-03
5.466632376624603815e-03
3.795677192113635235e-03
2.160567656403434601e-03
1.515249307335725208e-03
8.053870332880860112e-04
1.190207680524551191e-03
2.340302778393563848e-03
2.214596394135862935e-03
1.017240800523113494e-03
2.964773471631673794e-03
5.485225031615884213e-03
6.677627034100566336e-03
6.089832722713588511e-03
4.203775449212915002e-03
2.534132311775193474e-03
3.077524218084377264e-03
4.453602876950667547e-03
5.520717587192652646e-03
5.677976503629987917e-03
4.110000756518850107e-03
1.347660264978960088e-03
4.364401384231452602e-03
7.503384916241629538e-03
7.798390200874044491e-03
5.263893636633461617e-03
3.761292653771527213e-03
6.307255209005577061e-03
7.500715473102785059e-03
6.244005364645303056e-03
4.546984627369288906e-03
4.178740359083769028e-03
3.509112736487900175e-03
4.215806818229362631e-03
7.734074070948854934e-03
1.007107065263856092e-02
9.082224541820399163e-03
5.239100047653371707e-03
3.361164904643200880e-03
5.940714631881230216e-03
6.322069165936903580e-03
4.202901083853014148e-03
3.211504886083032910e-03
4.610917178830934403e-03
4.444596395095133136e-03
2.541202832115750654e-03
1.799933605890839759e-03
2.696567650280682141e-03
2.399832562729559745e-03
2.089526297298535153e-03
3.072519739720727065e-03
3.614471623903154577e-03
3.178350052077651144e-03
2.240423929320124394e-03
1.895789094402224690e-03
3.427909614728385200e-03
5.175847933519829927e-03
5.545588250073327230e-03
4.043274803673320948e-03
1.474370820905496812e-03
1.236901106986422862e-03
3.077567091245946365e-03
5.209968430386563779e-03
7.292256624777767281e-03
7.974977164884287928e-03
6.829396282750629064e-03
5.146671913312742506e-03
4.520737730364409943e-03
4.215045460345221741e-03
3.767322241104016558e-03
4.572992754181562369e-03
6.305929445062904114e-03
7.476836504011404386e-03
7.030582100148090839e-03
4.585905702456827444e-03
2.680196787771488807e-03
5.621760695278804100e-03
7.524539414020376370e-03
6.413842627602985534e-03
3.322983589828265062e-03
3.147828555860559922e-03
5.479459405669065072e-03
6.401428903297880744e-03
5.912152184362551646e-03
4.382283224263915436e-03
2.303387213222163072e-03
2.506624586532146468e-03
4.327499315212811858e-03
4.773203402145607781e-03
3.420523498713947709e-03
1.544222400877892989e-03
3.218531716417961149e-03
5.253006918974185112e-03
5.782556520188978158e-03
4.743683527200381715e-03
2.997581496505686421e-03
2.102369030976650698e-03
2.599922641631233992e-03
3.071673432503030810e-03
2.831607023423386802e-03
1.709425557790921401e-03
7.748850413086877040e-04
2.208779209117735405e-03
3.284589214359466894e-03
3.633154802989751932e-03
3.669611228011995276e-03
3.815913159998446120e-03
3.967610709672071863e-03
3.635411116713161122e-03
2.694937143961760595e-03
2.349238661502399319e-03
3.247500335458298245e-03
3.626655988761207355e-03
3.095901483422636418e-03
3.000689303212130277e-03
3.838198554920715846e-03
4.243457623342940591e-03
3.724243928743904176e-03
2.565727076428115858e-03
1.370644089927274250e-03
1.719769804669562651e-03
2.998667057001211042e-03
3.909877474542255288e-03
4.176340734875945426e-03
3.781499637888934180e-03
2.885888482397201259e-03
1.855082159834120200e-03
1.061832387826898167e-03
1.231282072153259055e-03
2.094361412362736718e-03
2.691323634717959854e-03
3.635867682450366276e-03
5.488211231816620371e-03
6.698841977081215066e-03
5.753389239155954835e-03
3.283097271412451987e-03
4.059098121385183722e-03
6.099377924122221031e-03
5.674002545302720552e-03
3.761529059734789598e-03
4.292783070226945455e-03
5.549620993306940940e-03
5.089441013680658273e-03
4.517547844643202831e-03
5.350430434519669147e-03
5.497661046652459714e-03
3.988290433228549627e-03
1.947610351055689085e-03
1.008915034446215180e-03
1.242079972659920371e-03
3.510630463269100859e-03
6.062159639763850527e-03
7.232746823618965530e-03
6.467534134536092813e-03
4.537818999144975843e-03
2.691777837203329464e-03
1.486401085754569936e-03
2.395161346812676485e-03
4.026634541894929392e-03
4.316557944791813740e-03
3.665443549488243535e-03
4.818133194950337608e-03
6.622444891891502393e-03
6.807557009715426051e-03
5.855802652871719589e-03
5.668413724206382114e-03
5.816695266872835661e-03
4.889430818690861796e-03
3.370506369456299865e-03
2.305645664982816038e-03
1.471797461845289609e-03
2.261362151131784438e-03
4.386470227211259308e-03
6.210040195806369387e-03
7.195913297133237248e-03
6.876971998774787653e-03
5.180583909073568916e-03
3.641236348979642445e-03
3.877064097998640831e-03
3.534857800492263811e-03
2.279235998797852266e-03
3.608947356349117251e-03
4.873227212302913905e-03
3.773160123483472808e-03
1.320540402656530986e-03
2.718962284903662409e-03
4.142007900091610254e-03
4.241536691781804327e-03
3.710149763363574868e-03
2.352148734955383097e-03
2.122127927116103201e-03
5.058971197149668766e-03
6.748696692914885401e-03
5.689768232526654611e-03
2.612125027861801705e-03
1.763456842835126612e-03
2.850329207131497688e-03
1.767469250605211307e-03
2.686938412473875194e-03
5.457644918652020984e-03
6.407940708438948987e-03
4.929573358283686167e-03
2.003249054894234472e-03
1.157872601117050778e-03
2.295729616382048525e-03
1.822158352680306988e-03
1.918528074928717167e-03
3.416066022519605692e-03
3.969377101757348703e-03
3.288498034928383478e-03
2.747559790762645147e-03
3.328381509721652521e-03
3.888487115842312672e-03
4.081493896854984649e-03
4.019539286306150587e-03
3.417776783571333660e-03
2.197997221008277362e-03
7.908352737776541252e-04
8.100733115013514273e-04
2.569839228929979551e-03
4.406876547867161903e-03
5.318716429067266334e-03
4.459168537838243893e-03
1.794773393904669457e-03
1.839806014872754540e-03
4.930306700249207329e-03
6.178204598577806753e-03
5.042282550029326266e-03
2.607912331086815073e-03
3.039532696349442255e-03
4.416869465725228698e-03
3.541400348520626958e-03
1.500737143863975671e-03
3.668813197016515017e-03
5.711242937370020201e-03
5.984530516045005397e-03
5.522859427985761169e-03
5.798959050996931736e-03
6.753703510553264386e-03
7.678634335801465781e-03
7.777142922565842206e-03
6.219127875524300270e-03
3.213086728136676368e-03
2.331210464103156740e-03
4.434919962385044760e-03
4.965856877811625734e-03
3.907181327476772284e-03
2.463083224090188272e-03
1.298936567455905499e-03
2.492425857089493281e-04
1.838642523380399707e-03
3.203603146556213525e-03
3.558437814337158701e-03
2.706733697134033455e-03
1.837651975339457460e-03
3.127462848336669699e-03
4.087692605153450329e-03
3.177570552952125281e-03
1.192179735193457137e-03
2.708317733299592939e-03
3.848215101767941178e-03
3.241324987047537742e-03
3.007954550655668816e-03
3.654894386885831643e-03
2.757864256556807545e-03
2.993090917800410658e-03
6.571113408088287075e-03
8.650132301583709007e-03
7.457129880089286011e-03
3.591559493083100203e-03
1.252850674805126288e-03
3.694408552529972883e-03
3.368771370766326934e-03
9.688044190233283809e-04
3.036315636225050442e-03
4.832578626365619662e-03
3.770416350933204330e-03
1.385404810314666785e-04
4.455328651905653310e-03
7.226817663428353883e-03
6.592514486103939059e-03
2.870488934096917903e-03
1.817771641720344108e-03
4.893312657284483273e-03
5.194021342500511514e-03
3.513589363844674997e-03
1.624177470480645631e-03
2.046766221573549649e-03
4.816249321858428675e-03
7.099112316085476673e-03
7.008221665126169661e-03
4.250382922441350332e-03
1.486540807260491263e-03
3.500672619895068682e-03
4.403811063716748554e-03
4.349672344547274132e-03
4.401287533662839868e-03
3.591905714985497728e-03
1.896129037531822355e-03
2.312730552625113459e-03
2.978735130314932172e-03
2.026220108664565644e-03
1.340215111898008073e-03
2.183482429648151302e-03
2.136246489006720598e-03
1.579899526073903901e-03
1.919908421796087759e-03
4.411262804377392814e-03
7.920136457917630393e-03
1.002294901103262942e-02
8.773490860968919530e-03
4.392004173109984380e-03
3.272317094488874038e-03
7.012378291463986293e-03
7.827709623156894544e-03
5.834562823900725156e-03
3.110163734920330311e-03
1.705737360709568256e-03
3.577327650074872342e-03
6.344644592249721465e-03
7.464996750664098374e-03
5.898197109874121942e-03
3.283045743469741994e-03
3.801863264791672473e-03
4.542961924570757502e-03
3.211132633197371494e-03
1.754970959417221895e-03
2.476618484839108840e-03
3.540286994613664126e-03
5.647848287067568952e-03
7.674272962195665369e-03
7.823211205422562695e-03
5.903408678478638469e-03
3.282313908568485015e-03
1.907327233059775799e-03
2.544821922937318646e-03
3.625530757921444427e-03
3.976013305727971181e-03
3.175502159781699776e-03
1.950646152924205090e-03
1.164841282924153516e-03
1.133045917548214767e-03
2.851840031088773934e-03
4.379179771695480491e-03
4.677433929046568781e-03
4.235568009314966652e-03
3.889495130252908477e-03
2.814107914623993449e-03
4.006303563304737178e-04
3.211189688242860850e-03
5.720566563541849316e-03
6.320532024968491917e-03
5.203974686616612624e-03
3.701349443695489249e-03
3.275494858960183251e-03
3.333051358437538400e-03
2.531746690418943454e-03
9.608687890458677367e-04
1.399526243038741588e-03
1.791450202683086447e-03
3.538198395223243883e-04
2.301601824183908528e-03
4.646720486046307386e-03
5.803786866151810879e-03
6.219037641141951338e-03
6.157367088314776027e-03
4.491591405534638495e-03
1.497513870093366293e-03
4.868289584274267459e-03
8.120451839210472700e-03
8.241312950078263228e-03
5.458952790974237052e-03
1.741416774732183325e-03
1.559610055261610295e-03
3.085268968647044471e-03
4.085884951354402939e-03
4.504953193292177312e-03
4.198490402938032801e-03
4.242656642573429393e-03
4.757426332997415595e-03
4.319327188800258822e-03
2.708707788038030098e-03
1.297814910582334577e-03
1.223750399833738395e-03
9.627059364046069642e-04
1.391092314083735605e-03
2.061443343227168518e-03
1.993202662337185006e-03
2.319568302127502854e-03
3.997731244385744308e-03
5.609400314702910062e-03
6.125053436932483344e-03
5.301653770732473424e-03
3.760821164867762367e-03
2.694110759300096317e-03
2.159474007363933450e-03
1.035103755831390639e-03
1.162217087418444773e-03
2.930408888503067358e-03
3.843718485422721425e-03
3.619661069205425824e-03
2.755177455413025580e-03
2.230151636199821652e-03
2.257355192837444749e-03
2.692577441450333571e-03
4.453370322664042952e-03
6.616231467428807661e-03
7.342325642034371221e-03
5.697633728612808666e-03
2.390034531025621561e-03
1.454741441180003401e-03
2.684913724106669300e-03
2.264599399482850398e-03
3.232539573200165703e-03
5.006323222900914763e-03
5.384117276877898109e-03
4.769487945771448342e-03
4.295628297614982258e-03
3.402659170054203944e-03
1.576637101886630516e-03
1.438364152866476991e-03
2.490212456934058627e-03
2.766776071025133562e-03
3.142913047383043019e-03
2.990444202059573588e-03
2.124007390152946647e-03
3.206500443475672132e-03
4.221363372910295203e-03
2.861168114523605314e-03
1.436126677084140517e-03
4.145223579652944530e-03
4.657900896100579564e-03
2.183062986801342399e-03
1.640822676610406488e-03
3.889560969548978668e-03
3.140922250655026667e-03
4.291177935527412234e-04
3.222485195048967622e-03
4.452174551739341429e-03
3.644415396896558395e-03
3.166523999821269694e-03
4.035820446890605977e-03
4.292107731762399674e-03
4.085174100558673811e-03
5.071069823364604025e-03
7.184982546396639219e-03
8.478337370589719355e-03
7.275294392474146790e-03
3.404746899162143341e-03
2.577187621434507900e-03
6.482964518429257771e-03
7.776928511549033828e-03
6.438835344305418769e-03
3.972780670942356769e-03
1.503598785624814856e-03
1.027336355290617894e-03
3.337701028050101947e-03
4.443648334426474923e-03
4.078757619256298712e-03
3.792891436094205076e-03
4.610806192443886627e-03
4.779679741240772974e-03
3.401561954542031349e-03
1.477250531638668249e-03
2.351598532590221374e-03
3.417260936687936072e-03
3.537840816544551154e-03
4.537828072018443119e-03
6.378043814222922499e-03
6.902102252901163790e-03
5.309936859848336105e-03
2.913401270964347239e-03
2.568987938089507123e-03
2.770384921849407007e-03
2.051773999663487631e-03
2.352633087529164280e-03
3.413548220839431567e-03
4.749494739906087726e-03
6.700661331244381867e-03
7.964847969231855090e-03
7.146243868604982251e-03
4.208925286549603136e-03
1.840814584633475174e-03
4.579749251112518946e-03
6.546874188861917694e-03
6.632129214307023145e-03
5.435482156186857879e-03
4.098412048581682142e-03
3.485466285234535208e-03
3.490492172307067473e-03
3.376866093868238772e-03
2.828074914453667602e-03
2.886169692294486989e-03
4.083319023286292350e-03
4.977774831907824660e-03
4.940794750597955406e-03
4.318388732469393559e-03
4.324850942067211441e-03
6.067204887053733071e-03
7.746490060995886266e-03
6.963960122713359381e-03
3.193660420902084962e-03
3.836157636144275473e-03
8.157685603549572756e-03
8.897604281937273804e-03
5.857747730006599395e-03
3.393073317878959189e-03
5.698248276666240640e-03
6.586049011542936815e-03
5.823022302986625119e-03
5.617566137020199926e-03
5.802741523319653386e-03
5.636576625095544683e-03
5.455090165184391451e-03
4.281661731362722961e-03
1.210246175704498802e-03
3.767764043548927754e-03
7.699175215021973259e-03
9.109561625660188983e-03
7.282113394887798456e-03
3.355422275553357307e-03
3.987211791973834657e-03
7.594847353857476363e-03
8.686266285586670410e-03
7.215414432605324682e-03
5.814526793134210635e-03
6.526417070585161483e-03
6.695807505024719761e-03
4.833297748530561606e-03
2.045237922096606632e-03
1.681614042198835250e-03
2.491452657857027870e-03
2.384547914879689250e-03
2.461446467930193671e-03
3.403792664861504062e-03
4.943166548214832610e-03
6.571767338094821297e-03
7.619126588468350808e-03
7.756094351342526956e-03
6.977686371592860953e-03
5.145615704906610598e-03
2.847043107998954454e-03
3.990658346814503557e-03
6.119573858870654831e-03
5.541122005697935067e-03
2.105646043689530372e-03
3.558578508256588467e-03
6.820447254907563255e-03
6.677724036170474067e-03
3.446979973743022167e-03
1.437896726172417476e-03
3.563696285837995078e-03
3.314657042428391463e-03
1.710723888897226590e-03
1.245526366711274249e-03
5.238241911300294375e-04
1.640636031358515615e-03
3.743530636581145123e-03
4.574148828527056961e-03
4.187682983690271463e-03
3.644429829594754248e-03
3.286357700096276691e-03
2.995022248840024069e-03
2.952793094809209526e-03
2.354197402392627179e-03
7.194578604963733272e-04
1.990037019000631419e-03
3.721789838622777645e-03
4.323001980158908825e-03
4.429283551240634741e-03
4.759434847935377182e-03
4.761790566310963521e-03
3.751556563162940835e-03
1.829849331974616128e-03
6.300868434076974936e-04
2.139916937830035372e-03
2.758662575037763333e-03
2.637359340273116685e-03
2.290139007773049195e-03
1.544942435764776363e-03
3.728981545441354436e-04
1.371329539543526517e-03
2.194482750601233715e-03
3.030252542104729368e-03
4.580603620942992268e-03
5.704342069834575021e-03
5.402495803825857652e-03
3.942444776677147752e-03
2.383999794297464534e-03
1.499480833029092405e-03
1.342694053118433225e-03
2.140989269394514335e-03
4.520189080138377682e-03
7.395947044689797807e-03
8.570934118081690797e-03
6.409721250324415878e-03
1.583326310433301378e-03
4.671312871483778752e-03
7.743690003393321336e-03
6.885729884811308578e-03
3.289446676933019745e-03
9.058016028315624699e-04
1.657059420310943174e-03
1.552449527240789672e-03
3.785158757021312229e-03
4.818571394876284240e-03
3.176078810555407229e-03
1.095706083331056142e-03
3.873487981087020762e-03
5.186516105957834910e-03
4.641296085656880510e-03
3.668006322347802661e-03
3.379894873796365166e-03
3.014879773022469209e-03
1.922885672469771320e-03
9.986568840747746516e-04
2.325171770202422682e-03
3.632757919742797461e-03
4.156394047333496385e-03
3.940980897398737963e-03
3.659909599145769275e-03
4.351063963938949994e-03
5.308164054620151916e-03
4.994697134664352785e-03
3.426344362543336936e-03
3.302742621228373435e-03
4.388414896110527999e-03
3.805722338933293421e-03
2.379384195494329939e-03
3.222590259585850214e-03
3.588531579591206465e-03
2.788780449389016269e-03
4.685284823444667984e-03
7.094918623927891528e-03
7.316058547839637653e-03
5.682954342299114878e-03
4.612818253197792026e-03
4.792023861423065113e-03
4.093525725255208088e-03
2.265169051441398053e-03
1.839033915651239193e-03
3.156005210564019267e-03
3.635510798996105606e-03
3.212004828683698559e-03
2.555923535488904396e-03
2.063801781067559678e-03
1.436009260584703798e-03
1.577092953156210417e-03
3.126752699381494128e-03
4.254689302235245378e-03
4.041082089831352954e-03
2.788900651474125920e-03
2.548134034894944215e-03
3.549821483348941480e-03
4.082393397572184508e-03
4.577199734985509631e-03
4.989926602644752240e-03
4.040366309352154232e-03
2.698094916229166161e-03
4.751618081302901031e-03
6.189359812613246838e-03
4.416714538001687007e-03
9.272967288293596910e-04
4.753869258920385976e-03
6.840405629352126760e-03
6.176531516961674718e-03
5.195833621533109230e-03
5.154544151522184176e-03
3.648255566955387573e-03
1.731899900567090370e-03
4.882233347249400821e-03
6.950673518947675725e-03
6.569967698585288049e-03
4.814676161051427775e-03
3.083259010933890164e-03
1.439914196311636255e-03
5.470217568808497357e-04
1.899181830126264172e-03
2.462126406244300163e-03
2.787194955870474569e-03
3.464948767682487270e-03
3.992459130827608581e-03
4.117254803642111070e-03
4.066394908934565719e-03
3.963760834575449747e-03
3.897688696552115747e-03
4.011706506883330747e-03
4.145464529888996143e-03
4.090170958487540816e-03
4.093313350202520094e-03
4.284246599320625480e-03
4.001906668739866821e-03
2.971243031276988526e-03
2.597632979593078421e-03
3.210466343282124008e-03
3.249359103094285120e-03
4.000039239718077358e-03
5.620955671254044064e-03
5.495867898010616155e-03
2.657789290989519184e-03
1.949217682226921057e-03
4.969054495550746797e-03
5.152642857274723244e-03
2.966906167941330170e-03
1.092995295328844096e-03
1.035162727538461395e-03
3.132709231478197735e-03
6.093670553603850945e-03
6.758957763399074323e-03
3.843941478696813983e-03
1.407846504180294009e-03
5.582539686219455469e-03
6.605657606056593821e-03
4.565247407857201713e-03
2.335624109561691437e-03
2.336717046635730741e-03
1.585057736435285542e-03
3.466572349146515315e-04
1.670373148643705371e-03
4.143338633773662773e-03
7.398032113261799811e-03
9.122210482761450995e-03
7.571697585305366303e-03
3.088918155258691713e-03
2.217484601867159445e-03
5.866078172994239857e-03
6.827411713724394933e-03
5.736527394767998618e-03
4.097214150319625735e-03
2.982776655614553449e-03
2.335532338417601640e-03
1.461155609180827533e-03
1.698096146243150252e-04
1.949363222038958147e-03
3.529128399683409498e-03
4.269012002716133722e-03
4.030494076116932119e-03
3.006288948664057655e-03
1.935795790772349648e-03
2.247695437082182154e-03
2.757077632485366737e-03
1.971171923239236658e-03
7.809467144432598968e-04
3.106792612131751685e-03
4.682803513910630336e-03
4.068286889881101917e-03
1.457821475516901666e-03
3.901959567499013910e-03
7.799968995176262583e-03
9.537018097642107478e-03
8.333932269746715041e-03
4.895863267373877677e-03
1.516336783847220928e-03
2.953414063820178001e-03
3.979024299421454053e-03
3.496581773185131713e-03
2.525056085079579148e-03
2.392727903320463877e-03
3.989077738146364939e-03
5.909600831026723226e-03
6.343822421642412654e-03
4.494758107204499357e-03
1.947912617526635940e-03
3.284385096192830086e-03
3.980954190949544461e-03
2.843581704061604997e-03
3.281938911102501473e-03
4.219299799884335123e-03
2.941975022929765177e-03
3.312249073034407264e-03
6.811667867907597769e-03
8.527521892497507902e-03
7.772597263523429653e-03
6.227992662035034335e-03
5.207274961590156910e-03
3.747748830693959764e-03
1.414545464796299881e-03
8.976288864020381736e-04
2.658059456710737747e-03
4.157401354770540007e-03
5.027112303410618058e-03
4.438081794443467579e-03
2.512041774322685845e-03
4.860497875813459055e-04
9.922748276429155939e-04
2.139238621946747045e-03
3.651520933806177028e-03
4.547418437453406084e-03
4.230787207566577383e-03
3.162410431574198735e-03
2.257651147815828863e-03
2.189032320154624643e-03
2.798331060297646038e-03
3.082728377243567405e-03
2.540540803655681485e-03
1.928259609863740764e-03
2.277318344357429254e-03
2.503146840095313557e-03
1.925943771833206995e-03
1.044259895076926278e-03
1.330900558848376308e-03
1.905902091026493751e-03
1.777273299558728304e-03
1.441784583781339883e-03
1.779606847702744138e-03
1.825256468339517268e-03
1.128493672759664545e-03
1.220497757096445724e-03
2.203269096509162528e-03
3.487733278326419877e-03
5.283397859474379260e-03
6.610601537152910497e-03
6.589979735142497373e-03
5.462337465437730293e-03
3.927435896071620504e-03
2.633881413981625265e-03
4.120951929714859220e-03
6.635819620131181047e-03
7.096771515151311348e-03
4.619272458939551948e-03
9.797091789856893825e-04
3.434368839756347935e-03
4.291354527683698648e-03
2.654610840265962234e-03
2.390895523494725085e-03
4.087670384660384987e-03
4.533217406519875030e-03
5.034391061134518494e-03
6.185380627509012505e-03
5.973532197425556085e-03
3.772963006108117322e-03
2.460096113567932560e-03
3.721124937837314885e-03
3.039078468907569636e-03
1.091951161583100058e-03
4.106575069630946304e-03
5.762990702937076555e-03
4.403786811883102226e-03
1.229954351600793735e-03
2.440803205313421716e-03
3.284743808280459181e-03
2.292199738921766629e-03
2.849844589427677488e-03
3.637033657765878676e-03
2.155816449818677167e-03
1.113551377851115581e-03
4.368334790250366639e-03
6.215072926665159841e-03
6.555357389981531814e-03
6.123974982816051543e-03
5.464061423554880496e-03
4.988699108798250875e-03
4.980204234583412819e-03
5.102269385436955344e-03
5.248339137291869148e-03
5.376296446039011308e-03
4.825246886451955292e-03
3.272460342469981232e-03
1.263213686386555025e-03
1.389923865835348670e-03
3.570161191073828715e-03
5.258819957213256222e-03
5.271236328422169992e-03
3.289479171174434970e-03
1.461039354148238427e-03
2.810531399907441590e-03
2.882389542393333764e-03
2.713145991168024532e-03
4.481306644996158918e-03
5.257706551191553349e-03
3.759524500844971598e-03
2.074061691470654913e-03
3.550783107766563532e-03
4.041708841447781871e-03
2.921662251595574453e-03
3.408069604943683804e-03
5.320590949190872644e-03
5.959988341316291467e-03
5.039322789014311944e-03
3.922249306764494063e-03
4.717795182292797498e-03
6.382477200273009230e-03
6.826869165695404612e-03
5.220589328189861010e-03
1.988695596147447772e-03
1.898495586507810678e-03
4.582853897758170335e-03
5.749075137943050404e-03
5.522667336021087024e-03
4.226345831004460832e-03
2.144612763450083701e-03
8.917760920357575361e-04
2.088247707624811718e-03
2.069130850688042766e-03
9.514588017324970923e-04
8.632986214966559789e-04
1.673073572170860569e-03
2.988782011631226955e-03
4.612638219314426496e-03
5.145801668440739586e-03
4.029631073578283755e-03
2.469791960348020551e-03
2.530122978950442511e-03
2.640716758093665083e-03
1.593711990473520518e-03
6.192489910398342673e-04
2.644161175965326852e-03
4.687249295632282646e-03
5.624643763659011378e-03
4.676324622829211748e-03
2.770852425738431785e-03
3.386364742356223582e-03
4.285907528578752207e-03
2.798189659646886998e-03
1.528471364376870253e-03
4.962844616825333108e-03
6.754417811935279833e-03
5.618399801233084703e-03
2.123742908295013065e-03
2.033158394583053918e-03
4.514532422890885424e-03
4.242924309665636363e-03
2.360126334024353033e-03
4.114324883253231771e-03
6.470857329068859833e-03
6.619733589415140868e-03
5.036420420342730027e-03
3.787566922139062181e-03
3.736197821579625208e-03
3.311264775447150897e-03
1.827744513391954670e-03
5.954630838026876228e-04
3.370157016773231602e-03
5.402032592005576693e-03
5.641672630362703361e-03
4.253034177029825849e-03
3.230545825539922044e-03
3.469311719835701125e-03
3.011024249182863745e-03
2.900994872828337873e-03
4.660622104360975272e-03
5.935101323854732012e-03
5.798093860028735551e-03
4.823612809387934838e-03
3.802255594932962748e-03
2.933713116266863444e-03
2.258927309081928871e-03
1.879664290075279626e-03
1.602356600951373609e-03
1.281506573559916757e-03
9.375820466273317253e-04
6.944413546110159673e-04
1.603438972553181867e-03
3.473805583431049948e-03
5.225492838961415948e-03
5.591445758111063084e-03
3.834069077857658100e-03
1.076696394928564711e-03
3.297915717691517982e-03
4.661738688091051491e-03
3.674783718578373930e-03
2.623843191906791075e-03
3.662093681038694568e-03
3.366360560527235837e-03
8.399617099733336671e-04
2.426171057789563903e-03
4.340201393925000387e-03
4.042010280142085271e-03
3.190739026723387987e-03
3.915494354117769228e-03
4.076474088803452508e-03
3.458349788825896415e-03
4.504609725297982828e-03
5.340391960602390055e-03
3.665205335891036278e-03
1.228888357078933942e-03
4.297351103100296998e-03
5.776894605591143504e-03
5.770139777945175810e-03
7.411481257133077996e-03
9.175566561765493082e-03
7.877808533856141618e-03
3.484975770877010628e-03
2.590916653190558899e-03
5.543001020963715664e-03
5.132770913590118528e-03
2.163606016869180308e-03
1.089603877182875134e-03
3.109571063746695632e-03
4.385297646911282161e-03
5.599403908888504582e-03
5.871767370411100188e-03
4.671679862437209084e-03
3.050406138242093418e-03
3.412062417197618026e-03
5.242330318897224506e-03
6.407077503077349481e-03
5.750792779944524126e-03
3.204110724478361014e-03
3.502337861952544936e-04
2.084883596946176133e-03
2.113149076698123477e-03
2.338850464891361041e-03
4.353021749612077593e-03
5.324037885253738583e-03
4.193077059272773237e-03
1.581565993601816329e-03
1.729525414606004246e-03
3.330632172910284652e-03
2.894437057014847842e-03
4.238846987327920808e-04
3.063252613114808738e-03
6.005076673013633355e-03
7.170565045298914197e-03
6.331056002004836238e-03
4.315687982168294953e-03
2.415446371359712425e-03
1.511154517695977896e-03
1.268918195577053423e-03
1.171543352105998371e-03
1.090823027390281112e-03
1.533024654249543232e-03
3.329056034272905636e-03
5.441461917441361464e-03
6.408570970880166778e-03
5.219143763900255424e-03
2.063804703041261738e-03
1.622030236060663421e-03
3.859323362360290652e-03
3.601214599463207090e-03
2.085060275020877724e-03
3.959602644639943422e-03
6.164275687034089651e-03
6.279225247110387965e-03
4.265256009739829858e-03
1.346087941877392421e-03
1.655955008018415112e-03
3.402460889525024765e-03
4.987063169819713759e-03
6.082740361852786125e-03
5.136013933793539057e-03
1.478897621545486804e-03
3.608060310169249399e-03
7.371306445635008274e-03
7.826024747772461140e-03
5.690542637429078093e-03
5.180689595297808051e-03
6.021314744720219353e-03
4.136354986571059295e-03
1.748788857359327015e-03
5.883076787160156605e-03
8.113377818742854505e-03
7.186929750726641329e-03
4.418634220278687928e-03
2.107120764386391943e-03
3.604102663132544189e-03
6.483225318719846100e-03
8.139290020517046809e-03
7.440780650044987593e-03
4.875651592579166235e-03
2.234782994261576543e-03
7.934571650565901569e-04
5.910549467668257820e-04
2.195886571328649513e-03
2.759704339039234164e-03
1.566810886941826268e-03
1.731534815015193423e-03
4.505228319529302333e-03
6.536165149594487002e-03
7.573684865746725843e-03
8.110716805207000488e-03
8.432280278911675336e-03
8.316929875664739319e-03
7.464792799871534067e-03
5.795173370349055927e-03
3.565564947040719516e-03
1.731870228525043010e-03
1.932373746371779302e-03
2.340493470451468060e-03
2.503659169332769687e-03
3.456858122787295241e-03
4.131199918177000906e-03
3.357900453726748481e-03
1.964953917227820791e-03
2.754407464891266491e-03
3.520570248629129647e-03
3.197025481135301345e-03
3.455309634937279561e-03
3.938840581274348843e-03
2.877026226705982088e-03
1.201375322876060926e-03
2.753689352970606873e-03
3.577318119574465251e-03
3.213064008297772476e-03
3.071701576883728319e-03
2.448131331823785554e-03
9.701737045423323080e-04
3.248436986098062525e-03
4.667165980348155115e-03
3.223918866001463344e-03
1.171062655229614330e-03
5.042254699045941278e-03
7.540122101188835753e-03
7.793994242746594796e-03
6.248921253966951798e-03
3.482129128433990913e-03
2.860947532957957683e-03
5.653192646504085969e-03
6.040461324054460790e-03
2.819781255097741478e-03
3.396568430157549320e-03
7.545448917681665639e-03
7.819610578377749616e-03
4.142855590875964451e-03
2.268069377932742554e-03
4.706843874102780226e-03
3.401511336097610971e-03
2.558301479303936622e-03
7.273639875818321658e-03
9.677686684942083534e-03
8.421235832053191109e-03
4.772128368126075243e-03
1.297863315485599679e-03
1.796357765648462761e-03
2.071569800571507625e-03
1.018355605341331399e-03
1.581897686969352575e-03
3.568352808008560129e-03
4.642714098071514493e-03
4.288785788664568367e-03
2.973009424369172597e-03
2.185209001052735613e-03
3.085796008379706676e-03
4.168933969872786784e-03
4.352728188968021071e-03
3.480067346361802403e-03
2.361965407594056321e-03
2.047058418151191227e-03
2.081125596750448611e-03
1.908963365341386550e-03
1.467121582299012010e-03
2.471979688179260122e-03
5.046950466309386638e-03
6.784744053254379743e-03
6.165451705978715335e-03
3.330113545406457407e-03
2.014384297461094091e-03
4.519078051926105066e-03
6.007358651597496414e-03
6.468490641895902234e-03
5.950381486537704469e-03
4.818654405543531388e-03
5.630673140776020283e-03
7.643518930745656081e-03
7.684667661090148830e-03
5.275334383805684729e-03
2.779471322855767666e-03
2.706667796415669364e-03
1.816512682713429788e-03
1.181884187922969953e-03
3.386853147112198724e-03
3.755374582616129078e-03
2.068449030955133404e-03
1.895192949283702180e-03
3.465187969517841225e-03
3.140747623006681123e-03
1.580895085212870527e-03
3.654527536332401964e-03
6.332439613373367325e-03
7.097792180444764502e-03
5.304857269358614902e-03
2.131842622146709696e-03
3.939466555982536894e-03
6.602687601068732426e-03
6.776798161801681972e-03
4.714206839613506624e-03
1.985085967520709531e-03
2.091129324190399408e-04
1.047405295196441460e-03
2.997483952483636672e-03
5.032918297872169579e-03
6.038214349728989773e-03
5.712826199507896156e-03
4.662209772770185140e-03
3.847670863494816965e-03
3.