8.883084167698808431e-02
8.019265398666576561e-02
5.538863897281044724e-02
3.395758424652128848e-02
2.989754031421435615e-02
2.762370198114462785e-02
1.788505583475257649e-02
2.627436774779547471e-02
5.026495941421403602e-02
6.206016855603534860e-02
5.003473489436229688e-02
1.759206966511216511e-02
1.958755203607770792e-02
4.140973566652335347e-02
3.979300810075701161e-02
2.406221099826578308e-02
2.263140245964085501e-02
3.013625049876686793e-02
2.824833234347102692e-02
2.236585664814032259e-02
1.754145403023135014e-02
1.034913305055333230e-02
7.767109812386849103e-03
1.291460575575631257e-02
1.204351148845433928e-02
6.424823292239299245e-03
3.545193985707137743e-03
3.428302423619442301e-03
8.957235898089879397e-03
1.515345776865038505e-02
1.622039327099963554e-02
1.336601813793687754e-02
1.283421975990750412e-02
1.416991038879317731e-02
1.477449980012676516e-02
1.621808601254111706e-02
1.590060036366958834e-02
1.039121745547599146e-02
1.059289442421745440e-03
7.705261173242178123e-03
1.227143825330152815e-02
1.169990035596163262e-02
6.606181053243308232e-03
3.771596542443495827e-03
1.215929864053804342e-02
1.676462731591587055e-02
1.403121064252505108e-02
7.451517680471881483e-03
1.081406926500323371e-02
1.522790918967216987e-02
1.319844221913165846e-02
9.085147387180490808e-03
1.061394922711201769e-02
1.230264582576371529e-02
1.085315625174703737e-02
8.724612609449964098e-03
6.447901989025476774e-03
2.760208855222720872e-03
3.214691891782554042e-03
5.735478305675654510e-03
6.969568415887249756e-03
9.602541294739745659e-03
1.172565225887305454e-02
1.020366749574977243e-02
5.621512916327241031e-03
3.319510701269322035e-03
4.279130692950982098e-03
2.399480185373397897e-03
2.116940136277731602e-03
5.080640768648718442e-03
5.170085945118401555e-03
2.959861721461055223e-03
5.051002117537669450e-03
9.289209476624940565e-03
1.105775130285440062e-02
8.961327300831057815e-03
3.898778576599230480e-03
1.880285772889880120e-03
3.974196005917363106e-03
1.968158299152399267e-03
2.713562632597528272e-03
6.209758779369817933e-03
5.734773046076150141e-03
1.094387983490921999e-03
5.484534798057077998e-03
1.061592103540878740e-02
1.240811305790101397e-02
1.075027549100087028e-02
7.707978675653056819e-03
8.070796398110062150e-03
1.058883656921577598e-02
9.963442425807050515e-03
5.407230218598913125e-03
3.239898963898181494e-03
6.163171595029598784e-03
4.670364109696906706e-03
1.369167643129577932e-03
7.329921914071745905e-03
1.016324492957930078e-02
8.451316308001267236e-03
4.170322646964597091e-03
1.230562245509064399e-03
1.568040252242302278e-03
1.955966555103565065e-03
3.021142417883529961e-03
2.717093347820584686e-03
1.050955803650687565e-03
2.475622981206513848e-03
3.849554362451781085e-03
3.583536288341303538e-03
2.594291975344509456e-03
2.337817951259149422e-03
2.423503627245931873e-03
2.911553510223626687e-03
4.623704132561282446e-03
6.189436631686450960e-03
6.244751966943597014e-03
4.838280829689938639e-03
3.460941214138573124e-03
2.976610099868958349e-03
2.475963750108877651e-03
2.564300100376796111e-03
2.912889268358773241e-03
2.235533415703022404e-03
1.687629313063214844e-03
1.839095572409319389e-03
1.110266143101409355e-03
3.672848996554979855e-03
6.608614069464851040e-03
7.160791135474388336e-03
4.909580180853156429e-03
1.821511684484328859e-03
1.937405854366923029e-03
2.506549430213083317e-03
3.456076214890505763e-03
4.673491062310650666e-03
4.472100120425723767e-03
3.679443755414969416e-03
4.406442339060133266e-03
4.868716116689376407e-03
3.544543418726670784e-03
1.305942942087946106e-03
1.965564200554414161e-03
3.459934276974292473e-03
4.481186191952365311e-03
5.275381150451915677e-03
5.441744271980468624e-03
4.527447516657453347e-03
2.846361474940824025e-03
1.536213827631564225e-03
1.812956169713009604e-03
4.099373586335712527e-03
7.116805977855565971e-03
8.732647040052865170e-03
7.575173050442276373e-03
4.323619680862620523e-03
1.873959847379317884e-03
1.538594918831553710e-03
2.195587220271441424e-03
5.795521977929571182e-03
8.383219416590408785e-03
7.981584647322795961e-03
4.939547855100993347e-03
1.278719352326720743e-03
1.015716602484268262e-03
1.408312291786165430e-03
1.007485694221206367e-03
1.285940869596236555e-03
1.881234726298544819e-03
2.137810025100321532e-03
1.489496895602254126e-03
8.262069088343121804e-04
2.590460468607452046e-03
4.591321191361540099e-03
6.317648409716938689e-03
6.817500412424994105e-03
5.089481487298872994e-03
2.039674298819312611e-03
3.234409928654485063e-03
4.155906903296948535e-03
2.666861553817305788e-03
5.380989588084006056e-03
9.670368539429220409e-03
1.130862102764328830e-02
1.015676458878331592e-02
8.456386104219884223e-03
7.366778572162077307e-03
5.171042085390245048e-03
1.188454340414147638e-03
4.340978246542484022e-03
8.648643770567301936e-03
1.075674629891136200e-02
9.853986918488082808e-03
6.028703766659434561e-03
1.741539632991570032e-03
5.845599697886737049e-03
8.989302804078187076e-03
9.088377133081151915e-03
7.315446979687120245e-03
5.780595151448301300e-03
4.099808379774480885e-03
5.863056569380717224e-04
4.112152113718272640e-03
7.449103260515010927e-03
7.431914681297384362e-03
4.807087238693639325e-03
5.070239064491839642e-03
7.467319112379387086e-03
7.190563896458990883e-03
5.040539121066615197e-03
5.830050028309184673e-03
8.314540059775237316e-03
9.033293024630482948e-03
8.098987612198843902e-03
6.791417038311229303e-03
5.345867723410563030e-03
3.095624638999096203e-03
8.078669876600431260e-04
2.431811363185581738e-03
3.181654858057862949e-03
2.872721084244059166e-03
2.492598515155415237e-03
9.996600496585690120e-04
2.544813503607968631e-03
6.576572541838467470e-03
8.377983313028587731e-03
6.290084079557351632e-03
3.229192149270215199e-03
6.964855072684275963e-03
9.546064565755177020e-03
8.769858243291970071e-03
7.629967814248407067e-03
7.886864204741973750e-03
6.629736740148542938e-03
4.427326131671749550e-03
5.962105537059929176e-03
7.366180973662463105e-03
6.200044635457212065e-03
5.372677405914894760e-03
6.468578895313579352e-03
6.037471873865263988e-03
3.233654869947671928e-03
9.321208207097429364e-04
3.180472922933040049e-03
3.803836202653094068e-03
2.947261888534790947e-03
1.708444382683284518e-03
1.894247823615324107e-03
3.479298533860429414e-03
5.431234781972449528e-03
7.021738272562759280e-03
7.223905804478777948e-03
5.569198376996081952e-03
3.086141014524960372e-03
2.633014457994894975e-03
3.248689477721643844e-03
2.743387968610381481e-03
2.347273488061728600e-03
3.044357164592676000e-03
3.409380674429649764e-03
2.848140921240434938e-03
1.921400581328447160e-03
3.253947662653227518e-03
5.758140790219160206e-03
7.198132711541840520e-03
6.737400575175248735e-03
4.854355244014738405e-03
2.988974567870310815e-03
2.016014098268505746e-03
1.145237798363028803e-03
1.703589277266483138e-03
3.485766332251725216e-03
4.717961817232231223e-03
4.904539629530252874e-03
4.004207452473009660e-03
2.262739311859068240e-03
2.846871944601687726e-04
1.546560328526345660e-03
2.546558996532795067e-03
3.135592183553278893e-03
3.562994169978568864e-03
3.227363483918681188e-03
2.076889747901369040e-03
3.413883884143736891e-03
6.138037173593968027e-03
7.298512126019720755e-03
5.905190509892081080e-03
2.653865472396513877e-03
2.777380886511101373e-03
5.439689716675352900e-03
5.917226934810896483e-03
4.080957315244665082e-03
1.493192799848682903e-03
2.022684224226275421e-03
2.808733513338651858e-03
2.460457808416120166e-03
1.499164572880267192e-03
1.832351294170798906e-03
5.295294948875589949e-03
8.346721712022725156e-03
8.370482217142987888e-03
4.566908485543527858e-03
3.437121423978384532e-03
8.167222924276698603e-03
8.973183739323393332e-03
4.917937245099846498e-03
2.142076478485453218e-03
7.325371970580488168e-03
9.143963930483795660e-03
7.846325912730652691e-03
5.683775660386115001e-03
3.819058255343144373e-03
2.303114053397373098e-03
2.973217242206332902e-03
3.517193843317257661e-03
2.193183556057944072e-03
1.023338439299610082e-03
2.280988653195173150e-03
2.055871943495404981e-03
1.466497482852023755e-03
2.806684145945051011e-03
3.543595600798067190e-03
3.037724048335908519e-03
2.021431478101035073e-03
1.268750952731554802e-03
5.469083027405235433e-04
9.846388680422150669e-04
3.199719478331308330e-03
5.381070259266106798e-03
6.268996103346351212e-03
5.098525948950868858e-03
2.267238156284579875e-03
8.673416838128047632e-04
2.943907320243082434e-03
3.531258523045800908e-03
3.299544595082006416e-03
3.248309762211615877e-03
3.733315455638055568e-03
4.628162368453338053e-03
5.554898817077972076e-03
5.799061486250517601e-03
4.603605775396444298e-03
1.750719097445267323e-03
2.213789209245049100e-03
5.389439865232994835e-03
6.375943012372074954e-03
4.670190255263459954e-03
1.446939415219558123e-03
2.022658441358883997e-03
2.838138366335171865e-03
1.244490069977888507e-03
3.032379563587856482e-03
6.361769625422600619e-03
7.742410105944372983e-03
6.517944579565258106e-03
3.511955564318810629e-03
1.148725357232492032e-03
3.137121640008396200e-03
4.518558615026351671e-03
4.342752197445802834e-03
3.537276882385498224e-03
5.263413883918078261e-03
7.384050062674389625e-03
6.685302999724229353e-03
2.844042999633262202e-03
2.184089623898293007e-03
4.924558998834701468e-03
4.459399032701817124e-03
3.924031465805779932e-03
5.557583043788607777e-03
5.514768939238522648e-03
5.306360496788294079e-03
7.643737204936220178e-03
8.165962078470591703e-03
5.019318952095561288e-03
2.692174375541649296e-03
4.576517722216313228e-03
2.907963950753042221e-03
2.306872517046554185e-03
6.563385256058407689e-03
6.735988286858471917e-03
3.187843309311378260e-03
5.491844003684438237e-03
8.512515606031051743e-03
6.696444956548073570e-03
1.267075656730388706e-03
4.282075067018937045e-03
6.416637155087755347e-03
4.840646411048438007e-03
1.797810113867932607e-03
8.218628755479196737e-04
2.078362471962955961e-03
3.639107342175422911e-03
3.798390864045601140e-03
1.836879797620421129e-03
2.922264607571400680e-03
5.085425759716767115e-03
4.393385708296566015e-03
1.787645468740873623e-03
2.481487482731295144e-03
2.349608438017325961e-03
1.376692192796039006e-03
6.449339937335838401e-03
1.000728712257792190e-02
1.009848858012912277e-02
8.084450900134617854e-03
7.618789827336667868e-03
7.825272032826745966e-03
5.735859680930777312e-03
2.072912103016001650e-03
1.263915526858273375e-03
1.219032770537127478e-03
2.473147822765508260e-03
5.220393250546226382e-03
5.534236761856913163e-03
2.662501027075347450e-03
1.755488620494832092e-03
4.546381293074809593e-03
4.068976762125978835e-03
1.085945894019216783e-03
3.609544140734625896e-03
6.110870319572334758e-03
6.212270802242844843e-03
4.261231304562939845e-03
1.893073613490122093e-03
3.738278582631655422e-03
5.552420113940935431e-03
4.455385469312295697e-03
1.548043146085604799e-03
5.416178208648051752e-03
8.514978504105876270e-03
7.832327722610979773e-03
3.765681941505532714e-03
1.518096746719999881e-03
5.052910060812356753e-03
6.266099706361389320e-03
6.696880925519700482e-03
8.016699198696112041e-03
9.135193660442495617e-03
8.901358110763847586e-03
7.713653437640476812e-03
6.616336320409763397e-03
5.760936281527844795e-03
4.455582049810152996e-03
2.549398673377889068e-03
7.767965366768798648e-04
1.213286837175756722e-03
2.041140870752586670e-03
2.712935272684806245e-03
3.495230282868492730e-03
4.127386690950969432e-03
3.849638056033215239e-03
2.196338530502096615e-03
2.194759838997730351e-03
5.154996739316211780e-03
6.681817846927444460e-03
5.499085429601814103e-03
2.020783991500335348e-03
2.309786370247614989e-03
5.140097904504869163e-03
5.562971019529028456e-03
3.824918280313918412e-03
1.248716203851160103e-03
1.136287540427110328e-03
2.529812252593120672e-03
3.590591580564257007e-03
4.184041678309758511e-03
3.696455590960494048e-03
2.511756051239029484e-03
3.251861778605738031e-03
4.949211847298665493e-03
5.121785769371451323e-03
3.222645847022434940e-03
4.672096257688496124e-04
2.718265177938239321e-03
3.505251354383783630e-03
2.353917252914492376e-03
2.321305932618116484e-03
3.564188749009056419e-03
3.140945473150803715e-03
3.992561627789946270e-03
7.636227822506435996e-03
9.704548083642799625e-03
8.103846299349936819e-03
3.262187925237111912e-03
2.830575729605017566e-03
7.126833823458599004e-03
8.411300560134086710e-03
6.761953607622674632e-03
3.387106195675953710e-03
3.009506773986574818e-04
2.599756316983797659e-03
3.015278710631891582e-03
2.045621182811948376e-03
2.518189982483650096e-03
3.457869088732639859e-03
2.580184735297154450e-03
1.925114070875444741e-04
2.919206419171107257e-03
4.655210335527604736e-03
4.673154513213947578e-03
3.556050282392231830e-03
2.476049943768734735e-03
1.937524992824957160e-03
1.432804437699250737e-03
2.381936645811915526e-03
4.747377640920730224e-03
6.790106468690472463e-03
7.841046571021081935e-03
8.302812805352503128e-03
8.521194330584564228e-03
7.733576386759749913e-03
5.327366090104863720e-03
2.352315546773500830e-03
2.588387820388964380e-03
3.790498941360237375e-03
3.711192946371692693e-03
3.069000578778604150e-03
2.597067368725977914e-03
2.572687801064923747e-03
2.803364142084183858e-03
2.546555439140238321e-03
2.294231499339631150e-03
3.559212163585985002e-03
4.706509038478165312e-03
4.167484517021386586e-03
1.999361369001876644e-03
2.018622411390725603e-03
3.974522595486695842e-03
4.026024098092165909e-03
2.096659283950508788e-03
7.981275541087959943e-04
2.766781446047860814e-03
3.950100442647854794e-03
5.363022091639396867e-03
6.932553642692092406e-03
7.491611564357011227e-03
6.723130947904836993e-03
5.157469180874611758e-03
3.237269720385864760e-03
1.492267004251872104e-03
1.214159397447484240e-03
9.553077506087686828e-04
2.044918799819013273e-03
4.061497393407663935e-03
4.731662324964326476e-03
5.225105933082651796e-03
8.432981727456226317e-03
1.162166954593121977e-02
1.159278402986091763e-02
7.918879622048010519e-03
4.261650489328234689e-03
6.887628811594216985e-03
9.148070558268358091e-03
7.907491129164823801e-03
3.681223975508878064e-03
2.027097813295306375e-03
5.420657079952851364e-03
5.215298403747765411e-03
2.218005918924966392e-03
5.508869928351995543e-03
9.002112349266257890e-03
8.354599704267301474e-03
4.001091360782498517e-03
2.394363233068326404e-03
5.245274214588614529e-03
4.624294197723704744e-03
2.434297490380840298e-03
4.447274654677368065e-03
6.066766906619855057e-03
5.166035040469359012e-03
3.342365997323406505e-03
4.001564457707502097e-03
5.375236941713028120e-03
5.111460742736306448e-03
3.072813319040740201e-03
3.747194679499930197e-04
2.524521112317535104e-03
3.849032288273862741e-03
3.821300176548478658e-03
3.151551850359644510e-03
2.672971425409172846e-03
2.186033213721641499e-03
9.246888947083098343e-04
1.153495371531500268e-03
3.257145534012768386e-03
4.448241969323425693e-03
4.713379759374332692e-03
5.263606894217637104e-03
6.225254960143975121e-03
6.159512651714230125e-03
4.485066292306731997e-03
2.035795054141388387e-03
9.143895586743607234e-04
1.396978928147618983e-03
1.476722224820036043e-03
2.409612928575668393e-03
3.532179253193140807e-03
3.610285298067930550e-03
2.235468749706984431e-03
2.193832191501194620e-04
1.778847339321743513e-03
2.027101893685369100e-03
1.901436651233614182e-03
3.418959277764328092e-03
4.116664640701537745e-03
2.792180859546336893e-03
1.888651680367824885e-03
3.725499395533542289e-03
4.057632633029349678e-03
3.328022175480766995e-03
4.922371471199499596e-03
6.952972757213456839e-03
7.111570032789784994e-03
5.575805486798127500e-03
3.823624969239466757e-03
3.231006991956838961e-03
3.855866726761750067e-03
5.095289708520816911e-03
6.310627461812623809e-03
6.850394443637998834e-03
6.251715900042192388e-03
4.635496429921892592e-03
3.208680660788801060e-03
3.056581089746616877e-03
2.795135097737367919e-03
3.306802092745895344e-03
6.237976895365974182e-03
9.029397759143093644e-03
9.765139720856340702e-03
8.019386621724860706e-03
4.770459680641039521e-03
1.765927719758446672e-03
1.395774125232788132e-03
2.289481440726622626e-03
2.433177118172242300e-03
2.224744045642042950e-03
4.587700266205675670e-03
7.554259067617773160e-03
8.000145720756595205e-03
4.697538789087844779e-03
1.356222448796566560e-03
6.078706123092960864e-03
7.271839164155348596e-03
4.506331602358831789e-03
2.359269499556998408e-03
4.419673287457685958e-03
4.152932870778267005e-03
4.230520582597277479e-03
6.532042040747497447e-03
6.676975279188326895e-03
4.039452462246470935e-03
2.288110491785032286e-03
2.591209215808128880e-03
2.807286391431489201e-03
6.694194442242881737e-03
9.720910950661888761e-03
8.844475012118682006e-03
4.311869683136996916e-03
1.172284395964121517e-03
4.291839600910935144e-03
4.036637815322641903e-03
2.203406367717682893e-03
2.355054288795165388e-03
2.166022993424561449e-03
5.165497496894650657e-04
1.194359373114500106e-03
1.105801374372292721e-03
2.413425868109731962e-03
5.655052809035894523e-03
7.569274864373585696e-03
6.748833467689853080e-03
3.545891352835984622e-03
8.002221493419482690e-04
3.458794135459063081e-03
4.542817850164289004e-03
4.474143468559863522e-03
4.260698726797497449e-03
3.835959141098687318e-03
3.065367376291294830e-03
3.047453832451349053e-03
3.748561156399263412e-03
3.688257325467162243e-03
2.308304406038324229e-03
4.502058151932610019e-04
3.177657297069668308e-03
5.686520244883034453e-03
7.034010935505892632e-03
7.033142471055624234e-03
6.181853340010504301e-03
5.058016584724598849e-03
3.960406993620290729e-03
3.716525257492808362e-03
4.499536738957221095e-03
4.764816612466517450e-03
3.863352549558091761e-03
2.572597632435399007e-03
1.998203041045894159e-03
1.711766694182262870e-03
1.277789195310641886e-03
9.476089674572553238e-04
4.270002689569670200e-04
9.534067999096397864e-04
2.070885383551823288e-03
3.651496937280394525e-03
6.026865864588339464e-03
8.100873065591039299e-03
8.368696770134525717e-03
6.329343602628055392e-03
2.981771535663460017e-03
7.900295408629423588e-04
1.589975626455331819e-03
1.735686089416842810e-03
2.339127969987616143e-03
2.454053339652428022e-03
1.598702582397968849e-03
2.411998414786850099e-03
3.624830038334293531e-03
3.091810480939157380e-03
2.323371340109305593e-03
4.798148519803059446e-03
6.983160213844072199e-03
6.909351031651672810e-03
4.468895465733944104e-03
1.195660919239917991e-03
3.136276714810715734e-03
4.545663306593607407e-03
3.851342874170474075e-03
4.453025470495648730e-03
7.417322939517708921e-03
8.596977757792266875e-03
6.277318117328922233e-03
1.805307460833553094e-03
4.056367664628650685e-03
6.100837670343275260e-03
4.638484485324879253e-03
2.684207572031990872e-03
5.338408330878733482e-03
6.968034656781284426e-03
5.865207644659026567e-03
3.583775588592444297e-03
4.132060827230710914e-03
5.987367708210065628e-03
6.226319874376215653e-03
4.781339548440183794e-03
3.229407351279145640e-03
3.402250993438257765e-03
4.217805541116094459e-03
4.746873466312052751e-03
4.514650647644335123e-03
2.932940287431621239e-03
1.383910284513835149e-03
3.103877150970250302e-03
3.915796540293884319e-03
3.803719874639047496e-03
4.534437908108186407e-03
4.579703326602508132e-03
2.037738445419127672e-03
2.528289221456495473e-03
6.829241994607116069e-03
8.627265657414461691e-03
7.248546627344940561e-03
3.853814636368047778e-03
1.120434139421741743e-03
2.433769177348664957e-03
2.716758444238495489e-03
1.835700415699059382e-03
1.995310724696338668e-03
2.755603976624711356e-03
2.308390603919420990e-03
2.383970346449683191e-03
4.461353610578910715e-03
6.152671297419514546e-03
7.294325046241605104e-03
8.288996927952834229e-03
8.075065351580812401e-03
5.949486651768496302e-03
4.115481111600216742e-03
4.813605998172649884e-03
4.438442341084980480e-03
2.061405061025635595e-03
1.750784092203022582e-03
2.758823350772322738e-03
2.866182369329174986e-03
4.408747421965295357e-03
5.592971226741757715e-03
5.340781468544211416e-03
5.405485451175120505e-03
5.721528216332158814e-03
4.077998403530897278e-03
9.916514539095209416e-04
3.249728857589520570e-03
4.393360379442909185e-03
3.115003473923896090e-03
1.471310677426075934e-03
1.545542297967333108e-03
1.003845876890989679e-03
1.623179494558497275e-04
1.774786989145567739e-04
1.160087579055115456e-03
2.710004826500169318e-03
3.997688903294595482e-03
6.351014334378673500e-03
9.252865217847839469e-03
9.913740572142426197e-03
7.117868650441293993e-03
4.296396971660196816e-03
6.481703001178285885e-03
7.056336666894722463e-03
4.159597236725657426e-03
2.339717787539722510e-03
4.197779189220318674e-03
3.564003231694392020e-03
1.266704751657087707e-03
1.297082019448895151e-03
2.596219782249160283e-03
5.114257172450974165e-03
6.906892892826961214e-03
6.223158898884306733e-03
5.273936320446390678e-03
6.971411289989580366e-03
7.262632777775552065e-03
4.162212971639818286e-03
2.405651946056640549e-03
5.771727192558332060e-03
6.477939540822837301e-03
4.807792103794786102e-03
3.211564220425205084e-03
1.951588340322977242e-03
7.633664500954914995e-04
3.515733574153620099e-03
4.890586370368457843e-03
4.121542798977392667e-03
3.185781424183437450e-03
4.263433911704666256e-03
4.933585982383902405e-03
4.431963530153242188e-03
4.105660092672317428e-03
4.516035362308877185e-03
4.622722622839425984e-03
4.205557763994358621e-03
3.779668728710237902e-03
3.704786031777532705e-03
4.468562104174938349e-03
5.640603673773087780e-03
5.615423867869819875e-03
3.761732531796125201e-03
2.870653867120799563e-03
4.720624883784368259e-03
4.724729287300548364e-03
2.087998813909155114e-03
1.728208115890121676e-03
3.621198282533595429e-03
2.795968678618327569e-03
1.607735022126294830e-03
2.965480180677679354e-03
2.256053851688022242e-03
1.447259544073026217e-03
4.627811700789062101e-03
5.600295467402581842e-03
3.940244958838033142e-03
4.132140666602041219e-03
6.377575794044456833e-03
6.287911100878472437e-03
4.048244990929627737e-03
2.996214108500545002e-03
3.698156009685204648e-03
3.632084927618281067e-03
3.452074937791926434e-03
3.112631023436469163e-03
1.823437081294803589e-03
3.835190001814253757e-04
3.924632491772782708e-04
9.127587744686653645e-04
2.969434042655598200e-03
4.342333808490647130e-03
4.284429914071037800e-03
3.554192441757071750e-03
2.957919261950087749e-03
2.281945592167752401e-03
3.470284077137974522e-03
5.798076895531968991e-03
6.787081945508095793e-03
5.811569382762993979e-03
3.687038356576916118e-03
1.639506478853808378e-03
6.279171788677255072e-04
1.139235892068944699e-03
1.665114669843410214e-03
2.635345824087042838e-03
3.813874499419651551e-03
4.196643710335991317e-03
3.997790791707631942e-03
4.660236268697085307e-03
5.436434727579139703e-03
4.654872005414211616e-03
2.301833805860970059e-03
8.364730775442359104e-04
2.996970700243102928e-03
4.913904628110883806e-03
6.403509434110973668e-03
6.693168906266726802e-03
6.003500790736276960e-03
6.347520754546467567e-03
7.419612903386209497e-03
6.562363609428418197e-03
3.152881736325366738e-03
3.433337170394169108e-03
7.462643088799305290e-03
8.806124005068085084e-03
7.227119946677218985e-03
6.082349613085305529e-03
7.972813706460964850e-03
8.913662394341133680e-03
6.874136989806744688e-03
3.112235003180410884e-03
2.779162124192779710e-03
4.854929568738585756e-03
5.883101796732586111e-03
6.424532942875365617e-03
6.252720384731020285e-03
5.446145022131542585e-03
5.676909658235668177e-03
6.632241404742184737e-03
6.347116856638932401e-03
5.108263547258125141e-03
4.909137689647342755e-03
5.057301231261452854e-03
3.662388878580460482e-03
1.301156002944352371e-03
2.204841681860750507e-03
3.072804303423586764e-03
2.901499415446129413e-03
4.398278063582399151e-03
6.797238137406900679e-03
7.873065095585536285e-03
6.837609331084351476e-03
4.065801581167247103e-03
1.465814752327705087e-03
3.790158650342862097e-03
5.941405214780440258e-03
6.136531072073023521e-03
4.000294303295014696e-03
6.845201554337399744e-04
4.861740941303370131e-03
8.471927430832306219e-03
9.743062445559740395e-03
8.459567105322250355e-03
5.739597567629067809e-03
3.834523162875589589e-03
3.919539834398271493e-03
3.838369504901014990e-03
2.968231612500897652e-03
3.376367852990673664e-03
5.268755074304197310e-03
6.180894044896274343e-03
4.927425903680282548e-03
2.356263751960555822e-03
3.600837281991127025e-03
5.796586006725096447e-03
5.983699128523987769e-03
5.146062308535881598e-03
4.895668406517872037e-03
4.815425625476850782e-03
5.683829517399905523e-03
7.832830425760776288e-03
8.282693458060924954e-03
5.445514186542961023e-03
2.904639095638716657e-03
6.283537351037087916e-03
7.359943562166169385e-03
4.815515057971476824e-03
2.976984738170981599e-03
5.119822408276680260e-03
5.420458209617663031e-03
4.324920678782344027e-03
3.864116900884741711e-03
2.894726055182420075e-03
3.271163753494252344e-03
6.081684430448226070e-03
6.786637064998673856e-03
4.293517034907629905e-03
2.749449191958402462e-03
5.549486585966666857e-03
6.243463897758204026e-03
4.672014494890883857e-03
3.850031244687679693e-03
4.722992392880372842e-03
4.938462640928496274e-03
4.139164341251504349e-03
3.088955540416337114e-03
3.670037197299384855e-03
5.188132290455175349e-03
5.219973405435234144e-03
3.247002035097990621e-03
1.393595593504184027e-03
2.632106963690713543e-03
3.172981397776589076e-03
3.960624070345221230e-03
5.637780266106969147e-03
6.549396352009431016e-03
6.087108440883746106e-03
4.827317726138527151e-03
3.410001442158351777e-03
2.026607266571328527e-03
7.527175466863630319e-04
1.196969289226598602e-03
2.836941487208686098e-03
3.857072751443558437e-03
3.367020119047288169e-03
1.402825234074056267e-03
1.433599071359617895e-03
3.260285276138041172e-03
3.890157808750811970e-03
3.675938448208002952e-03
3.291964718969696800e-03
2.993276182790279016e-03
2.806402961511712639e-03
2.625432981377047361e-03
2.362182226832612152e-03
2.391046621261919917e-03
3.344804911271539831e-03
4.884247575121505522e-03
5.664621743718415738e-03
4.502659875783405000e-03
1.550925087517111486e-03
1.726984776320737497e-03
2.702851184212802602e-03
1.324078061608220062e-03
4.351328552792909331e-03
7.611997716021854342e-03
7.696385938349422501e-03
5.038400062385681860e-03
4.410010693936269356e-03
5.566514544676182466e-03
3.740359165210660648e-03
7.339493168246071474e-04
4.857490540383245861e-03
6.292611271403149124e-03
4.843394135293771843e-03
2.956724079114960227e-03
3.634465478121986365e-03
5.361853524695388458e-03
6.578256594934319898e-03
5.864862825082066237e-03
2.943424486459393641e-03
2.562851166204382827e-03
4.627935841266884835e-03
3.860258848020557947e-03
2.522204523620901525e-03
4.766351890950923549e-03
5.409272341739775926e-03
3.397390977568256944e-03
3.173880834720203131e-03
5.069162388530071284e-03
4.570378845133992243e-03
1.919235754631245768e-03
8.577854226001869553e-04
1.602357865689698312e-03
4.930451489250569719e-04
1.598000856854345751e-03
1.887509492456255133e-03
1.253944697104175925e-03
4.457809424746047439e-03
7.439379756536635725e-03
7.887908246196841458e-03
5.248780888924350560e-03
1.163198538686917392e-03
4.084355752200603470e-03
6.138358847887570927e-03
5.087143416457624162e-03
1.928876061615120282e-03
1.866932565444900721e-03
2.918982866202850853e-03
1.146976526721819878e-03
2.453941703697558839e-03
5.265099612475779810e-03
5.333695147450879040e-03
3.050087000859036303e-03
4.526565878025027440e-03
7.702791940475199953e-03
8.058936795680137280e-03
5.271358199298937022e-03
1.066792069638642726e-03
2.753358676402751105e-03
4.524253994313160235e-03
4.569325840622529868e-03
3.603466700122888531e-03
2.110694355271327313e-03
5.465688098999637061e-04
8.611340309237655545e-04
2.394725869864973346e-03
4.892675820634147417e-03
7.476236758635736515e-03
8.835534777119751285e-03
8.392441122948708990e-03
6.557908057688581656e-03
4.226621849220453357e-03
2.298200483755568832e-03
1.651425075046190601e-03
1.496308378971358865e-03
1.013941902775658890e-03
2.209903717889984045e-03
3.645064036274125573e-03
3.820693153329926452e-03
2.444351871886982740e-03
6.486820102711576570e-04
2.708834014858082020e-03
4.661045568358303942e-03
5.912519339617210851e-03
6.536474410575512407e-03
6.377816970119458417e-03
5.162352908185499287e-03
3.268900119540168493e-03
2.217495788134914419e-03
2.228573294161200358e-03
2.799419589197212326e-03
5.579590709128542068e-03
8.545659107148974309e-03
9.370536959074918931e-03
7.290421572082157742e-03
3.758840295048996791e-03
3.462926297484588897e-03
5.087928248468156882e-03
4.711835212231893673e-03
2.513634245613290824e-03
5.140336063124574919e-04
2.837150061873025455e-03
4.046170873898069335e-03
3.683483247838805017e-03
1.968224407786505273e-03
8.452346355880375420e-04
2.627471170485288793e-03
3.595407544680124037e-03
3.544268076534597828e-03
2.844801839459419179e-03
1.911760186656740607e-03
1.088408411567486382e-03
6.960887436628302978e-04
8.138482145227751317e-04
1.107618010337902944e-03
1.192224408114971263e-03
1.097972702064507885e-03
1.906043706844625209e-03
3.402863199102967515e-03
4.520921836565688044e-03
4.497968154402528715e-03
3.138394516540797194e-03
1.228510114279961511e-03
1.896173129378404387e-03
3.319128976888838234e-03
4.373292119849195650e-03
5.269614768792429613e-03
5.438248507868446643e-03
4.352629249142297291e-03
2.460588208042956224e-03
6.801006826822737729e-04
1.178163004670195304e-03
3.889830881393167156e-03
6.706275359716087903e-03
7.978153117519466361e-03
6.645168030361098960e-03
3.083744177816660943e-03
1.175354044476941426e-03
4.075121510855345131e-03
4.889128066388396046e-03
4.232435376725795194e-03
3.361629566677908684e-03
2.856101126072778298e-03
4.227428883407619714e-03
6.659448689797449299e-03
7.343114658075480805e-03
5.065240125270019551e-03
1.711416506777526953e-03
3.581349786407041214e-03
4.121001151197592645e-03
3.498548994223469807e-03
6.449425452174684797e-03
8.671574806499887308e-03
7.372861402651587071e-03
4.230859116442004485e-03
4.117773239935090812e-03
4.322678804875668655e-03
3.374656553335814418e-03
5.448045404113048898e-03
6.682853126384038535e-03
4.572465435701040734e-03
3.441140327731828739e-03
6.355478663272585635e-03
6.387545508740996060e-03
3.017293977349983381e-03
3.939877266481000076e-03
7.269130551506282865e-03
7.419017648026091094e-03
4.989699647699192241e-03
3.419390584133708000e-03
4.838405267143464084e-03
5.652198565607855461e-03
4.618637688532072592e-03
2.109263953441290439e-03
1.037179601952527156e-03
2.855988188243504394e-03
3.306083795452741027e-03
3.077328127134634685e-03
2.917427593139166903e-03
2.434312138124509334e-03
1.728392153880771009e-03
1.228418294718966030e-03
5.444014143534855717e-04
1.926833011652975868e-03
3.782233305488379247e-03
5.205137663047135731e-03
6.098958696194757036e-03
5.848318248767615801e-03
3.714129178500722491e-03
8.562485759292657499e-04
2.919663878551221215e-03
3.162074797583593316e-03
2.468920293812541886e-03
6.076920296575277769e-03
9.087788799479270402e-03
8.807806761977137258e-03
5.517640928514156926e-03
1.468171241469802156e-03
1.484119370194801569e-03
2.298062450862415132e-03
2.759879677735035865e-03
3.377178175703910833e-03
3.527341058262057748e-03
3.606894891147902679e-03
3.649633000798897624e-03
2.969296486587559049e-03
1.610119121603318694e-03
1.014218175996681529e-03
2.709694220508168921e-03
4.733247186583998574e-03
6.296295996688417926e-03
6.978353780748261688e-03
6.773814040651708092e-03
5.959944019449847120e-03
5.443191937891175315e-03
5.750214184234835740e-03
5.178471961651978997e-03
2.296991493304187826e-03
2.248056692269264061e-03
6.145276509899825351e-03
7.316815711451555605e-03
5.339100774249487709e-03
1.803071105343882546e-03
1.539969993938207753e-03
2.939818305922386240e-03
3.956590932494285194e-03
5.445096755623955731e-03
6.572658149317274143e-03
6.927802905925308993e-03
6.657455667288096797e-03
5.786389009171526675e-03
4.539658821007146183e-03
3.480089679937058058e-03
3.047394985788890766e-03
3.662394553833300641e-03
4.920707295570632064e-03
6.100819412908066626e-03
7.005837175520495709e-03
7.094061477431161042e-03
5.561018245079742128e-03
2.705906941337100392e-03
1.431066456918332098e-03
2.149123661079848160e-03
1.808438465275045374e-03
3.209164400565073325e-03
4.335970371350559432e-03
3.321766367523717057e-03
3.081557226222347672e-03
5.614156392620465140e-03
6.449597325505210081e-03
4.796035459438266653e-03
3.207674490440921584e-03
3.566977795924449433e-03
2.600457430356939784e-03
3.690108010409437738e-04
3.664348984336988652e-03
5.646236857217374130e-03
5.754592324597796772e-03
4.553933481862418482e-03
3.155147378671933293e-03
3.207702436461084931e-03
4.273434055162977051e-03
4.471551577463900307e-03
3.435580086990660045e-03
2.021606859925833676e-03
1.309767187169109948e-03
1.440455397219086824e-03
1.946665902028030378e-03
2.500108672060571708e-03
3.826540977661442924e-03
5.693970793664648346e-03
6.361006928799232615e-03
4.935189169994485918e-03
3.921501475236986028e-03
6.562708978308376580e-03
8.554402789758589268e-03
7.816271940575230184e-03
4.975509312117824129e-03
2.054719725698850828e-03
1.555288730227350098e-03
2.928539889760153978e-03
4.657294950362585693e-03
5.403411095487451604e-03
4.228084534802637080e-03
1.964707890678051277e-03
2.400889551445254712e-03
3.709013432155707640e-03
4.229423781056057020e-03
4.914926088275884883e-03
5.342761971851075868e-03
4.827827758799396393e-03
4.310323431383515300e-03
4.307938322655642527e-03
3.398374198221909819e-03
1.343769331322396034e-03
1.462980029962940992e-03
2.497010378167798320e-03
3.518594024069696211e-03
5.718384773256508270e-03
7.435220463675498367e-03
7.424206667407172965e-03
6.071077034808591150e-03
4.287140022486108509e-03
2.462887946867478930e-03
2.151656139729237784e-03
2.833007168947637364e-03
1.877189208984714110e-03
2.931692161120318108e-03
6.313447673228424206e-03
7.745232663680284672e-03
6.366870711105037002e-03
4.533691120078514256e-03
5.233911211719509925e-03
5.471192074771184626e-03
3.788187676754572238e-03
2.335060715999739446e-03
2.671267141333549203e-03
2.334522034373718181e-03
2.204819438712832345e-03
3.164205042868635086e-03
3.305706361797219189e-03
2.299821137037208908e-03
1.042013047404714973e-03
7.032426470629896424e-04
1.580118216250377778e-03
3.071361481855991622e-03
4.291825994909050958e-03
4.288006051706269930e-03
2.758966948790933255e-03
6.926334586922209321e-04
1.544824630057445216e-03
1.584098924347578877e-03
1.647710481144706689e-03
3.485206736044014608e-03
4.232538578525341447e-03
3.519529454975562840e-03
3.863473474930020305e-03
4.895435692756498931e-03
3.877741636718595036e-03
7.646191629548488525e-04
2.776973113472498613e-03
4.604379319842393480e-03
4.420112643545303331e-03
3.566539604902920803e-03
3.796156182716451093e-03
5.702194689029918898e-03
8.006173863452431191e-03
8.718010032829607084e-03
7.122159805882380228e-03
4.706136136818485881e-03
3.255347735024943703e-03
1.539554659164794198e-03
9.557597408833407157e-04
2.102519483028601668e-03
2.319013594828807606e-04
5.336904770711417383e-03
1.037222558333733384e-02
1.162932703171047286e-02
7.950951712635717303e-03
4.562671153020167632e-03
8.845313104004217178e-03
1.083223819607211265e-02
8.290822575680541207e-03
3.836792074907259542e-03
2.294803276953659432e-03
2.390750749612827186e-03
2.188252828552498218e-03
3.514639633233574041e-03
3.729731805850063347e-03
2.257865353627559052e-03
1.572318994612327677e-03
2.825956340373940966e-03
3.444973199583029402e-03
3.610080690540801076e-03
3.757636243294221971e-03
3.728421714207700785e-03
3.254170448726281199e-03
2.621150729871979303e-03
2.576622309552189204e-03
2.536265288265461635e-03
1.562811396972294984e-03
2.839416382595718333e-04
1.100470294454493868e-03
7.715714260557869804e-04
1.167496337644670541e-03
2.744251029875664511e-03
3.476875796924896664e-03
3.716411612538609438e-03
4.683317943650643946e-03
6.179381684919901460e-03
7.353039614022193783e-03
7.519231772895855308e-03
6.192768680450035264e-03
3.949488319650910038e-03
2.976699041235066328e-03
3.302751857226467799e-03
3.013982492035474550e-03
2.746352950268109074e-03
2.782876864158556011e-03
3.977180608731321725e-03
6.616816870951297384e-03
7.998242362916439113e-03
6.379200326606968702e-03
2.728605175289554405e-03
2.428326392555583708e-03
3.078091289559004191e-03
1.145419856858951365e-03
3.144512605557195882e-03
4.987875873125839112e-03
3.902159858791452111e-03
1.010827817273069265e-03
1.169431420845448624e-03
1.782166670758006822e-03
4.167398548989941290e-03
7.017321900029351370e-03
7.521996837007680591e-03
5.429492106718625428e-03
3.555114284942287491e-03
3.931220375343183644e-03
3.574021883271971331e-03
2.667897184859985196e-03
2.677013205884794245e-03
2.140943332567011876e-03
7.126596328491308823e-04
3.909092925765155261e-04
2.857056914284466999e-04
1.361075392911153484e-03
1.986231334984304379e-03
9.154357065545840793e-04
2.620877980039503733e-03
5.959469796718259299e-03
8.291134765500255549e-03
9.027987552406663285e-03
7.877617284646814752e-03
4.371862824584756176e-03
1.343331931471276755e-03
6.636458368503264822e-03
9.222332411208613787e-03
7.633772659927541039e-03
3.911358150438832594e-03
5.329775416610893490e-03
7.678608721281640279e-03
6.879196011335149581e-03
4.538182135125050018e-03
4.310656468027778375e-03
4.994330059913415325e-03
4.552006930729014626e-03
3.780613635554159590e-03
3.344454309792030747e-03
3.518807257778567687e-03
4.139469255893713992e-03
3.580489819012884923e-03
2.680524135780141572e-03
5.690441297376509777e-03
8.167433766991307256e-03
6.987192428467834705e-03
2.236516428621321620e-03
3.442258481721499185e-03
6.225776879963501945e-03
4.211643703795875035e-03
1.580720293314936443e-03
7.556927816175663254e-03
1.059310411953092064e-02
9.826824264346578977e-03
6.949480173613579309e-03
3.655144014928744366e-03
3.164145186415549924e-04
4.325589349682577509e-03
6.534100826771365930e-03
5.228360502029887752e-03
1.495273837916503848e-03
3.000059439636722659e-03
3.701911859613587347e-03
2.489972913110475704e-03
6.044341964645573440e-03
9.115439849981421538e-03
8.502506372936657203e-03
4.894865816384921450e-03
2.059049568488062910e-03
2.618569904330356538e-03
1.803387724856840395e-03
1.834651852450074798e-03
2.866518392395398917e-03
1.941423820680650237e-03
1.245050458471364321e-03
3.524010805781147698e-03
4.185986321805118190e-03
2.635433102396704790e-03
3.412999939321207299e-04
3.099207671680676880e-03
4.781096505245529746e-03
5.024823844615391825e-03
4.132393367440329729e-03
2.812845419640211918e-03
2.498767158467513679e-03
3.215702540479985824e-03
2.870195012924151197e-03
7.493325965576777287e-04
3.768140482494322825e-03
8.113012642126172722e-03
1.117271482178328924e-02
1.195881708175493795e-02
1.037870335474245891e-02
7.015237830013559307e-03
3.156436636858965181e-03
2.449930049906881915e-03
3.726381929559309698e-03
3.146081181937254116e-03
1.685029133027080234e-03
1.981187788520294771e-03
2.162090289558519281e-03
2.087837013110148757e-03
3.326025233297624957e-03
4.057811567025391628e-03
3.495522678364457528e-03
2.792939961118559231e-03
2.820561921978350945e-03
2.563439340273592545e-03
1.795591446345553861e-03
6.011351125776570863e-04
1.449076413299310671e-03
3.864675724076597867e-03
5.162936381026725710e-03
4.249234646281318563e-03
2.796911930057548786e-03
5.086619129182237513e-03
7.081743187612676849e-03
6.419675982824769173e-03
3.572335637969354261e-03
1.500164973246091151e-03
2.912601335324174583e-03
3.073952106584283521e-03
2.703946958130898012e-03
4.154330285106479573e-03
5.721277620381450511e-03
5.795605209184645848e-03
4.781406868516815088e-03
4.731733665247331300e-03
5.523133554602269873e-03
4.968534138909490826e-03
2.637253810057912668e-03
8.184197723240088087e-04
2.790489898241713378e-03
3.471769206826538952e-03
3.357749967253688319e-03
3.753277260662396357e-03
4.462227185693205637e-03
4.515215294103217848e-03
3.610782758281190323e-03
2.927399810047077392e-03
4.346066102813316012e-03
5.931875831054394220e-03
6.028377793544231755e-03
4.590213166708449234e-03
2.579115568354466669e-03
9.632676423293459267e-04
6.549504674028409955e-04
2.073764657735630360e-03
3.508016469914896143e-03
4.599058661592179097e-03
5.197248781446053498e-03
4.935909542042333370e-03
3.528998084912337782e-03
2.100948987437702403e-03
3.446089467349275001e-03
5.014735224261505399e-03
5.232415753313543298e-03
4.294709135466928326e-03
2.972466047972776356e-03
1.657177286244513248e-03
8.609795728825944423e-04
2.430266726400757190e-03
3.869799113581766977e-03
4.044944380967063421e-03
2.870340061850762230e-03
1.865412566024473705e-03
2.690537516619626209e-03
3.024697126910608561e-03
2.153720347944170031e-03
1.298222110471707654e-03
1.846966298682625523e-03
2.138289807626064364e-03
2.003714833704971568e-03
2.385738452632892199e-03
3.106401779386581269e-03
3.129514164540539520e-03
1.842589541547946406e-03
5.908519043083401093e-04
3.144957239574249636e-03
4.474536898041756722e-03
3.752698792698534475e-03
1.259733612608812062e-03
1.898642775134002855e-03
4.359794601786384782e-03
5.316515491826206453e-03
4.363521222326359125e-03
1.683434903238328678e-03
2.798617724003445075e-03
5.917245280370102799e-03
6.496374809352487012e-03
4.080618629514794725e-03
3.104673150838151065e-03
6.158808108655666053e-03
6.599197072750116917e-03
3.998649285060142979e-03
4.794501609476743871e-03
7.996308132012425879e-03
7.560903610919411308e-03
3.317039990520835851e-03
4.493717788391245020e-03
8.804586508178165877e-03
9.205633677807125922e-03
6.081560613789120835e-03
3.174034057516459534e-03
3.470106470721087688e-03
2.544103357853951149e-03
2.042075362085220714e-03
4.074210833523135913e-03
4.146104376248509193e-03
1.989803387178741816e-03
6.482159581979741450e-04
1.489704307706390431e-03
1.334172709268172845e-03
3.198882669043917604e-03
4.252407376289599888e-03
3.047256778011959467e-03
1.037559670906338261e-03
2.583671465533419163e-03
3.134711650622324774e-03
2.221702654502444741e-03
1.298027293873614454e-03
5.016010522435171946e-04
1.000414440626638726e-03
2.254023095628035402e-03
2.228133254424006799e-03
1.631372938501731915e-03
2.347069420507982840e-03
2.488066650795459338e-03
2.032464107905925400e-03
2.816710323589401415e-03
2.726424395604194230e-03
5.493494028752960324e-04
2.532827344637962781e-03
3.888236737214735648e-03
2.096098884799756697e-03
2.343687980641609696e-03
6.445406473400764648e-03
7.976071638012604062e-03
6.230379129936425633e-03
2.614321035453817145e-03
1.539696598381218610e-03
3.622253356400231567e-03
4.130827371427430589e-03
2.914268356537601766e-03
1.431507628443323254e-03
2.988665881767531111e-03
3.405340780669607274e-03
1.922137762890128434e-03
3.348752421754052667e-03
5.398966381716904447e-03
4.686409487636892558e-03
1.347787861849106652e-03
2.679876967432060983e-03
5.267410250207513710e-03
5.318456002838900173e-03
2.866687838951184706e-03
2.359882912430470801e-03
7.155256670932202620e-03
1.024948162653374281e-02
9.627199994837963223e-03
6.023716720375707143e-03
5.223302457056971243e-03
7.892806186794741607e-03
8.080560480451753555e-03
5.539187024068836437e-03
2.358696401993735578e-03
3.209491158992200128e-03
6.133051662824991548e-03
7.123147914993108870e-03
5.083263423448529036e-03
4.801025880950834414e-03
9.097235088785255580e-03
1.066730706926685007e-02
7.479600189547058048e-03
1.515382710293125329e-03
3.911612917147396298e-03
5.425990220946383044e-03
3.326019543122712974e-03
1.934166518005297260e-03
3.954343190669867836e-03
4.512388228448355708e-03
4.107464096620732155e-03
3.312435075821477861e-03
2.212230712381013913e-03
3.066023297522273497e-03
4.388780603916018000e-03
3.997596021917181573e-03
2.359201352911269658e-03
2.178045643000220324e-03
2.980585557438997311e-03
3.009378771017986488e-03
3.130934276455455030e-03
3.663052649105919597e-03
3.659793448386320421e-03
2.795991884785251416e-03
1.672329438102558748e-03
1.372387934174331510e-03
1.495687149987234973e-03
1.358577792023659466e-03
1.158657120319989435e-03
8.073505481865990603e-04
8.946243567943078625e-04
1.310115276947611046e-03
1.706680127070422676e-03
3.814299008786476916e-03
6.288966030195020963e-03
7.025953454275648928e-03
5.695862998720216223e-03
5.405495873273406457e-03
6.981300271672683661e-03
6.260494797751026824e-03
2.213724157612722166e-03
3.350507721755660411e-03
6.518174094180055091e-03
5.528888806500220805e-03
1.154754398087527592e-03
3.591798583174269071e-03
5.545190076874317864e-03
3.931159357686134226e-03
2.791307642276211632e-03
5.304508419407680773e-03
5.941424814661519505e-03
4.542931127702569058e-03
3.380260956151278327e-03
2.719104152762354381e-03
3.889579302889439871e-03
8.180574564505717697e-03
1.159639379207061567e-02
1.157996750079287596e-02
8.033738888370330761e-03
4.185031508499366393e-03
5.048402571995082820e-03
5.377296111218936997e-03
2.690995337729792762e-03
2.504005790502106601e-03
5.239712497829628751e-03
4.908052096961064599e-03
2.545399181157444353e-03
4.895523276024488571e-03
7.702573274423263512e-03
7.577967100905676733e-03
4.999609884484799115e-03
2.181707279535593635e-03
8.736770383872003234e-04
7.183623585368033868e-04
2.988562085532171786e-03
4.392711856927947536e-03
3.760633977800533888e-03
1.670103453559851391e-03
1.560166050001292369e-03
2.110217872779039747e-03
9.092993443866877017e-04
1.830341133916673843e-03
4.032442417648461619e-03
5.801414531390353124e-03
7.536141613947282443e-03
8.664450980031773372e-03
7.911250075473942947e-03
5.035626149542121385e-03
2.666262324822758507e-03
5.144441507065215802e-03
7.250172936303696074e-03
7.361208350289600438e-03
6.022200933847804763e-03
4.526650275887350409e-03
3.775802218044835637e-03
3.038732039751844763e-03
1.404452977578529889e-03
1.202057396618142491e-03
3.278545509788686422e-03
4.119259528327309100e-03
3.385181230808974925e-03
1.877217676556643643e-03
1.118226746750920590e-03
8.087104870057448954e-04
2.366334833494593975e-03
5.199439160770358108e-03
7.083029139829236966e-03
6.655583611289724207e-03
4.050651100190725239e-03
2.161853466495945210e-03
3.778019105530168020e-03
4.122457480924151575e-03
2.990129786603366001e-03
3.052496705023468888e-03
4.006969569204024174e-03
3.700796184534661110e-03
2.250096803035952445e-03
1.410470367137733449e-03
2.846129095699865327e-03
4.638460813481822334e-03
5.620452035971310739e-03
4.851158429425437429e-03
2.406405689659818319e-03
2.567679345336202137e-03
5.412373845877986415e-03
6.765672069627181977e-03
6.452845599520583807e-03
5.545448301144018273e-03
4.924939682952925689e-03
4.622013634983494074e-03
5.074770347615854653e-03
6.191272746932489218e-03
6.560916879104463674e-03
5.225163714545665375e-03
2.336031489896733121e-03
1.180895592941121281e-03
4.165434302939416585e-03
5.765397723199560363e-03
5.616443584552597776e-03
4.010981851575289719e-03
2.382739056418915584e-03
3.201172151353307450e-03
4.289599411358150510e-03
3.926550973678077407e-03
3.234422349500457039e-03
5.248072785549926650e-03
7.813450105732137885e-03
8.376792414500436670e-03
6.304763342457593220e-03
2.661886602530096155e-03
1.302995651617134534e-03
2.839727785077192715e-03
2.774596567982450836e-03
2.239732398210013929e-03
2.702862211976566828e-03
4.226668376542395619e-03
5.529564299826094341e-03
5.010405505504657991e-03
2.551150670932049360e-03
3.574839416955963908e-03
6.237713931850832373e-03
5.865140696735258487e-03
2.324081276512962677e-03
2.439993982634886763e-03
5.394517379335724873e-03
5.488899867900132179e-03
4.502500810724855730e-03
5.254890051039883166e-03
5.657070026238136817e-03
4.295694258632603256e-03
3.910550197044608545e-03
5.871013302996466038e-03
6.894212829158002931e-03
6.039013974221433753e-03
3.833586463848591853e-03
9.998709685285352925e-04
1.931272913526676550e-03
4.312994018421687469e-03
5.396299682736837786e-03
4.831273063066428460e-03
3.266413459440324456e-03
2.520326136254919056e-03
2.783363254753789748e-03
2.310509532827010465e-03
1.721270775006773389e-03
2.500382178587776724e-03
3.091954334500958673e-03
3.116647842484444788e-03
3.429352469360374012e-03
4.110438536845320047e-03
4.687045614856611732e-03
4.886819717508266055e-03
4.550774481122911962e-03
4.535566842004949695e-03
5.702592105197078730e-03
6.545978445167131496e-03
6.005010181095198595e-03
5.139446726122049412e-03
5.085643546600360394e-03
4.376340631852025827e-03
2.279780413388120958e-03
2.124390542211734151e-03
3.638568303276305555e-03
3.452894178627065585e-03
2.070974127726242942e-03
9.689802483347394191e-04
4.402903006032238189e-04
1.374352178206474009e-03
2.114317249571445647e-03
2.171394595720016387e-03
3.666181906231697450e-03
5.554661360443203730e-03
5.520854292888343305e-03
3.641198027428351261e-03
3.789209460790023305e-03
5.329025769453396219e-03
4.504898230624963806e-03
2.067647630748848699e-03
3.143525481995328944e-03
3.867890920422023017e-03
1.758951133171959055e-03
2.917487444048779809e-03
6.410245926442844494e-03
7.916360928249618553e-03
7.869835789298278150e-03
7.625274721605919577e-03
6.823030709696597390e-03
4.496624777479155989e-03
1.761724995449439560e-03
3.142038829812488464e-03
4.915462134262367500e-03
5.526671470510561429e-03
4.897826739280548326e-03
2.750246478664231109e-03
1.323783851974517879e-03
3.947907289689410112e-03
4.728920384567275766e-03
2.973032853108354377e-03
6.874383645618707770e-04
2.539860508064548453e-03
3.154656880950487945e-03
4.055821306992844592e-03
5.972951305724063034e-03
6.507763802098883582e-03
4.515598017787061762e-03
1.351578047126380903e-03
4.240112431529947934e-03
7.193974566926356236e-03
7.701403036104244489e-03
5.209671661188718279e-03
7.785951282821552792e-04
4.919296253940367951e-03
7.805467292705017303e-03
6.896594240314966526e-03
3.001246360613924087e-03
3.228454695576741997e-03
6.058229732256075264e-03
5.812454983509267835e-03
3.372959085405918041e-03
2.682282719485302308e-03
3.892773012162785949e-03
3.776886225218715337e-03
2.905722790708982570e-03
2.671599550400569067e-03
3.004798460991443734e-03
3.045509725984831342e-03
2.269371101036659569e-03
1.422165071709168959e-03
2.670447759325865478e-03
3.539101182674810834e-03
2.795636534053835224e-03
1.276367286462228327e-03
1.333260503644291160e-03
1.019418814193374196e-03
2.175815504674706753e-03
5.223660426985879575e-03
7.212006598064428682e-03
7.007253307692479748e-03
5.347494736211219971e-03
4.860156612089690589e-03
6.041016365531681927e-03
6.365989642123436737e-03
4.752220276472368145e-03
2.408232126695630717e-03
4.742271949729408992e-03
7.555878197918823071e-03
7.440683475493248093e-03
4.066079717097587261e-03
1.227329821480068741e-03
4.572516630882902770e-03
4.682154767302301561e-03
1.410319566785946241e-03
3.182005744067008864e-03
6.350248515375945223e-03
6.636943959384604061e-03
4.701500402344444170e-03
3.347362349855417200e-03
4.650819810863689174e-03
6.540569794785354267e-03
7.971296990383095957e-03
8.224889684978304097e-03
6.913737801556039085e-03
4.577656449788683989e-03
2.588970844891174718e-03
2.196735568055106867e-03
2.168204673281710296e-03
1.504291129901660874e-03
6.391171491683836185e-04
5.544449681222273158e-04
4.590882650965624518e-04
1.898536572760340551e-04
3.655896898831267937e-04
2.493784041021952520e-04
8.799060166051789981e-04
1.081494747758560918e-03
1.259080750419226636e-03
3.512832683840524592e-03
5.689553079910852212e-03
5.804796866180861499e-03
3.347908014574317147e-03
3.132000144721376611e-03
6.882923745326210464e-03
8.503926276677183094e-03
7.077800439591305608e-03
3.953677117714738190e-03
1.723295799525641561e-03
1.448619633216208583e-03
1.319658951110984271e-03
2.428758753401564271e-03
3.088639691127746407e-03
2.483799563031736761e-03
2.139265978922089660e-03
3.310261719998905221e-03
4.013798821453897804e-03
3.661305116008211832e-03
2.936750470575572557e-03
2.638447159579971994e-03
2.682780845261217850e-03
2.985645942693422768e-03
3.375066295836351427e-03
3.080561343293361076e-03
1.796409203297618436e-03
1.227260179345234176e-03
2.319981403301564927e-03
2.239468534932341579e-03
1.204449120835026027e-03
2.677270645548901051e-03
4.501995877583288980e-03
4.976720357626483564e-03
4.105468148788450448e-03
2.719789578996096094e-03
1.733454191281426186e-03
1.377379569058301972e-03
1.138657780526754724e-03
4.993302599834896841e-04
1.825901960324059423e-03
4.439210710272769277e-03
6.805371194321716000e-03
7.785343609259136322e-03
6.875317012120355648e-03
4.710579289342967449e-03
3.304974867582035312e-03
3.832331337582648052e-03
4.212872717863231850e-03
3.881053121237387944e-03
3.416825327617002608e-03
2.964317328574737898e-03
3.254953556627075261e-03
5.464275239488071076e-03
8.109941669369078246e-03
9.477595756395108123e-03
8.702406280672319791e-03
5.923329350108999698e-03
2.094577660731078168e-03
1.571752326147159888e-03
4.018788202328051583e-03
4.819999648448439200e-03
4.105977047866329194e-03
2.691641684174949593e-03
2.266892739789824404e-03
2.897294251727374967e-03
3.015523263310880900e-03
2.720480812652360282e-03
2.987285447751068974e-03
3.981954658900644338e-03
5.182604560672440276e-03
5.929317737036631300e-03
5.544154241015927624e-03
4.479646435281243663e-03
5.274345182733949228e-03
7.690761875202380138e-03
9.139548612075009543e-03
8.649796199748070041e-03
6.544188187930075409e-03
3.817451234759688169e-03
2.460297617685956381e-03
3.756239876661356981e-03
4.687024790408135348e-03
4.154866072601947138e-03
2.544324141570414397e-03
1.816003459306777786e-03
3.122000812685486824e-03
4.052990217403218930e-03
4.080265840905844543e-03
4.334514360150551124e-03
5.788335347865651570e-03
6.533290239568847156e-03
4.674405043399621103e-03
9.582610771664551571e-04
4.910767872133531969e-03
7.380572528661497565e-03
5.783393891078235025e-03
1.336465463582257440e-03
4.721929458672520681e-03
7.399437550674467859e-03
6.563051396971579174e-03
4.200901032524180338e-03
3.481209730722801578e-03
3.288907825254761864e-03
3.998900818671189544e-03
6.093689860554101292e-03
6.571253950191456757e-03
4.745485054443481648e-03
3.142315061864971604e-03
3.457118395371844548e-03
2.650190903064147084e-03
1.767245102732575021e-03
3.389261457089237737e-03
3.797067754319123113e-03
2.214842172976014007e-03
1.161978105081068339e-03
4.179371482702250867e-03
6.759276172284471237e-03
7.526449849272325368e-03
5.767279518918273090e-03
2.869418752275945412e-03
3.383017659808461221e-03
3.941022843025547562e-03
1.898355264489069542e-03
3.052467699251021783e-03
5.863541543786449789e-03
5.982485150118886132e-03
3.600006080789766583e-03
7.693603562051461826e-04
8.130738696812021479e-04
1.380319301341885766e-03
3.514161339730511539e-03
5.238438395538658025e-03
5.024245637285516125e-03
3.392394664377908989e-03
4.720352911261013404e-03
8.238919984798909885e-03
1.020679611829740374e-02
9.391149752038743456e-03
6.490678827096534216e-03
3.965044070651123007e-03
3.473180890259431469e-03
2.699851512432043920e-03
1.537681681856910938e-03
2.228152859591559561e-03
2.579085689027192565e-03
1.912557469329143316e-03
1.651948309069565385e-03
2.817532737846217914e-03
4.044652791654741036e-03
3.952875492062766193e-03
1.851197000545656357e-03
2.405617512606348079e-03
5.439293226611846901e-03
5.851027222530816654e-03
3.022901228049663502e-03
1.729737730460010475e-03
5.196918854997081838e-03
6.001958081167144132e-03
5.377656936612434935e-03
6.756500987253170193e-03
8.363817257821705778e-03
7.413495267888709460e-03
4.406084097901462326e-03
3.643931883514249168e-03
5.067988428517864255e-03
4.331479537435154598e-03
3.710881157269385090e-03
7.516981165631257678e-03
1.111042039532349895e-02
1.194262285039819627e-02
9.830473074140515938e-03
6.249588197720297965e-03
3.833446123051247479e-03
3.972053824585590476e-03
3.962646109863111887e-03
2.941753711985375681e-03
2.672658173325694574e-03
3.911726423993104433e-03
4.441916836026421449e-03
3.442359971155585507e-03
1.496363588318182919e-03
4.167494241538648126e-04
8.625956758620949858e-04
1.920001580829567124e-03
3.838854670378134132e-03
4.688334219013768657e-03
3.272556675200270510e-03
2.915660671391839083e-04
3.936986417146431938e-03
6.120438828768099034e-03
6.019656470032687216e-03
5.469873677794312092e-03
6.597491454286892425e-03
7.242779477478705416e-03
5.565726369665325267e-03
2.174519085021581546e-03
1.251962914790670208e-03
2.636791976220367005e-03
1.850605411375517810e-03
7.373520166548064780e-04
2.756683886180961301e-03
4.026341979585481429e-03
3.901401065778359410e-03
2.286570411806431759e-03
4.659765371870968329e-04
3.420490216673417044e-03
5.427854941707619188e-03
5.816704970005353616e-03
4.838013355401540178e-03
3.407708039738545532e-03
2.366130257025630956e-03
1.912101060666855472e-03
1.707198538397192112e-03
1.472776603579686525e-03
1.676077893920596175e-03
2.658263821295725558e-03
4.051575995370657393e-03
5.565450454902266461e-03
6.447843519778327127e-03
5.725279685248345699e-03
3.174609062671576807e-03
6.327293791354870632e-04
2.982470746854024891e-03
3.746152373447999510e-03
3.700369613126654276e-03
4.772785247123337293e-03
5.543848339514376340e-03
4.562539346288008689e-03
2.985336087180542192e-03
3.268643486826489607e-03
3.417273491555337852e-03
2.503023457279602258e-03
3.454723135860280746e-03
5.389125816285049789e-03
6.229967687510225283e-03
5.939534312974571392e-03
4.776502191706024497e-03
2.565996092073832575e-03
5.441659835763559870e-04
3.436214618142897480e-03
5.068004299064862370e-03
5.004003374450126211e-03
3.673290832161040225e-03
1.915064833346610427e-03
1.300483824544672188e-03
1.959913832557993226e-03
1.635371217226620636e-03
4.290048042214935188e-04
1.831601349601971913e-03
2.555871495312897392e-03
1.685549363672584179e-03
1.452147105011095075e-03
2.990346585960216175e-03
3.001790337804747556e-03
1.109718516206016506e-03
2.054891742485185843e-03
4.016832492323985093e-03
4.005344858922999657e-03
2.959770595404710800e-03
3.962807714265334860e-03
5.252820443716089971e-03
4.651546065283946110e-03
3.561529782368255594e-03
5.437023991894052166e-03
7.492908979413728451e-03
7.360860724653278675e-03
5.374899939005527670e-03
3.913668619042699401e-03
4.289473871644965651e-03
4.856933152636480622e-03
6.330515918562740728e-03
8.409214171794890738e-03
8.874308410088021723e-03
7.142106933274161573e-03
5.723882812100408203e-03
6.331783777708241238e-03
5.621866018307833217e-03
2.399773134254608309e-03
1.476225224192316467e-03
3.035060475778067132e-03
1.657801303991647155e-03
3.443388016624095247e-03
6.031908442580138224e-03
5.598387048331636244e-03
5.181369204229094479e-03
9.061394538901623372e-03
1.176201382775560536e-02
1.045662607449433790e-02
6.154776485463009893e-03
2.676597603982846987e-03
3.569095493228197861e-03
3.896971503693197336e-03
2.916811976649467519e-03
1.294534778694389097e-03
9.476150978047041817e-04
2.322530466822477976e-03
2.296179559126619325e-03
1.057053189319954100e-03
2.191608425387137678e-03
3.561652019422734475e-03
3.493471855030198282e-03
2.898823900724688870e-03
3.578537513350964726e-03
5.129743344348285973e-03
7.508289468708962723e-03
1.029591093224650582e-02
1.121329467901012282e-02
8.290980331904141201e-03
2.131567462429238141e-03
4.754306114539781115e-03
7.599182450737181418e-03
5.057488236649572075e-03
2.226618253285913597e-03
7.434525999753245455e-03
9.020418937088965985e-03
6.582683862310857899e-03
3.682351697720591746e-03
2.798926611241902770e-03
2.692812615341759908e-03
3.971380533371963832e-03
2.796176909518889933e-03
2.939820359651696986e-03
9.125053892781126094e-03
1.200345899831864807e-02
9.531514313319859252e-03
5.231740511150644729e-03
4.673314120451091402e-03
3.108408800665867378e-03
5.792347343287307208e-03
1.041451295025034446e-02
9.410736373048501219e-03
2.791612209406562142e-03
5.112842343898029232e-03
7.251972049168293327e-03
2.420578079775683074e-03
5.527898355802189634e-03
1.012045950345750144e-02
8.080627434377795834e-03
1.777031346399225590e-03
4.163883568291851245e-03
5.657694958798163698e-03
5.229318206409422701e-03
4.818409169704157037e-03
2.865396903718654686e-03
6.011633405065569362e-03
8.893176647525469908e-03
7.009520056267976376e-03
6.153446306804462827e-03
8.623506384302096622e-03
6.572317565585623737e-03
6.327561815468135502e-03
1.048823671411529095e-02
8.487981656627270263e-03
6.910142194805467958e-03
1.271646547555700321e-02
1.112245641167580561e-02
4.078716074083194032e-03
1.140262286851304215e-02
1.170069334289582964e-02
2.269994912493510878e-03
8.976544135732964294e-03
6.891307204164363528e-03
1.418806072551898577e-02
3.293449129833274369e-02
3.351597567279558654e-02
1.016363162806849414e-02
1.609906949028119469e-02
1.268466521112619587e-02
7.984053671970971211e-02
2.232975315501372071e-01
3.857469839015751911e-01
5.064414597230404436e-01
5.498802513133533854e-01
5.281577817564473420e-01
4.835545948188371135e-01
4.509742810095234700e-01
4.507415582320984937e-01
4.797043624308454657e-01
4.841266023204538471e-01
4.037482115293333229e-01
2.338796834313461859e-01
6.088749693032420585e-02
1.585042436142711508e-01
2.187414219137567284e-01
1.793574588889345345e-01
8.230406430806493090e-02
1.967458052304866048e-02
8.099176395423816899e-02
1.018787664051563624e-01
9.070871824940886230e-02
6.054202798316184880e-02
2.841212277350452578e-02
2.139137977908214805e-02
2.331886980453384481e-02
1.807577969456749395e-02
2.598791348778786009e-02
3.761638597470216144e-02
4.252152917681159550e-02
4.366498888643917387e-02
4.494817983955969737e-02
4.520582271852868761e-02
3.856366314973624226e-02
2.139939343931687374e-02
1.796859917186459724e-02
4.165768877597796072e-02
5.702932325779798417e-02
6.252064106027124812e-02
6.814215088145100796e-02
7.531830727788518809e-02
7.527640692770508346e-02
6.523737976668768368e-02
5.097410841461901682e-02
3.899932947285424112e-02
2.978650068367973830e-02
1.983132387635347729e-02
8.182404787589699080e-03
4.842328382123330284e-03
8.347539669846457122e-03
4.165532202014797687e-03
1.079178951074043387e-02
2.155211591063474486e-02
2.474169267449428597e-02
1.996431321984051821e-02
1.514806547231849036e-02
1.598599222304047593e-02
1.604604785918160165e-02
1.385801339347678823e-02
1.286254105575205392e-02
1.506920210949746000e-02
1.939160715875336630e-02
2.159798355810382819e-02
1.854606626674933090e-02
1.163215616420706228e-02
5.393686947295177163e-03
2.587716040216876592e-03
5.741774686006004443e-03
1.005050569620050127e-02
1.027031533846238347e-02
6.018727062379321952e-03
5.561901228319535324e-03
8.652101328032979835e-03
6.838873404343396092e-03
1.753295242978788982e-03
6.546777406898751824e-03
9.560612304265416264e-03
8.037837752432963959e-03
4.018131822491628063e-03
3.359985802655167820e-03
5.994806555482083167e-03
7.305784644288883592e-03
7.044042757785681785e-03
5.489169056471364383e-03
3.153851849638473776e-03
1.577886480181062362e-03
3.311421110224283416e-03
5.147942754049024579e-03
5.812299056901337746e-03
4.979155650916965159e-03
2.863763291156204253e-03
1.456105255755326278e-03
3.845713209824464397e-03
5.490339601690826833e-03
4.724329629580765327e-03
1.164712303528440268e-03
4.467649685894099082e-03
9.215329477500394662e-03
1.052284532494996219e-02
7.311022342048614613e-03
1.240349287357811990e-03
4.258337926510326853e-03
6.470418340276683049e-03
6.236300528848439176e-03
6.854481671370352483e-03
6.883454932998287791e-03
3.772026857358881744e-03
1.231234890844437602e-03
4.139411161443255424e-03
2.866610366636563028e-03
3.401526977289276617e-03
8.239395319701680112e-03
9.584625548581981319e-03
6.447919024289433185e-03
1.614953865449711163e-03
2.626374785709025949e-03
3.745236842916484753e-03
5.494067681457113009e-03
7.415785402615699719e-03
6.804520861404319935e-03
3.769135503777506103e-03
5.777313206777980655e-04
1.038093321038318674e-03
2.178007216875667198e-03
3.488204041781605910e-03
3.532182495934789359e-03
3.095069860909529635e-03
3.936058129413951868e-03
3.866542890502755458e-03
2.094165216215145443e-03
1.852409948288354265e-03
2.247270632583553678e-03
4.997587915731468685e-04
2.879889501102788230e-03
4.797867472386523925e-03
4.245903190828975542e-03
2.761357775879241371e-03
3.620918403390484958e-03
4.241418346369849740e-03
3.252758866818551524e-03
1.826265201234626495e-03
1.221478206792399194e-03
1.475255543940699309e-03
2.094072692436296877e-03
2.124657574217438637e-03
1.469240786775182460e-03
9.582121262272585245e-04
1.467170075225411683e-03
2.811321863182658903e-03
3.757023145704680052e-03
3.212610709128566056e-03
1.354073049717337144e-03
1.436249176725755894e-03
2.510354120272458023e-03
3.043811201501179890e-03
4.384556835391941777e-03
5.531685762564469630e-03
5.147279881582590179e-03
3.417901138396761164e-03
2.226499713896072305e-03
3.448736201425571090e-03
4.912278309681120982e-03
5.651868223042138574e-03
6.014977806792401460e-03
6.618023051140250676e-03
6.723711063857064005e-03
5.035790116504910811e-03
1.687875341985766667e-03
3.460214115640927041e-03
6.690152184217037015e-03
7.595764069919997384e-03
5.929415834910965397e-03
2.911017886516332250e-03
2.886871071707772154e-03
5.063493393761930687e-03
5.666386798205826775e-03
4.507000993021982940e-03
2.849980406314648815e-03
4.026979222427038568e-03
6.634384310321695538e-03
7.836036202582418939e-03
6.609968312687417545e-03
3.457514158420840322e-03
1.110706530817042164e-03
2.702175934661950937e-03
2.934338511674196379e-03
2.766669285185375127e-03
3.853093143574121918e-03
5.138066373216764078e-03
5.758517025095355804e-03
5.455960844980265595e-03
4.788556539580099587e-03
5.394343623316001472e-03
6.574054426339107429e-03
6.077887150253920116e-03
3.234741296403225493e-03
1.322011945704963448e-03
5.046497643876278298e-03
6.980875247872404994e-03
6.423403359486655126e-03
3.816695879024875615e-03
4.823493543736662886e-04
3.180703939976196708e-03
5.493584762677955653e-03
6.625205393353456908e-03
6.828677374748311386e-03
6.234117303360960441e-03
4.680765871634676688e-03
2.214567510157772114e-03
7.922210967398125208e-04
2.583189844082559548e-03
2.722061466018181088e-03
1.138443701882733191e-03
1.122643382648056895e-03
2.387168691990254870e-03
1.860977199333434511e-03
5.600026277667296409e-04
2.100871117565986275e-03
2.590187061862967311e-03
1.465080284432659181e-03
8.616968681469446435e-04
2.988629056638026759e-03
4.627811411912693094e-03
4.875201130926807604e-03
2.997588224250394544e-03
8.259739128070665067e-04
4.273799243427319969e-03
5.746511030491781129e-03
4.824553889094351615e-03
3.807017511023037468e-03
3.547551835166342683e-03
3.017502615993434244e-03
7.020514541391196899e-03
1.181984035838711672e-02
1.301581227562887029e-02
9.352384201663623345e-03
2.780627086385289905e-03
3.090000683945685975e-03
5.416920403883282269e-03
4.078495874580764270e-03
1.901592884149786930e-03
2.887876045737416183e-03
3.519337469135475679e-03
3.156251715750677152e-03
2.621159704550039479e-03
2.503585489216639433e-03
3.366411974908447517e-03
4.323586400167530978e-03
4.323564503122805797e-03
2.963038975816319545e-03
8.600591033976720838e-04
3.314645904393340777e-03
5.726061305437865276e-03
6.052493415885605403e-03
4.270120300712345295e-03
2.525626210780266938e-03
3.784761808536791540e-03
5.793364724354189109e-03
7.507570716479665396e-03
8.066725972397671349e-03
6.673986288517353045e-03
3.809463242860409212e-03
9.153441253199497401e-04
1.129916377862189578e-03
2.344354330033266657e-03
2.516471963210465540e-03
2.560797526530277785e-03
5.766610625452773913e-03
9.139473106019048096e-03
9.562920626085553988e-03
6.224299804125778962e-03
1.452585610539363151e-03
3.548967958622894266e-03
3.830786505318135512e-03
9.419891943674728102e-04
4.281715927721154412e-03
7.230858778545546338e-03
7.200306847169166483e-03
4.925047652319397389e-03
2.315975224164803104e-03
5.860359031898790564e-04
7.924812624051206806e-04
1.899675838566789550e-03
2.124909215231117129e-03
1.086175676861303105e-03
1.007747764432926057e-03
3.275007317320522207e-03
5.055711328108653153e-03
5.958917817810124515e-03
6.404776673208797781e-03
7.003401519782399658e-03
7.329198396772954212e-03
6.670898009879120717e-03
5.270092027107395848e-03
4.092199343016799350e-03
3.827065575068268766e-03
4.222877808336293615e-03
4.225068644387573909e-03
3.221399155050351255e-03
2.727448818488297910e-03
3.858051934843605667e-03
4.261622769838380176e-03
4.018649023162925576e-03
4.617231504388165202e-03
4.816539705017604082e-03
3.694486096091515685e-03
3.573227090012807972e-03
4.416056989327919735e-03
3.480037241885992633e-03
2.871116560993097842e-03
5.091821572729118318e-03
5.578694394669870063e-03
3.823961444786301393e-03
4.308892510248581165e-03
5.983442963973692810e-03
4.702350612772597527e-03
1.217291535226883549e-03
4.178379903137308289e-03
6.455663076541250274e-03
6.164679499669532478e-03
4.709182834023571684e-03
3.080490254206011674e-03
1.105882778097237555e-03
3.122026941698338633e-03
5.213093880123194183e-03
5.014209193429682368e-03
3.068081757493361286e-03
2.495273769295726189e-03
3.795896041468304911e-03
4.566964089224397581e-03
4.481520755092270082e-03
2.918773629325455837e-03
3.243308587897305792e-04
3.926442861969277678e-03
6.144851624241594833e-03
6.027722515484047923e-03
4.396911624326978012e-03
3.357254038218059847e-03
3.988666228597251458e-03
5.252496059308380850e-03
5.902628794069050139e-03
4.863852588517908991e-03
2.636005919793419239e-03
3.042916161650242347e-03
4.495619257235015584e-03
4.148191642074208763e-03
3.049289721691017443e-03
3.482405506523402697e-03
4.286748426536256783e-03
4.280450663775566510e-03
3.706922243921609121e-03
2.809817598652984000e-03
1.799833359930353566e-03
1.338184240357061803e-03
1.621323112503323099e-03
2.208665100457518019e-03
3.159380062117745670e-03
4.490121924822934943e-03
5.648830504198939194e-03
5.640527173800363205e-03
3.973007405005898364e-03
1.537816405195205523e-03
1.600942681496269086e-03
1.985618782934163874e-03
9.380368154204737127e-04
6.990213876914507483e-04
2.341079516298740556e-03
4.507620907844294041e-03
6.149365060121973758e-03
5.489970039087519946e-03
2.343781647735213632e-03
2.482266900435862057e-03
4.339111754136538469e-03
2.893287130848990526e-03
3.392106225918490713e-03
7.247045745508457620e-03
8.680437993199788954e-03
8.253151064216026830e-03
8.620966752354145002e-03
8.133227376749995602e-03
4.555462586427437566e-03
3.933796611736541451e-03
7.930028806339358555e-03
7.996704788945395437e-03
4.179226178174929966e-03
3.134631021734104236e-03
5.154176411811720905e-03
4.398192337677363922e-03
4.482951460175095722e-03
5.718941358540957295e-03
3.890875394019792724e-03
1.627998548620932179e-03
6.398391376628782649e-03
8.471820880286041675e-03
6.684109185229910981e-03
2.804398554130468554e-03
1.708651533709244818e-03
2.839557774661706242e-03
2.422662790382677615e-03
2.212732322563538620e-03
2.848838574811692406e-03
3.299685789730204526e-03
3.440751576922123928e-03
3.391750514642665523e-03
2.840667727138424838e-03
1.252918234482285152e-03
1.773075528294415417e-03
4.251760462029443612e-03
5.059999566316249892e-03
3.995472978682503007e-03
4.024392757439266589e-03
5.670458132483974061e-03
5.422002877449758236e-03
2.630059142021739984e-03
1.130529086362067146e-03
3.167498051965594950e-03
2.361411401540141741e-03
8.138243190551549015e-04
4.115341380780731390e-03
5.786402513605098941e-03
5.072947938661693038e-03
2.715475125034406186e-03
1.605795226517286838e-03
3.604163278507487109e-03
4.655415836638285981e-03
3.889701749954679703e-03
1.606770537089927207e-03
1.877420460728257065e-03
3.733262457847005313e-03
3.754111382679047385e-03
2.262773723451423375e-03
7.584832573828983147e-04
8.244874555632096015e-04
2.738406931546045250e-03
5.389789440049028331e-03
7.055690165977891899e-03
6.745456817598655813e-03
5.013750171454969123e-03
3.314662341841212358e-03
1.974297290399982564e-03
3.668546914281640807e-04
1.334345588335272229e-03
1.839423807812411984e-03
2.165216569501850381e-03
3.690042514259358770e-03
4.516233746993147599e-03
3.476719344807246200e-03
1.527516930163554934e-03
2.298225206795830554e-03
3.665521459060858914e-03
4.474242976913601032e-03
4.652588199616843057e-03
3.407435223565835006e-03
1.067392398334000023e-03
3.170849753311093949e-03
5.336513633050091708e-03
5.536668236340126954e-03
3.855031354151777865e-03
1.028530062582852685e-03
2.174690955536424681e-03
4.343684168885647220e-03
4.604646303937609889e-03
2.939780738551949976e-03
8.479694863804057440e-04
1.455473878568297420e-03
1.464511232336692574e-03
9.463007661232054196e-04
1.459894491909843797e-03
2.892301215390982727e-03
5.034343674635508199e-03
6.383092714971617433e-03
6.012160885549141728e-03
5.309808436526576234e-03
5.900641795357538383e-03
5.879048475809930084e-03
4.150086015040294410e-03
2.003316193420386256e-03
3.227196331836069032e-04
2.178438219350311341e-03
4.897708567369662286e-03
5.489050879518644205e-03
2.678005057552419656e-03
2.814801220580318789e-03
6.752484508663992441e-03
6.736993984892500169e-03
2.356042802755226040e-03
4.052115942998825091e-03
8.287986968141229302e-03
8.259037741503711186e-03
5.156705112407543486e-03
4.448272814483595662e-03
5.605659702045883049e-03
3.990298867635613290e-03
2.174161863586165661e-03
4.810287455500205159e-03
5.407362719171339427e-03
3.178789957272026411e-03
3.230137409682415708e-03
5.793167671818083043e-03
5.892624750228175542e-03
3.489700389345276599e-03
5.542038286400168120e-04
9.005851941604373729e-04
1.177725739715933598e-03
3.229360610715657429e-03
4.859703861485961500e-03
4.602446184421475975e-03
3.467295110169840711e-03
4.099843550305667071e-03
5.030284910234037767e-03
4.492876099593934476e-03
3.037555367888810504e-03
2.332996400225547523e-03
2.773690291703233279e-03
3.311643209850834157e-03
3.887452927158504927e-03
4.351456847899132924e-03
3.999570946479640357e-03
2.677065637441836468e-03
2.517891237784394571e-03
3.828452104867919453e-03
3.782402008219870777e-03
2.233222269328791892e-03
1.821525020593245479e-03
2.857239606058073218e-03
3.983635879051246852e-03
5.839959936262532382e-03
6.809302698551954712e-03
5.575516783222299495e-03
3.756155894532045830e-03
4.570914606309267256e-03
5.117767993767784705e-03
4.353964330889662990e-03
5.181923993275363606e-03
6.525700205713369680e-03
5.756056706609342932e-03
3.778754255888546517e-03
4.283742737179238765e-03
5.326776560500018007e-03
4.167424173900726586e-03
1.369150041386066417e-03
2.899887304365188299e-03
5.121790468823868812e-03
5.112276741712909640e-03
2.862635571537207844e-03
5.253123381946937136e-04
3.066535994678687080e-03
3.588386383511262944e-03
2.137651990497741513e-03
1.862706570161792993e-03
3.375215305710540636e-03
3.299617589370297706e-03
2.032901722972304571e-03
3.035694684691522035e-03
4.723747871404494932e-03
4.725627939639673834e-03
3.019108265813823591e-03
1.659593139773807551e-03
2.828226754604742498e-03
3.356497424465566815e-03
2.802354138105906875e-03
2.163632830300159758e-03
2.491820325200365827e-03
3.651501462960880275e-03
4.561165712412055401e-03
4.262185620457436229e-03
2.920898748421807932e-03
2.448798060668412862e-03
3.012739307903023345e-03
2.808899384840564048e-03
2.600792952841254457e-03
3.134437584749835692e-03
3.038455942123945500e-03
2.177378186064248856e-03
2.109685710706785122e-03
2.452987689228477465e-03
1.798781131370494725e-03
6.509472783774699744e-04
2.032281182814166948e-03
3.524531074114092052e-03
4.454345543841748724e-03
4.982959864813578735e-03
5.080482824410985539e-03
4.219845305935172874e-03
2.357704365172562291e-03
2.311029731889697753e-03
4.280536609403022552e-03
5.499522498222152514e-03
6.630935243884257535e-03
8.404414473681977998e-03
9.907331032969741644e-03
1.034640684339913075e-02
9.564020619887717012e-03
7.326078697012398944e-03
3.702476180234685801e-03
4.016069278070051509e-04
2.630703079671556106e-03
3.086144088284985092e-03
3.570430408870077857e-03
4.969747256720206778e-03
5.501268032090973238e-03
5.005641744406657753e-03
4.214564229607576512e-03
3.014805222316403310e-03
2.688042406591602262e-03
4.117250016472909224e-03
4.503065955679520435e-03
4.052485428249958700e-03
4.682767479459708920e-03
4.862951752988756322e-03
4.148456545626266409e-03
5.552833628349454140e-03
6.824667334159691644e-03
4.879290503218115284e-03
2.422492040863154380e-04
4.213411585547482269e-03
5.776651126417326094e-03
4.147135420318902657e-03
1.636567593477758270e-03
9.895381611670485498e-04
3.262721312381138428e-03
6.970744350648544994e-03
8.996225047754291895e-03
7.576047358848745673e-03
4.069588323102495998e-03
3.345133286698487134e-03
3.922700144121793811e-03
2.712736892876980565e-03
3.123329703360173265e-03
4.433483560985371219e-03
4.487314137407332100e-03
4.443370313466618420e-03
4.234756397907778018e-03
2.764967397376254417e-03
1.882865959219974777e-03
2.530690526108026871e-03
1.341734287506766684e-03
2.319327944214028079e-03
5.298117671470815339e-03
6.224058366387444016e-03
5.000710864336257305e-03
4.040340067192504936e-03
4.640096782185888780e-03
4.644387252796891748e-03
3.778928798569176906e-03
3.068459156517082658e-03
2.527688247436566185e-03
1.785939232644382767e-03
1.102257538742118775e-03
1.129386660503177344e-03
3.168507625635409025e-03
5.715918457555819142e-03
7.230210543668441799e-03
6.661323341031985014e-03
4.043867673613084184e-03
6.214517500857602919e-04
2.666669507303489565e-03
4.785015238495389338e-03
6.434907061584877082e-03
7.575415466265654832e-03
7.315347908969069973e-03
5.246874307513567023e-03
2.105938418507754834e-03
3.226557873836776065e-03
6.878994503440938497e-03
8.642859252006983989e-03
6.790068198096179015e-03
1.444390624861884281e-03
5.741110324015360339e-03
1.051755552234893629e-02
1.075509683122545697e-02
6.709149045364539571e-03
1.208815639122805914e-03
3.208509615606881457e-03
4.836542016277687629e-03
5.212250230379293636e-03
5.107553142721969579e-03
4.109709649910931947e-03
4.183847896738319104e-03
6.060512705668102615e-03
6.946586427029746887e-03
6.423170659686506558e-03
5.623397346073673655e-03
4.751924282602792114e-03
3.214772642283039109e-03
1.217421297568898990e-03
1.398098048485441102e-03
3.369316890525731519e-03
4.543651952148734102e-03
4.603874719394738212e-03
5.182819446209650793e-03
6.999184453043759066e-03
7.902690335082642598e-03
6.794960202552277097e-03
4.122636989436560297e-03
6.221413785128023649e-04
3.687445010081529060e-03
6.908942963654786558e-03
7.296566408668396855e-03
4.338137353226910117e-03
2.486226045291855570e-03
5.063853263057635674e-03
4.695456258825657717e-03
4.174351656973644513e-03
7.855368047597051026e-03
9.656728587479119011e-03
7.458139377184042594e-03
3.726279489417234914e-03
3.573087508248448934e-03
3.519035408345986583e-03
2.656759922638432525e-03
4.774685523206583827e-03
6.550687623286171289e-03
7.002609849768327670e-03
6.714309483353846433e-03
5.204544519836115310e-03
2.742720870606896611e-03
2.841361132461615174e-03
3.607104451661689252e-03
3.421460932478592471e-03
4.991689315247039953e-03
6.276955363076237339e-03
5.031925155143172207e-03
2.059388012050694747e-03
7.121372724346123608e-04
1.005830896625697609e-03
2.829479315037824582e-03
5.427723967052306038e-03
6.204615740688575708e-03
4.743791693030660443e-03
2.493441083288140594e-03
9.722026490733061974e-04
1.504193291351998323e-03
3.347681156794094989e-03
4.357879539891805140e-03
4.128496054483676847e-03
3.616014813186197059e-03
3.208341440532423011e-03
3.127880854215319556e-03
4.144835677071194609e-03
4.281418082839719835e-03
2.091056454236352516e-03
1.585053918369566488e-03
4.161732369407354984e-03
4.278691336793732924e-03
3.827641678521379823e-03
5.172308461377199927e-03
4.938268862822350891e-03
2.330551613000885879e-03
4.434617422155328996e-03
7.027342664839905141e-03
5.792114020394844784e-03
1.370633081238922281e-03
3.274182328198728658e-03
5.118219196144111610e-03
3.255620525621326280e-03
8.909353729745743281e-04
4.361842419422367820e-03
5.689142987506542147e-03
5.008884565114659834e-03
4.094305268999015243e-03
4.646214398381023555e-03
6.048607957784646848e-03
6.852706677767669320e-03
6.350676632997670316e-03
5.358560596473988316e-03
5.610485938465684629e-03
6.284397209239294020e-03
5.562399287620456954e-03
3.442598470745782038e-03
2.919554074338557865e-03
5.042296389919338935e-03
6.089091101654993919e-03
5.242880038635204520e-03
3.534553943091087603e-03
2.878675233690511630e-03
2.819771764458946662e-03
2.054364889987744889e-03
1.233327325551712749e-03
1.609760975263310658e-03
3.568586443240171890e-03
6.104742534818029080e-03
7.543510067002200462e-03
6.820848725101471069e-03
4.335551042295155214e-03
1.601751796824927654e-03
3.713363711154969455e-04
2.120012083889286688e-03
4.293127522068536719e-03
5.880319300316846215e-03
6.229888173777769350e-03
5.744106475537223006e-03
4.919641703536255066e-03
3.531230052575135871e-03
1.637449744929086104e-03
1.158549785385679922e-03
2.030310912924707199e-03
2.058213169859915773e-03
1.086053661501361518e-03
9.892885479285634751e-04
3.710884536975443074e-03
5.668262305149037415e-03
5.280186147301225118e-03
2.157787504582099614e-03
2.784661248992366996e-03
6.603066371316301808e-03
7.915533491435155361e-03
6.960582503720895604e-03
5.712620468765316345e-03
4.718931310372005868e-03
2.690958868936063966e-03
2.461112171635510167e-03
4.750114181204925790e-03
4.748872939240275301e-03
2.040833494027171312e-03
1.581290716130806517e-03
3.783597197766085281e-03
3.836989567316032544e-03
3.958248026715728736e-03
5.020731075475745077e-03
4.381951012892175423e-03
1.501055420552793382e-03
1.775910141309836781e-03
3.041290411918879961e-03
1.536534402514653543e-03
2.851757274351362711e-03
5.447844832492755585e-03
5.199163939012419605e-03
2.668842109953379563e-03
3.739111921768413591e-03
5.637687125007196168e-03
5.017279889078489138e-03
5.202543995553883700e-03
8.057275825851280618e-03
9.098066552389587336e-03
6.545589134336434432e-03
1.675823506850537131e-03
2.684780008993626049e-03
3.979195721640082367e-03
2.211764187532885232e-03
3.714706865384185663e-03
6.526837824241011991e-03
6.147904900469055266e-03
2.848346884493204237e-03
3.746448625831013193e-03
6.829745413085110302e-03
7.346966637168095109e-03
6.513553246106720124e-03
5.940804095127237734e-03
4.253147510069353598e-03
1.121020921972033790e-03
4.394939720338175010e-03
6.755988217083852727e-03
5.748747431839093362e-03
2.360247885688352299e-03
1.740907980725264108e-03
2.957074988547874709e-03
2.347035838211069484e-03
3.729706773141196197e-03
5.984876584544865721e-03
6.238028279531977055e-03
4.227546837254625434e-03
4.044549147974459656e-03
7.910288984620530636e-03
1.056859862222285333e-02
9.970945751486201547e-03
6.320616974334175228e-03
2.098127229753480108e-03
3.996672091956567953e-03
6.320659584271805589e-03
7.351791557457397833e-03
7.973840067829947656e-03
8.337387361449793630e-03
7.868858549432011448e-03
6.190109908181871783e-03
4.033876589735568147e-03
3.726130048629182085e-03
4.469867099830114425e-03
3.865967981929859139e-03
2.311094288840442965e-03
2.015772003811902059e-03
3.795160033362453538e-03
6.436502296886977004e-03
8.076671495142210763e-03
6.815547048244635642e-03
2.992816962552570341e-03
4.416918313021192012e-03
7.960301205364242461e-03
8.339731331089774921e-03
6.046321960851619957e-03
3.331467704279538616e-03
2.655084767920579385e-03
4.483809519913862021e-03
6.231609446966469845e-03
5.907780999803881675e-03
3.362651065768767957e-03
2.065947348993465472e-03
3.435343270803613465e-03
2.841629608010331782e-03
1.221690816336332402e-03
1.651459228870286958e-03
1.720152909678695401e-03
3.309591712596332384e-03
5.323761431268081781e-03
4.885586644836940710e-03
1.919126897941926275e-03
4.434665857765932896e-03
8.105831753701454520e-03
8.721927458958543891e-03
6.143706669826581868e-03
1.936835854373176189e-03
2.480808524640850873e-03
5.179398022249440126e-03
6.174060029648370876e-03
5.842097310343932932e-03
5.180015566109261518e-03
4.851664388918655417e-03
4.360910261382744402e-03
3.344875429581535466e-03
2.399744643400100654e-03
2.496130843948388221e-03
4.040631266343115355e-03
6.198177074500430157e-03
7.602318571973252885e-03
7.330503359126903928e-03
5.687798165359030274e-03
4.553628477226173178e-03
5.291592257703379813e-03
6.082913191708994721e-03
5.767674743584383715e-03
4.666543574375113870e-03
3.646799353755327162e-03
3.024614564284819947e-03
2.331739479595813357e-03
1.382691996669559078e-03
1.226632003897375764e-03
3.177135198718674964e-03
5.708617718473724990e-03
7.488524380570326863e-03
7.355663709798928099e-03
5.127314137425522354e-03
1.993123333432974664e-03
6.245825898296775494e-04
4.403928624923121159e-04
2.201277685772205697e-03
5.191894637209984280e-03
6.691159094174678815e-03
5.625742071678922762e-03
3.205528178322731171e-03
3.430421142503341497e-03
4.475822037407922206e-03
3.493814037261074902e-03
1.347884458816089003e-03
1.635584879469139047e-03
2.148415707240656971e-03
1.607165958548524868e-03
1.780473570536829668e-03
2.454588480915875434e-03
3.044693534306077039e-03
3.716582509452759017e-03
3.542845876799044589e-03
1.870747495072258874e-03
1.714728386098262084e-03
3.972120020447169123e-03
4.527887393014420891e-03
3.323289369515792634e-03
3.687767233545732881e-03
5.966236711480152333e-03
6.610579788819892326e-03
4.567025505095720188e-03
6.920645330680179428e-04
3.409732312555165731e-03
5.506195542183455437e-03
4.813489241383489374e-03
2.233287609636642849e-03
2.844512897837288452e-03
4.785701151633400992e-03
4.435302175717946611e-03
2.085001032072966633e-03
5.721807644370114536e-04
1.525540716561940352e-03
2.803341520878219130e-04
3.472431930803344773e-03
6.830750333265600029e-03
8.502949340859908972e-03
8.102796499294717333e-03
6.675886028699378610e-03
5.541264481746043837e-03
4.947134475498674022e-03
4.861438650949889521e-03
5.406206298522831660e-03
5.947112409209777233e-03
5.963524902816058453e-03
5.778517987950412826e-03
6.030414299768872485e-03
6.347846702602356374e-03
5.503564482127972814e-03
2.998455035087201938e-03
1.460508138873523260e-03
3.697302702505505991e-03
3.987389958772056577e-03
2.193365794338998729e-03
2.079568654813006724e-03
3.319569259553168533e-03
2.461577269603383404e-03
5.390365276835230781e-04
2.172275903178121255e-03
2.317052673950567663e-03
1.637814749065520138e-03
3.177555936667380253e-03
3.991260940286253320e-03
3.079465033296088089e-03
2.943473487339979405e-03
4.691510376816347520e-03
6.048466588544885308e-03
6.887839089717750357e-03
7.095161520883572388e-03
5.931795238292430182e-03
3.638310819256155172e-03
2.025455855267319430e-03
1.752275389227109280e-03
2.342751456743688565e-03
4.793848322913912482e-03
6.718169284106413272e-03
6.543780545397686992e-03
4.482621160129857292e-03
2.476242520175012032e-03
2.289717549961857879e-03
1.652422954486543801e-03
4.611708148073243182e-04
2.530573985988902441e-03
3.526154606346101894e-03
2.728538640569486747e-03
1.235550794117145062e-03
2.255746420177715851e-03
2.533590321454963403e-03
5.728633383216850733e-04
2.855283073091516473e-03
5.885381030452307635e-03
6.835042380695172809e-03
5.400609689661416309e-03
3.425305960971227956e-03
3.681516554615839494e-03
3.784636851364788206e-03
1.849485470373468362e-03
2.793206026724833185e-03
6.801694860246619220e-03
9.477666601944562813e-03
9.683743290576043994e-03
7.382634301797268497e-03
3.552512714036002491e-03
1.845423855358824684e-03
4.619972243277742537e-03
5.983575490032575807e-03
5.524657044712618682e-03
4.169371944839757489e-03
3.294371193354917512e-03
2.745851376487911267e-03
1.688501483041650970e-03
1.599027733818518798e-03
2.235897398262203743e-03
1.614114746588672438e-03
1.268925365594799617e-03
2.603830521691434096e-03
2.518288189080472670e-03
5.864230116324301327e-04
1.902294946152069790e-03
3.067775450385670614e-03
2.475030975221850348e-03
3.935973591755779523e-03
7.002342460025886249e-03
8.099476775391595967e-03
6.122990300736451397e-03
2.426515760884763364e-03
3.763619897887820250e-03
6.416578958348230673e-03
6.697192963231175626e-03
4.990961349117506961e-03
2.924867680047551956e-03
2.436785563673366135e-03
2.446146938347239924e-03
1.405933555064691962e-03
9.137390020129666172e-04
2.776239223058576608e-03
4.025538842464591524e-03
4.283740293376054643e-03
3.608838384523597054e-03
1.985224322990277162e-03
8.314386130417692486e-04
3.635650453190599450e-03
5.661740350562305922e-03
5.810012473654175592e-03
4.146438981473719691e-03
1.874644922848181083e-03
3.177747721113778688e-04
2.492135820651358857e-03
5.764264188527488605e-03
8.350778071648301548e-03
8.457879945743698377e-03
5.743363671824496669e-03
1.785562199362018300e-03
1.851006897918526300e-03
2.642365449126501866e-03
1.617279352820526813e-03
1.076671761734143608e-03
9.006501754065701464e-04
8.764077945746323811e-04
3.262175026222802112e-03
4.896459601174482298e-03
5.050963783865664546e-03
4.264604932067174274e-03
3.341724878736224320e-03
2.241426669619985684e-03
1.047706513932027822e-03
8.689736451212644493e-04
1.088612153321797185e-03
2.282014306475438088e-03
4.362651064645278222e-03
6.193089378323800819e-03
7.047213472050146456e-03
6.546043937280956494e-03
4.701258915124620005e-03
2.144108233766988444e-03
7.711963475745001401e-04
1.820045494955863357e-03
2.099328657722570549e-03
1.611269807272162988e-03
1.256627870852028038e-03
3.698005773479665602e-03
6.635698371489712026e-03
8.305501871948492432e-03
8.042882879127260035e-03
6.669850565711153874e-03
5.719232577805734123e-03
5.258332943315534302e-03
4.296960919714445937e-03
3.280433314912783917e-03
3.899977857398250706e-03
5.082145375359586013e-03
5.014877844925811658e-03
3.495198146902517636e-03
2.286127953636056618e-03
2.680696841396957523e-03
1.980543213265660747e-03
8.818409594623432884e-04
3.396550753246275166e-03
4.651350804412006899e-03
3.828328917004083544e-03
2.174076699398215604e-03
1.997698510848684543e-03
1.911888718526483146e-03
1.719181056004589385e-03
3.145790572488850034e-03
4.260862525169581243e-03
4.033118289821448557e-03
2.552614309738671268e-03
1.706059528257896632e-03
3.992514617153860093e-03
5.864292238998290892e-03
5.868941544019607923e-03
3.994504727149306329e-03
1.439085806092521612e-03
1.489979572510118956e-03
2.397171717300455168e-03
1.855464970140291480e-03
1.192722180951317958e-03
4.319199913999339883e-03
7.146664662952799917e-03
7.374090416409946266e-03
4.235525513685852936e-03
2.140473172877467058e-03
6.512946355386766382e-03
8.213467243142192481e-03
6.418890710172404403e-03
2.865178558559539242e-03
8.903217138759204159e-04
2.289833165088568916e-03
3.890840476576697387e-03
5.052518361326077331e-03
4.417975984318209606e-03
2.431248136523251040e-03
2.587148998080259551e-03
3.769948121283182244e-03
4.084893941976612194e-03
4.423332262703102633e-03
4.058681538330780741e-03
1.789011571893601559e-03
1.897225938248209374e-03
4.728250595832941827e-03
5.144309242210778031e-03
3.178963485296932776e-03
1.500346053889748841e-03
2.426827434426060120e-03
2.903798270999118948e-03
4.761520041633583722e-03
6.963706960232645196e-03
7.059978190803360698e-03
4.688338000621487464e-03
3.220999497592705752e-03
5.433217941143327068e-03
6.373633749935026481e-03
5.135255323533179442e-03
3.329182735619337988e-03
2.270980048163603448e-03
6.731936875099307034e-04
2.740976403113041648e-03
5.825079294147835797e-03
7.201939583478905033e-03
6.309419356969794140e-03
4.502141658347447173e-03
4.165410843169302206e-03
4.524690293444147936e-03
3.909678105934351333e-03
2.7679825786