1.953125000000000000e-02
1.953125000000000000e-02
2.929687500000000000e-02
2.929687500000000000e-02
2.441406250000000000e-02
1.953125000000000000e-02
2.929687500000000000e-02
1.953125000000000000e-02
1.953125000000000000e-02
1.953125000000000000e-02
1.953125000000000000e-02
2.441406250000000000e-02
2.441406250000000000e-02
1.953125000000000000e-02
2.929687500000000000e-02
2.929687500000000000e-02
1.953125000000000000e-02
1.953125000000000000e-02
1.953125000000000000e-02
2.929687500000000000e-02
2.929687500000000000e-02
2.441406250000000000e-02
2.441406250000000000e-02
1.953125000000000000e-02
1.953125000000000000e-02
2.929687500000000000e-02
1.953125000000000000e-02
2.441406250000000000e-02
1.953125000000000000e-02
2.441406250000000000e-02
1.953125000000000000e-02
2.441406250000000000e-02
2.929687500000000000e-02
2.929687500000000000e-02
1.953125000000000000e-02
2.441406250000000000e-02
1.953125000000000000e-02
2.441406250000000000e-02
2.441406250000000000e-02
1.953125000000000000e-02
1.953125000000000000e-02
2.929687500000000000e-02
1.953125000000000000e-02
1.953125000000000000e-02
1.953125000000000000e-02
2.929687500000000000e-02
2.441406250000000000e-02
2.441406250000000000e-02
1.953125000000000000e-02
2.441406250000000000e-02
1.953125000000000000e-02
2.441406250000000000e-02
2.441406250000000000e-02
1.953125000000000000e-02
1.953125000000000000e-02
2.441406250000000000e-02
1.953125000000000000e-02
2.929687500000000000e-02
1.953125000000000000e-02
1.953125000000000000e-02
1.953125000000000000e-02
2.929687500000000000e-02
2.441406250000000000e-02
1.953125000000000000e-02
2.929687500000000000e-02
2.441406250000000000e-02
2.441406250000000000e-02
1.953125000000000000e-02
2.441406250000000000e-02
2.441406250000000000e-02
1.953125000000000000e-02
1.953125000000000000e-02
1.953125000000000000e-02
1.953125000000000000e-02
1.953125000000000000e-02
1.953125000000000000e-02
1.953125000000000000e-02
2.441406250000000000e-02
1.953125000000000000e-02
2.441406250000000000e-02
3.417968750000000000e-02
1.953125000000000000e-02
1.953125000000000000e-02
2.441406250000000000e-02
2.441406250000000000e-02
1.953125000000000000e-02
2.441406250000000000e-02
1.953125000000000000e-02
2.929687500000000000e-02
1.953125000000000000e-02
2.441406250000000000e-02
2.441406250000000000e-02
2.441406250000000000e-02
1.953125000000000000e-02
1.953125000000000000e-02
1.953125000000000000e-02
2.441406250000000000e-02
1.953125000000000000e-02
3.417968750000000000e-02
2.441406250000000000e-02
1.953125000000000000e-02
2.441406250000000000e-02
2.441406250000000000e-02
1.953125000000000000e-02
2.441406250000000000e-02
2.929687500000000000e-02
2.441406250000000000e-02
2.929687500000000000e-02
1.953125000000000000e-02
1.953125000000000000e-02
1.953125000000000000e-02
1.953125000000000000e-02
1.953125000000000000e-02
1.953125000000000000e-02
2.929687500000000000e-02
3.417968750000000000e-02
2.929687500000000000e-02
1.464843750000000000e-02
2.929687500000000000e-02
2.929687500000000000e-02
3.417968750000000000e-02
2.441406250000000000e-02
1.953125000000000000e-02
1.953125000000000000e-02
1.953125000000000000e-02
1.953125000000000000e-02
1.953125000000000000e-02
1.953125000000000000e-02
2.929687500000000000e-02
1.953125000000000000e-02
2.441406250000000000e-02
1.953125000000000000e-02
2.441406250000000000e-02
1.953125000000000000e-02
2.929687500000000000e-02
2.441406250000000000e-02
2.441406250000000000e-02
3.417968750000000000e-02
2.441406250000000000e-02
1.953125000000000000e-02
2.441406250000000000e-02
2.441406250000000000e-02
2.441406250000000000e-02
1.953125000000000000e-02
1.953125000000000000e-02
1.953125000000000000e-02
2.441406250000000000e-02
2.441406250000000000e-02
1.953125000000000000e-02
1.953125000000000000e-02
1.953125000000000000e-02
1.953125000000000000e-02
1.953125000000000000e-02
1.953125000000000000e-02
1.464843750000000000e-02
1.953125000000000000e-02
1.953125000000000000e-02
2.929687500000000000e-02
1.953125000000000000e-02
2.441406250000000000e-02
1.953125000000000000e-02
9.765625000000000000e-03
2.929687500000000000e-02
2.929687500000000000e-02
2.441406250000000000e-02
9.765625000000000000e-03
9.765625000000000000e-03
2.929687500000000000e-02
3.906250000000000000e-02
2.441406250000000000e-02
4.882812500000000000e-03
1.953125000000000000e-02
4.394531250000000000e-02
3.417968750000000000e-02
1.953125000000000000e-02
1.953125000000000000e-02
3.417968750000000000e-02
5.859375000000000000e-02
2.441406250000000000e-02
4.882812500000000000e-03
1.953125000000000000e-02
5.371093750000000000e-02
3.417968750000000000e-02
9.765625000000000000e-03
1.953125000000000000e-02
4.882812500000000000e-02
2.929687500000000000e-02
1.464843750000000000e-02
4.882812500000000000e-03
3.417968750000000000e-02
4.882812500000000000e-02
1.953125000000000000e-02
1.953125000000000000e-02
2.929687500000000000e-02
3.417968750000000000e-02
2.441406250000000000e-02
2.929687500000000000e-02
1.953125000000000000e-02
2.441406250000000000e-02
4.394531250000000000e-02
4.882812500000000000e-02
2.441406250000000000e-02
-4.882812500000000000e-03
1.953125000000000000e-02
4.394531250000000000e-02
3.906250000000000000e-02
1.953125000000000000e-02
1.953125000000000000e-02
2.441406250000000000e-02
2.929687500000000000e-02
2.929687500000000000e-02
1.953125000000000000e-02
2.441406250000000000e-02
2.441406250000000000e-02
1.953125000000000000e-02
1.953125000000000000e-02
1.953125000000000000e-02
3.906250000000000000e-02
2.929687500000000000e-02
2.441406250000000000e-02
1.953125000000000000e-02
2.441406250000000000e-02
2.441406250000000000e-02
3.906250000000000000e-02
2.929687500000000000e-02
1.953125000000000000e-02
1.953125000000000000e-02
1.953125000000000000e-02
1.953125000000000000e-02
2.441406250000000000e-02
1.953125000000000000e-02
3.417968750000000000e-02
1.953125000000000000e-02
2.441406250000000000e-02
2.441406250000000000e-02
2.929687500000000000e-02
2.929687500000000000e-02
2.929687500000000000e-02
3.417968750000000000e-02
1.953125000000000000e-02
1.953125000000000000e-02
1.953125000000000000e-02
3.417968750000000000e-02
3.417968750000000000e-02
1.464843750000000000e-02
9.765625000000000000e-03
3.906250000000000000e-02
2.929687500000000000e-02
1.953125000000000000e-02
2.929687500000000000e-02
4.882812500000000000e-02
2.441406250000000000e-02
1.953125000000000000e-02
1.953125000000000000e-02
2.929687500000000000e-02
2.441406250000000000e-02
2.929687500000000000e-02
1.953125000000000000e-02
1.953125000000000000e-02
2.929687500000000000e-02
2.441406250000000000e-02
1.953125000000000000e-02
1.953125000000000000e-02
2.929687500000000000e-02
1.953125000000000000e-02
1.953125000000000000e-02
3.906250000000000000e-02
5.371093750000000000e-02
2.441406250000000000e-02
1.953125000000000000e-02
1.953125000000000000e-02
1.953125000000000000e-02
2.929687500000000000e-02
2.685546875000000000e-02
2.929687500000000000e-02
9.765625000000000000e-03
1.953125000000000000e-02
5.371093750000000000e-02
3.906250000000000000e-02
4.882812500000000000e-03
1.953125000000000000e-02
5.371093750000000000e-02
2.929687500000000000e-02
1.953125000000000000e-02
2.929687500000000000e-02
1.953125000000000000e-02
2.441406250000000000e-02
2.441406250000000000e-02
2.929687500000000000e-02
1.953125000000000000e-02
4.882812500000000000e-03
3.906250000000000000e-02
5.859375000000000000e-02
3.417968750000000000e-02
4.882812500000000000e-03
1.953125000000000000e-02
2.441406250000000000e-02
1.953125000000000000e-02
2.929687500000000000e-02
2.441406250000000000e-02
1.464843750000000000e-02
1.953125000000000000e-02
3.417968750000000000e-02
3.417968750000000000e-02
3.417968750000000000e-02
3.417968750000000000e-02
2.929687500000000000e-02
2.929687500000000000e-02
2.441406250000000000e-02
1.953125000000000000e-02
3.906250000000000000e-02
5.371093750000000000e-02
3.906250000000000000e-02
-4.882812500000000000e-03
1.953125000000000000e-02
4.394531250000000000e-02
5.859375000000000000e-02
5.859375000000000000e-02
1.464843750000000000e-02
-1.464843750000000000e-02
1.953125000000000000e-02
7.080078125000000000e-02
4.394531250000000000e-02
1.464843750000000000e-02
1.464843750000000000e-02
4.394531250000000000e-02
4.394531250000000000e-02
3.417968750000000000e-02
1.953125000000000000e-02
2.441406250000000000e-02
4.882812500000000000e-02
5.859375000000000000e-02
2.929687500000000000e-02
1.953125000000000000e-02
1.464843750000000000e-02
2.929687500000000000e-02
2.929687500000000000e-02
2.441406250000000000e-02
1.953125000000000000e-02
4.394531250000000000e-02
3.906250000000000000e-02
-4.882812500000000000e-03
9.765625000000000000e-03
6.103515625000000000e-02
6.591796875000000000e-02
3.417968750000000000e-02
9.765625000000000000e-03
-1.464843750000000000e-02
2.441406250000000000e-02
9.033203125000000000e-02
4.394531250000000000e-02
-4.882812500000000000e-03
-4.882812500000000000e-03
5.126953125000000000e-02
5.859375000000000000e-02
3.417968750000000000e-02
1.953125000000000000e-02
1.464843750000000000e-02
2.929687500000000000e-02
5.859375000000000000e-02
5.859375000000000000e-02
9.765625000000000000e-03
4.882812500000000000e-03
2.929687500000000000e-02
4.882812500000000000e-02
1.953125000000000000e-02
2.441406250000000000e-02
4.394531250000000000e-02
2.929687500000000000e-02
1.953125000000000000e-02
3.906250000000000000e-02
2.441406250000000000e-02
1.464843750000000000e-02
1.953125000000000000e-02
1.953125000000000000e-02
2.929687500000000000e-02
2.441406250000000000e-02
2.441406250000000000e-02
1.464843750000000000e-02
4.394531250000000000e-02
5.371093750000000000e-02
4.394531250000000000e-02
4.882812500000000000e-03
1.464843750000000000e-02
4.394531250000000000e-02
5.859375000000000000e-02
4.882812500000000000e-03
-9.765625000000000000e-03
3.417968750000000000e-02
5.859375000000000000e-02
4.882812500000000000e-02
5.371093750000000000e-02
5.859375000000000000e-02
2.929687500000000000e-02
1.953125000000000000e-02
4.394531250000000000e-02
5.859375000000000000e-02
2.929687500000000000e-02
1.953125000000000000e-02
2.441406250000000000e-02
5.371093750000000000e-02
3.417968750000000000e-02
0.000000000000000000e+00
1.464843750000000000e-02
3.417968750000000000e-02
4.882812500000000000e-02
3.417968750000000000e-02
1.953125000000000000e-02
1.464843750000000000e-02
3.906250000000000000e-02
2.441406250000000000e-02
1.953125000000000000e-02
2.441406250000000000e-02
2.929687500000000000e-02
3.906250000000000000e-02
3.417968750000000000e-02
1.953125000000000000e-02
2.929687500000000000e-02
3.906250000000000000e-02
1.953125000000000000e-02
2.929687500000000000e-02
5.859375000000000000e-02
5.371093750000000000e-02
3.417968750000000000e-02
2.441406250000000000e-02
2.441406250000000000e-02
2.929687500000000000e-02
2.929687500000000000e-02
2.929687500000000000e-02
1.953125000000000000e-02
2.441406250000000000e-02
2.441406250000000000e-02
1.464843750000000000e-02
2.441406250000000000e-02
5.371093750000000000e-02
4.394531250000000000e-02
1.953125000000000000e-02
1.953125000000000000e-02
1.953125000000000000e-02
2.441406250000000000e-02
2.441406250000000000e-02
3.906250000000000000e-02
3.417968750000000000e-02
2.441406250000000000e-02
1.953125000000000000e-02
3.417968750000000000e-02
4.394531250000000000e-02
2.929687500000000000e-02
2.441406250000000000e-02
2.441406250000000000e-02
2.441406250000000000e-02
1.953125000000000000e-02
1.953125000000000000e-02
2.929687500000000000e-02
2.441406250000000000e-02
2.441406250000000000e-02
1.953125000000000000e-02
3.417968750000000000e-02
4.394531250000000000e-02
3.417968750000000000e-02
1.953125000000000000e-02
1.953125000000000000e-02
2.929687500000000000e-02
4.394531250000000000e-02
2.441406250000000000e-02
1.953125000000000000e-02
2.441406250000000000e-02
2.441406250000000000e-02
1.953125000000000000e-02
1.953125000000000000e-02
2.441406250000000000e-02
2.929687500000000000e-02
3.906250000000000000e-02
1.953125000000000000e-02
2.441406250000000000e-02
2.929687500000000000e-02
4.882812500000000000e-02
2.929687500000000000e-02
1.953125000000000000e-02
1.953125000000000000e-02
3.906250000000000000e-02
3.417968750000000000e-02
3.417968750000000000e-02
1.953125000000000000e-02
2.929687500000000000e-02
2.441406250000000000e-02
2.441406250000000000e-02
4.394531250000000000e-02
2.441406250000000000e-02
1.953125000000000000e-02
3.417968750000000000e-02
2.441406250000000000e-02
2.441406250000000000e-02
2.929687500000000000e-02
3.906250000000000000e-02
3.417968750000000000e-02
2.929687500000000000e-02
2.441406250000000000e-02
2.929687500000000000e-02
2.441406250000000000e-02
1.953125000000000000e-02
3.417968750000000000e-02
2.929687500000000000e-02
2.441406250000000000e-02
3.417968750000000000e-02
2.441406250000000000e-02
3.417968750000000000e-02
1.953125000000000000e-02
1.953125000000000000e-02
1.953125000000000000e-02
1.953125000000000000e-02
2.929687500000000000e-02
3.906250000000000000e-02
2.441406250000000000e-02
2.929687500000000000e-02
2.441406250000000000e-02
3.417968750000000000e-02
2.441406250000000000e-02
2.441406250000000000e-02
2.929687500000000000e-02
1.464843750000000000e-02
5.126953125000000000e-02
-7.324218750000000000e-03
5.126953125000000000e-02
2.441406250000000000e-02
4.394531250000000000e-02
2.441406250000000000e-02
2.441406250000000000e-02
1.953125000000000000e-02
1.953125000000000000e-02
1.953125000000000000e-02
2.929687500000000000e-02
3.417968750000000000e-02
2.929687500000000000e-02
3.417968750000000000e-02
1.953125000000000000e-02
2.441406250000000000e-02
1.953125000000000000e-02
2.441406250000000000e-02
2.929687500000000000e-02
2.929687500000000000e-02
3.417968750000000000e-02
2.441406250000000000e-02
1.953125000000000000e-02
2.929687500000000000e-02
1.953125000000000000e-02
2.441406250000000000e-02
2.929687500000000000e-02
3.906250000000000000e-02
2.441406250000000000e-02
1.953125000000000000e-02
2.441406250000000000e-02
2.441406250000000000e-02
4.882812500000000000e-03
5.615234375000000000e-02
2.441406250000000000e-03
4.150390625000000000e-02
3.417968750000000000e-02
2.929687500000000000e-02
3.417968750000000000e-02
1.464843750000000000e-02
3.417968750000000000e-02
3.417968750000000000e-02
2.441406250000000000e-02
2.441406250000000000e-02
2.441406250000000000e-02
2.441406250000000000e-02
3.906250000000000000e-02
1.953125000000000000e-02
2.441406250000000000e-02
2.441406250000000000e-02
2.929687500000000000e-02
3.906250000000000000e-02
1.953125000000000000e-02
3.417968750000000000e-02
2.441406250000000000e-02
2.929687500000000000e-02
2.441406250000000000e-02
2.441406250000000000e-02
2.441406250000000000e-02
2.929687500000000000e-02
2.441406250000000000e-02
2.929687500000000000e-02
1.953125000000000000e-02
1.953125000000000000e-02
3.417968750000000000e-02
3.906250000000000000e-02
2.929687500000000000e-02
2.441406250000000000e-02
1.953125000000000000e-02
2.929687500000000000e-02
2.441406250000000000e-02
2.441406250000000000e-02
2.441406250000000000e-02
1.953125000000000000e-02
1.953125000000000000e-02
3.417968750000000000e-02
2.441406250000000000e-02
2.441406250000000000e-02
2.441406250000000000e-02
2.929687500000000000e-02
1.953125000000000000e-02
1.953125000000000000e-02
3.906250000000000000e-02
2.929687500000000000e-02
2.441406250000000000e-02
2.929687500000000000e-02
2.441406250000000000e-02
2.441406250000000000e-02
1.953125000000000000e-02
2.929687500000000000e-02
2.929687500000000000e-02
2.929687500000000000e-02
3.417968750000000000e-02
2.441406250000000000e-02
2.441406250000000000e-02
1.953125000000000000e-02
2.441406250000000000e-02
2.441406250000000000e-02
2.929687500000000000e-02
1.953125000000000000e-02
2.441406250000000000e-02
2.441406250000000000e-02
2.441406250000000000e-02
2.929687500000000000e-02
2.929687500000000000e-02
2.929687500000000000e-02
2.929687500000000000e-02
1.953125000000000000e-02
2.441406250000000000e-02
3.417968750000000000e-02
2.929687500000000000e-02
2.929687500000000000e-02
2.929687500000000000e-02
1.953125000000000000e-02
2.441406250000000000e-02
2.929687500000000000e-02
2.441406250000000000e-02
1.953125000000000000e-02
2.441406250000000000e-02
2.929687500000000000e-02
2.441406250000000000e-02
2.441406250000000000e-02
1.953125000000000000e-02
2.441406250000000000e-02
2.441406250000000000e-02
1.953125000000000000e-02
2.929687500000000000e-02
2.929687500000000000e-02
2.441406250000000000e-02
1.953125000000000000e-02
2.929687500000000000e-02
2.929687500000000000e-02
2.441406250000000000e-02
4.394531250000000000e-02
3.417968750000000000e-02
2.441406250000000000e-02
1.953125000000000000e-02
1.464843750000000000e-02
1.953125000000000000e-02
1.953125000000000000e-02
2.441406250000000000e-02
1.953125000000000000e-02
2.441406250000000000e-02
2.929687500000000000e-02
1.953125000000000000e-02
2.441406250000000000e-02
2.929687500000000000e-02
3.417968750000000000e-02
2.441406250000000000e-02
2.929687500000000000e-02
3.417968750000000000e-02
2.929687500000000000e-02
1.953125000000000000e-02
2.441406250000000000e-02
2.441406250000000000e-02
1.953125000000000000e-02
2.441406250000000000e-02
2.929687500000000000e-02
3.417968750000000000e-02
1.953125000000000000e-02
1.953125000000000000e-02
3.417968750000000000e-02
2.929687500000000000e-02
2.441406250000000000e-02
2.441406250000000000e-02
2.929687500000000000e-02
2.929687500000000000e-02
3.417968750000000000e-02
3.417968750000000000e-02
1.953125000000000000e-02
2.441406250000000000e-02
3.417968750000000000e-02
2.441406250000000000e-02
2.441406250000000000e-02
2.441406250000000000e-02
5.371093750000000000e-02
2.929687500000000000e-02
2.441406250000000000e-02
3.417968750000000000e-02
4.394531250000000000e-02
1.953125000000000000e-02
1.953125000000000000e-02
3.417968750000000000e-02
3.906250000000000000e-02
1.953125000000000000e-02
2.929687500000000000e-02
2.441406250000000000e-02
2.441406250000000000e-02
2.929687500000000000e-02
1.953125000000000000e-02
3.417968750000000000e-02
3.906250000000000000e-02
3.417968750000000000e-02
2.441406250000000000e-02
2.441406250000000000e-02
2.929687500000000000e-02
2.929687500000000000e-02
2.929687500000000000e-02
1.953125000000000000e-02
2.441406250000000000e-02
2.929687500000000000e-02
2.441406250000000000e-02
2.441406250000000000e-02
1.953125000000000000e-02
2.929687500000000000e-02
2.929687500000000000e-02
2.441406250000000000e-02
2.441406250000000000e-02
3.417968750000000000e-02
2.929687500000000000e-02
1.953125000000000000e-02
2.929687500000000000e-02
2.929687500000000000e-02
2.929687500000000000e-02
2.441406250000000000e-02
1.953125000000000000e-02
2.441406250000000000e-02
3.417968750000000000e-02
2.441406250000000000e-02
1.953125000000000000e-02
2.929687500000000000e-02
2.929687500000000000e-02
2.441406250000000000e-02
1.464843750000000000e-02
3.417968750000000000e-02
1.953125000000000000e-02
2.441406250000000000e-02
1.953125000000000000e-02
2.441406250000000000e-02
2.929687500000000000e-02
2.929687500000000000e-02
2.929687500000000000e-02
2.441406250000000000e-02
1.953125000000000000e-02
2.929687500000000000e-02
2.929687500000000000e-02
2.929687500000000000e-02
3.417968750000000000e-02
3.417968750000000000e-02
1.953125000000000000e-02
2.441406250000000000e-02
2.929687500000000000e-02
1.464843750000000000e-02
1.464843750000000000e-02
2.441406250000000000e-02
2.929687500000000000e-02
1.953125000000000000e-02
1.953125000000000000e-02
2.929687500000000000e-02
3.417968750000000000e-02
1.953125000000000000e-02
2.441406250000000000e-02
2.441406250000000000e-02
1.953125000000000000e-02
2.929687500000000000e-02
3.417968750000000000e-02
3.417968750000000000e-02
2.441406250000000000e-02
2.441406250000000000e-02
3.906250000000000000e-02
2.441406250000000000e-02
2.441406250000000000e-02
3.417968750000000000e-02
3.906250000000000000e-02
2.441406250000000000e-02
9.765625000000000000e-03
2.929687500000000000e-02
2.929687500000000000e-02
1.953125000000000000e-02
2.441406250000000000e-02
3.906250000000000000e-02
2.929687500000000000e-02
1.953125000000000000e-02
1.953125000000000000e-02
2.441406250000000000e-02
1.953125000000000000e-02
1.953125000000000000e-02
2.441406250000000000e-02
1.953125000000000000e-02
3.417968750000000000e-02
1.953125000000000000e-02
2.929687500000000000e-02
2.929687500000000000e-02
2.441406250000000000e-02
2.929687500000000000e-02
2.441406250000000000e-02
1.953125000000000000e-02
3.906250000000000000e-02
2.929687500000000000e-02
3.417968750000000000e-02
2.929687500000000000e-02
2.441406250000000000e-02
2.441406250000000000e-02
3.417968750000000000e-02
1.464843750000000000e-02
2.441406250000000000e-02
4.882812500000000000e-02
3.417968750000000000e-02
1.953125000000000000e-02
1.953125000000000000e-02
2.441406250000000000e-02
2.929687500000000000e-02
2.441406250000000000e-02
1.953125000000000000e-02
2.441406250000000000e-02
4.394531250000000000e-02
3.417968750000000000e-02
1.953125000000000000e-02
1.953125000000000000e-02
2.441406250000000000e-02
2.929687500000000000e-02
3.417968750000000000e-02
2.929687500000000000e-02
3.417968750000000000e-02
2.929687500000000000e-02
2.441406250000000000e-02
2.441406250000000000e-02
3.417968750000000000e-02
5.371093750000000000e-02
2.929687500000000000e-02
1.953125000000000000e-02
2.441406250000000000e-02
1.953125000000000000e-02
2.929687500000000000e-02
2.441406250000000000e-02
3.417968750000000000e-02
3.417968750000000000e-02
3.906250000000000000e-02
2.441406250000000000e-02
1.953125000000000000e-02
1.953125000000000000e-02
1.953125000000000000e-02
2.929687500000000000e-02
2.929687500000000000e-02
2.929687500000000000e-02
2.929687500000000000e-02
4.882812500000000000e-02
2.929687500000000000e-02
1.953125000000000000e-02
2.929687500000000000e-02
1.953125000000000000e-02
2.441406250000000000e-02
3.906250000000000000e-02
3.417968750000000000e-02
2.441406250000000000e-02
1.953125000000000000e-02
4.882812500000000000e-02
3.417968750000000000e-02
2.441406250000000000e-02
2.929687500000000000e-02
5.371093750000000000e-02
2.441406250000000000e-02
2.929687500000000000e-02
4.394531250000000000e-02
3.417968750000000000e-02
2.441406250000000000e-02
2.441406250000000000e-02
2.929687500000000000e-02
2.929687500000000000e-02
3.906250000000000000e-02
2.441406250000000000e-02
2.441406250000000000e-02
3.417968750000000000e-02
3.417968750000000000e-02
2.929687500000000000e-02
3.417968750000000000e-02
2.441406250000000000e-02
1.464843750000000000e-02
1.953125000000000000e-02
3.906250000000000000e-02
4.394531250000000000e-02
2.929687500000000000e-02
1.953125000000000000e-02
2.929687500000000000e-02
1.953125000000000000e-02
1.953125000000000000e-02
2.929687500000000000e-02
1.953125000000000000e-02
3.906250000000000000e-02
4.882812500000000000e-02
3.417968750000000000e-02
3.417968750000000000e-02
4.394531250000000000e-02
1.953125000000000000e-02
1.464843750000000000e-02
3.417968750000000000e-02
3.906250000000000000e-02
2.441406250000000000e-02
9.765625000000000000e-03
9.765625000000000000e-03
3.417968750000000000e-02
3.417968750000000000e-02
2.929687500000000000e-02
2.441406250000000000e-02
1.953125000000000000e-02
1.953125000000000000e-02
4.394531250000000000e-02
3.906250000000000000e-02
2.441406250000000000e-02
1.953125000000000000e-02
2.929687500000000000e-02
2.441406250000000000e-02
2.441406250000000000e-02
4.394531250000000000e-02
2.929687500000000000e-02
1.464843750000000000e-02
1.464843750000000000e-02
3.417968750000000000e-02
3.906250000000000000e-02
2.929687500000000000e-02
2.441406250000000000e-02
2.441406250000000000e-02
2.929687500000000000e-02
2.929687500000000000e-02
2.441406250000000000e-02
1.953125000000000000e-02
2.441406250000000000e-02
3.906250000000000000e-02
2.929687500000000000e-02
2.929687500000000000e-02
3.417968750000000000e-02
2.929687500000000000e-02
2.441406250000000000e-02
1.953125000000000000e-02
9.765625000000000000e-03
3.417968750000000000e-02
3.906250000000000000e-02
2.441406250000000000e-02
2.441406250000000000e-02
2.441406250000000000e-02
3.417968750000000000e-02
2.441406250000000000e-02
1.953125000000000000e-02
4.394531250000000000e-02
3.906250000000000000e-02
1.953125000000000000e-02
-4.882812500000000000e-03
4.882812500000000000e-03
1.953125000000000000e-02
3.906250000000000000e-02
1.953125000000000000e-02
2.441406250000000000e-02
1.953125000000000000e-02
3.906250000000000000e-02
3.417968750000000000e-02
2.929687500000000000e-02
3.906250000000000000e-02
5.371093750000000000e-02
5.859375000000000000e-02
3.906250000000000000e-02
1.953125000000000000e-02
1.464843750000000000e-02
2.441406250000000000e-02
3.417968750000000000e-02
1.953125000000000000e-02
1.953125000000000000e-02
0.000000000000000000e+00
2.441406250000000000e-02
2.441406250000000000e-02
2.929687500000000000e-02
1.953125000000000000e-02
3.417968750000000000e-02
2.929687500000000000e-02
2.929687500000000000e-02
2.441406250000000000e-02
2.929687500000000000e-02
2.441406250000000000e-02
1.953125000000000000e-02
2.441406250000000000e-02
1.953125000000000000e-02
1.953125000000000000e-02
1.953125000000000000e-02
1.953125000000000000e-02
2.441406250000000000e-02
2.929687500000000000e-02
1.953125000000000000e-02
2.929687500000000000e-02
2.441406250000000000e-02
4.882812500000000000e-02
4.882812500000000000e-02
4.394531250000000000e-02
4.882812500000000000e-02
4.394531250000000000e-02
4.394531250000000000e-02
3.906250000000000000e-02
3.906250000000000000e-02
2.441406250000000000e-02
2.441406250000000000e-02
2.929687500000000000e-02
4.394531250000000000e-02
2.441406250000000000e-02
1.953125000000000000e-02
1.953125000000000000e-02
1.953125000000000000e-02
3.906250000000000000e-02
2.929687500000000000e-02
2.441406250000000000e-02
4.882812500000000000e-03
0.000000000000000000e+00
1.464843750000000000e-02
2.441406250000000000e-02
2.441406250000000000e-02
4.394531250000000000e-02
3.417968750000000000e-02
3.906250000000000000e-02
1.953125000000000000e-02
1.953125000000000000e-02
1.953125000000000000e-02
1.953125000000000000e-02
3.906250000000000000e-02
3.906250000000000000e-02
5.371093750000000000e-02
4.882812500000000000e-02
3.417968750000000000e-02
1.953125000000000000e-02
1.953125000000000000e-02
1.953125000000000000e-02
2.441406250000000000e-02
3.417968750000000000e-02
3.906250000000000000e-02
3.417968750000000000e-02
1.953125000000000000e-02
1.953125000000000000e-02
1.464843750000000000e-02
4.394531250000000000e-02
2.929687500000000000e-02
1.953125000000000000e-02
1.464843750000000000e-02
2.929687500000000000e-02
1.464843750000000000e-02
9.765625000000000000e-03
1.464843750000000000e-02
2.441406250000000000e-02
4.882812500000000000e-02
2.441406250000000000e-02
3.417968750000000000e-02
2.929687500000000000e-02
2.441406250000000000e-02
3.906250000000000000e-02
1.953125000000000000e-02
4.394531250000000000e-02
3.906250000000000000e-02
2.441406250000000000e-02
3.906250000000000000e-02
2.441406250000000000e-02
1.953125000000000000e-02
1.953125000000000000e-02
3.906250000000000000e-02
4.882812500000000000e-02
2.441406250000000000e-02
1.953125000000000000e-02
1.464843750000000000e-02
1.464843750000000000e-02
1.953125000000000000e-02
3.906250000000000000e-02
2.929687500000000000e-02
2.441406250000000000e-02
1.953125000000000000e-02
3.906250000000000000e-02
1.953125000000000000e-02
1.464843750000000000e-02
1.464843750000000000e-02
-4.882812500000000000e-03
1.464843750000000000e-02
3.906250000000000000e-02
3.906250000000000000e-02
6.103515625000000000e-02
4.394531250000000000e-02
4.394531250000000000e-02
4.882812500000000000e-02
2.929687500000000000e-02
5.859375000000000000e-02
3.906250000000000000e-02
1.953125000000000000e-02
1.953125000000000000e-02
1.953125000000000000e-02
1.464843750000000000e-02
4.882812500000000000e-03
4.882812500000000000e-03
1.953125000000000000e-02
2.929687500000000000e-02
2.441406250000000000e-02
3.417968750000000000e-02
2.441406250000000000e-02
2.441406250000000000e-02
2.441406250000000000e-02
1.953125000000000000e-02
3.417968750000000000e-02
2.441406250000000000e-02
3.662109375000000000e-02
5.859375000000000000e-02
5.859375000000000000e-02
4.882812500000000000e-02
5.371093750000000000e-02
1.953125000000000000e-02
1.953125000000000000e-02
4.394531250000000000e-02
1.953125000000000000e-02
4.882812500000000000e-02
2.929687500000000000e-02
2.441406250000000000e-02
3.417968750000000000e-02
-4.882812500000000000e-03
3.417968750000000000e-02
3.906250000000000000e-02
2.929687500000000000e-02
1.464843750000000000e-02
1.464843750000000000e-02
2.441406250000000000e-02
2.441406250000000000e-02
1.464843750000000000e-02
2.441406250000000000e-02
5.859375000000000000e-02
2.929687500000000000e-02
3.417968750000000000e-02
4.394531250000000000e-02
2.929687500000000000e-02
3.417968750000000000e-02
9.765625000000000000e-03
9.765625000000000000e-03
4.882812500000000000e-02
4.394531250000000000e-02
4.882812500000000000e-02
4.394531250000000000e-02
3.906250000000000000e-02
4.394531250000000000e-02
1.953125000000000000e-02
1.953125000000000000e-02
3.906250000000000000e-02
3.417968750000000000e-02
1.953125000000000000e-02
1.464843750000000000e-02
1.953125000000000000e-02
4.882812500000000000e-03
-9.765625000000000000e-03
4.394531250000000000e-02
5.859375000000000000e-02
4.150390625000000000e-02
1.953125000000000000e-02
9.765625000000000000e-03
1.953125000000000000e-02
3.906250000000000000e-02
5.615234375000000000e-02
6.103515625000000000e-02
1.953125000000000000e-02
9.765625000000000000e-03
3.906250000000000000e-02
2.929687500000000000e-02
9.765625000000000000e-03
1.464843750000000000e-02
5.859375000000000000e-02
8.544921875000000000e-02
7.568359375000000000e-02
9.765625000000000000e-03
-3.417968750000000000e-02
-3.417968750000000000e-02
2.929687500000000000e-02
6.591796875000000000e-02
8.056640625000000000e-02
-9.765625000000000000e-03
-3.906250000000000000e-02
-1.953125000000000000e-02
2.929687500000000000e-02
8.056640625000000000e-02
6.591796875000000000e-02
9.765625000000000000e-03
-3.417968750000000000e-02
0.000000000000000000e+00
5.615234375000000000e-02
5.859375000000000000e-02
6.591796875000000000e-02
5.859375000000000000e-02
5.126953125000000000e-02
4.882812500000000000e-03
-1.953125000000000000e-02
2.929687500000000000e-02
6.103515625000000000e-02
2.441406250000000000e-02
4.882812500000000000e-03
-3.906250000000000000e-02
2.441406250000000000e-02
8.544921875000000000e-02
7.568359375000000000e-02
0.000000000000000000e+00
-1.464843750000000000e-02
2.441406250000000000e-02
3.417968750000000000e-02
9.765625000000000000e-03
1.464843750000000000e-02
4.882812500000000000e-03
-4.882812500000000000e-03
2.929687500000000000e-02
1.953125000000000000e-02
6.103515625000000000e-02
4.394531250000000000e-02
3.906250000000000000e-02
-2.929687500000000000e-02
1.464843750000000000e-02
4.394531250000000000e-02
-9.765625000000000000e-03
-2.441406250000000000e-02
2.441406250000000000e-02
5.859375000000000000e-02
4.882812500000000000e-03
-3.417968750000000000e-02
9.765625000000000000e-03
5.859375000000000000e-02
3.906250000000000000e-02
-1.464843750000000000e-02
2.685546875000000000e-02
1.245117187500000000e-01
1.342773437500000000e-01
9.521484375000000000e-02
1.953125000000000000e-02
4.150390625000000000e-02
1.147460937500000000e-01
1.245117187500000000e-01
3.417968750000000000e-02
1.953125000000000000e-02
4.882812500000000000e-03
-1.464843750000000000e-02
2.441406250000000000e-02
6.103515625000000000e-02
5.126953125000000000e-02
3.417968750000000000e-02
4.882812500000000000e-03
-2.929687500000000000e-02
1.464843750000000000e-02
1.098632812500000000e-01
1.049804687500000000e-01
3.173828125000000000e-02
-4.882812500000000000e-02
-8.300781250000000000e-02
-5.859375000000000000e-02
2.441406250000000000e-02
1.147460937500000000e-01
1.635742187500000000e-01
1.098632812500000000e-01
-2.441406250000000000e-02
1.708984375000000000e-02
1.196289062500000000e-01
4.638671875000000000e-02
-3.417968750000000000e-02
-5.859375000000000000e-02
4.394531250000000000e-02
1.953125000000000000e-02
-7.812500000000000000e-02
-4.882812500000000000e-02
0.000000000000000000e+00
5.615234375000000000e-02
1.098632812500000000e-01
4.638671875000000000e-02
-1.464843750000000000e-02
1.098632812500000000e-01
1.538085937500000000e-01
9.033203125000000000e-02
6.591796875000000000e-02
-1.953125000000000000e-02
-7.324218750000000000e-02
2.685546875000000000e-02
2.124023437500000000e-01
1.489257812500000000e-01
-4.882812500000000000e-02
-8.789062500000000000e-02
0.000000000000000000e+00
1.049804687500000000e-01
1.342773437500000000e-01
9.033203125000000000e-02
-3.906250000000000000e-02
-9.765625000000000000e-02
-1.171875000000000000e-01
-4.882812500000000000e-02
-5.859375000000000000e-02
-2.929687500000000000e-02
-3.906250000000000000e-02
3.173828125000000000e-02
1.538085937500000000e-01
1.000976562500000000e-01
7.080078125000000000e-02
2.416992187500000000e-01
3.002929687500000000e-01
-1.000976562500000000e-01
-3.417968750000000000e-01
-1.708984375000000000e-02
3.881835937500000000e-01
3.247070312500000000e-01
-2.685546875000000000e-02
-2.001953125000000000e-01
-2.441406250000000000e-03
1.000976562500000000e-01
1.098632812500000000e-01
1.586914062500000000e-01
1.391601562500000000e-01
-6.347656250000000000e-02
-1.708984375000000000e-01
-1.074218750000000000e-01
4.150390625000000000e-02
1.000976562500000000e-01
8.544921875000000000e-02
4.882812500000000000e-03
-5.859375000000000000e-02
3.662109375000000000e-02
1.391601562500000000e-01
5.126953125000000000e-02
-1.367187500000000000e-01
-1.806640625000000000e-01
2.197265625000000000e-02
3.051757812500000000e-01
3.784179687500000000e-01
-6.103515625000000000e-02
-3.857421875000000000e-01
-1.611328125000000000e-01
1.928710937500000000e-01
2.368164062500000000e-01
-7.324218750000000000e-03
1.196289062500000000e-01
2.075195312500000000e-01
-1.464843750000000000e-01
-4.638671875000000000e-01
-1.782226562500000000e-01
1.586914062500000000e-01
2.514648437500000000e-01
-1.098632812500000000e-01
-9.765625000000000000e-02
-3.662109375000000000e-02
1.977539062500000000e-01
2.075195312500000000e-01
1.220703125000000000e-02
-9.765625000000000000e-02
2.441406250000000000e-03
1.538085937500000000e-01
5.126953125000000000e-02
-1.562500000000000000e-01
-9.277343750000000000e-02
5.615234375000000000e-02
2.563476562500000000e-01
1.977539062500000000e-01
-1.220703125000000000e-01
-4.052734375000000000e-01
-1.000976562500000000e-01
1.782226562500000000e-01
1.196289062500000000e-01
2.319335937500000000e-01
2.465820312500000000e-01
-1.049804687500000000e-01
-3.369140625000000000e-01
3.173828125000000000e-02
3.833007812500000000e-01
3.491210937500000000e-01
-1.586914062500000000e-01
-5.517578125000000000e-01
-4.150390625000000000e-02
7.885742187500000000e-01
3.051757812500000000e-01
-2.734375000000000000e-01
-1.586914062500000000e-01
2.514648437500000000e-01
1.928710937500000000e-01
9.765625000000000000e-03
-9.765625000000000000e-03
-4.882812500000000000e-02
9.521484375000000000e-02
4.809570312500000000e-01
1.879882812500000000e-01
-9.765625000000000000e-02
-1.806640625000000000e-01
-3.857421875000000000e-01
-3.125000000000000000e-01
1.440429687500000000e-01
5.053710937500000000e-01
2.416992187500000000e-01
-4.882812500000000000e-01
-3.857421875000000000e-01
2.709960937500000000e-01
5.737304687500000000e-01
3.686523437500000000e-01
-1.708984375000000000e-02
-3.417968750000000000e-01
-6.445312500000000000e-01
-4.589843750000000000e-01
1.098632812500000000e-01
7.202148437500000000e-01
5.395507812500000000e-01
-1.147460937500000000e-01
-3.320312500000000000e-01
-8.300781250000000000e-02
1.733398437500000000e-01
1.733398437500000000e-01
-1.953125000000000000e-01
-4.492187500000000000e-01
-1.220703125000000000e-02
4.711914062500000000e-01
5.541992187500000000e-01
7.080078125000000000e-02
-3.613281250000000000e-01
-4.003906250000000000e-01
-2.294921875000000000e-01
2.221679687500000000e-01
4.174804687500000000e-01
1.147460937500000000e-01
-2.001953125000000000e-01
9.521484375000000000e-02
3.979492187500000000e-01
3.100585937500000000e-01
-3.662109375000000000e-02
-2.001953125000000000e-01
-4.101562500000000000e-01
-1.855468750000000000e-01
3.149414062500000000e-01
7.153320312500000000e-01
2.807617187500000000e-01
-3.906250000000000000e-01
-6.103515625000000000e-01
-5.615234375000000000e-02
6.079101562500000000e-01
5.932617187500000000e-01
-1.049804687500000000e-01
-6.103515625000000000e-01
-3.466796875000000000e-01
3.735351562500000000e-01
5.639648437500000000e-01
2.905273437500000000e-01
-1.513671875000000000e-01
-3.173828125000000000e-01
-1.074218750000000000e-01
3.417968750000000000e-02
0.000000000000000000e+00
-7.812500000000000000e-02
6.591796875000000000e-02
2.929687500000000000e-02
-8.789062500000000000e-02
-2.685546875000000000e-02
3.149414062500000000e-01
4.809570312500000000e-01
1.538085937500000000e-01
-2.246093750000000000e-01
-4.101562500000000000e-01
-7.568359375000000000e-02
3.588867187500000000e-01
2.758789062500000000e-01
1.440429687500000000e-01
-9.765625000000000000e-03
8.056640625000000000e-02
1.440429687500000000e-01
1.147460937500000000e-01
7.080078125000000000e-02
1.391601562500000000e-01
2.368164062500000000e-01
3.662109375000000000e-02
-9.765625000000000000e-02
-2.099609375000000000e-01
3.173828125000000000e-02
2.124023437500000000e-01
7.568359375000000000e-02
-6.347656250000000000e-02
-4.882812500000000000e-02
-5.371093750000000000e-02
-7.812500000000000000e-02
7.080078125000000000e-02
7.080078125000000000e-02
1.245117187500000000e-01
1.220703125000000000e-02
-6.835937500000000000e-02
-2.929687500000000000e-02
-3.417968750000000000e-02
-1.123046875000000000e-01
-1.953125000000000000e-01
-7.324218750000000000e-02
0.000000000000000000e+00
-5.371093750000000000e-02
-1.074218750000000000e-01
4.638671875000000000e-02
1.000976562500000000e-01
1.928710937500000000e-01
7.568359375000000000e-02
-7.324218750000000000e-02
-6.835937500000000000e-02
6.591796875000000000e-02
1.440429687500000000e-01
-9.277343750000000000e-02
-1.074218750000000000e-01
-4.882812500000000000e-02
-1.464843750000000000e-02
1.220703125000000000e-02
7.080078125000000000e-02
7.080078125000000000e-02
1.147460937500000000e-01
1.782226562500000000e-01
5.126953125000000000e-02
-2.441406250000000000e-02
-2.197265625000000000e-02
2.026367187500000000e-01
1.342773437500000000e-01
-4.394531250000000000e-02
-2.246093750000000000e-01
-8.300781250000000000e-02
3.662109375000000000e-02
1.928710937500000000e-01
2.758789062500000000e-01
6.591796875000000000e-02
-1.953125000000000000e-01
7.568359375000000000e-02
4.638671875000000000e-02
-5.859375000000000000e-02
-1.660156250000000000e-01
-1.220703125000000000e-01
2.685546875000000000e-02
-1.220703125000000000e-01
0.000000000000000000e+00
6.103515625000000000e-02
1.147460937500000000e-01
-4.638671875000000000e-02
-1.757812500000000000e-01
-1.708984375000000000e-01
7.080078125000000000e-02
1.489257812500000000e-01
1.245117187500000000e-01
6.591796875000000000e-02
1.782226562500000000e-01
5.615234375000000000e-02
-7.812500000000000000e-02
-8.789062500000000000e-02
-2.734375000000000000e-01
-1.025390625000000000e-01
3.100585937500000000e-01
3.442382812500000000e-01
1.147460937500000000e-01
-3.173828125000000000e-01
-1.147460937500000000e-01
2.270507812500000000e-01
1.831054687500000000e-01
4.638671875000000000e-02
-2.050781250000000000e-01
-2.343750000000000000e-01
-2.246093750000000000e-01
-7.812500000000000000e-02
9.521484375000000000e-02
1.782226562500000000e-01
1.684570312500000000e-01
2.514648437500000000e-01
2.075195312500000000e-01
1.879882812500000000e-01
1.049804687500000000e-01
-2.050781250000000000e-01
-3.369140625000000000e-01
-1.171875000000000000e-01
-6.835937500000000000e-02
1.391601562500000000e-01
2.465820312500000000e-01
3.833007812500000000e-01
2.709960937500000000e-01
2.807617187500000000e-01
9.033203125000000000e-02
2.685546875000000000e-02
-4.394531250000000000e-02
-5.371093750000000000e-02
-9.765625000000000000e-02
-1.123046875000000000e-01
-1.708984375000000000e-02
1.635742187500000000e-01
-7.324218750000000000e-02
-2.294921875000000000e-01
1.293945312500000000e-01
3.344726562500000000e-01
1.196289062500000000e-01
-4.882812500000000000e-03
-6.835937500000000000e-02
-2.001953125000000000e-01
-4.150390625000000000e-02
1.538085937500000000e-01
-2.929687500000000000e-02
-1.318359375000000000e-01
-1.123046875000000000e-01
-1.464843750000000000e-02
2.929687500000000000e-02
-4.394531250000000000e-02
3.173828125000000000e-02
9.765625000000000000e-03
-4.882812500000000000e-02
-2.685546875000000000e-02
-3.173828125000000000e-02
-7.324218750000000000e-03
2.807617187500000000e-01
1.977539062500000000e-01
-1.123046875000000000e-01
-1.074218750000000000e-01
4.638671875000000000e-02
2.270507812500000000e-01
9.033203125000000000e-02
1.684570312500000000e-01
9.521484375000000000e-02
1.977539062500000000e-01
2.319335937500000000e-01
2.929687500000000000e-02
-1.025390625000000000e-01
-2.441406250000000000e-01
-2.734375000000000000e-01
9.521484375000000000e-02
1.245117187500000000e-01
-1.757812500000000000e-01
-1.367187500000000000e-01
1.684570312500000000e-01
3.930664062500000000e-01
1.733398437500000000e-01
1.245117187500000000e-01
-1.171875000000000000e-01
2.416992187500000000e-01
1.245117187500000000e-01
-2.441406250000000000e-02
9.76562