1.342773437500000000e-01
1.318359375000000000e-01
1.342773437500000000e-01
1.293945312500000000e-01
1.318359375000000000e-01
1.342773437500000000e-01
1.367187500000000000e-01
1.293945312500000000e-01
1.318359375000000000e-01
1.342773437500000000e-01
1.318359375000000000e-01
1.293945312500000000e-01
1.367187500000000000e-01
1.293945312500000000e-01
1.342773437500000000e-01
1.269531250000000000e-01
1.342773437500000000e-01
1.367187500000000000e-01
1.318359375000000000e-01
1.367187500000000000e-01
1.318359375000000000e-01
1.367187500000000000e-01
1.391601562500000000e-01
1.391601562500000000e-01
1.269531250000000000e-01
1.391601562500000000e-01
1.391601562500000000e-01
1.367187500000000000e-01
1.342773437500000000e-01
1.293945312500000000e-01
1.391601562500000000e-01
1.245117187500000000e-01
1.318359375000000000e-01
1.342773437500000000e-01
1.342773437500000000e-01
1.245117187500000000e-01
1.293945312500000000e-01
1.367187500000000000e-01
1.318359375000000000e-01
1.318359375000000000e-01
1.293945312500000000e-01
1.318359375000000000e-01
1.342773437500000000e-01
1.293945312500000000e-01
1.269531250000000000e-01
1.293945312500000000e-01
1.318359375000000000e-01
1.342773437500000000e-01
1.318359375000000000e-01
1.293945312500000000e-01
1.342773437500000000e-01
1.293945312500000000e-01
1.367187500000000000e-01
1.293945312500000000e-01
1.293945312500000000e-01
1.342773437500000000e-01
1.293945312500000000e-01
1.367187500000000000e-01
1.293945312500000000e-01
1.367187500000000000e-01
1.367187500000000000e-01
1.367187500000000000e-01
1.293945312500000000e-01
1.293945312500000000e-01
1.367187500000000000e-01
1.220703125000000000e-01
1.318359375000000000e-01
1.318359375000000000e-01
1.318359375000000000e-01
1.342773437500000000e-01
1.342773437500000000e-01
1.269531250000000000e-01
1.318359375000000000e-01
1.367187500000000000e-01
1.318359375000000000e-01
1.220703125000000000e-01
1.440429687500000000e-01
1.391601562500000000e-01
1.342773437500000000e-01
1.293945312500000000e-01
1.391601562500000000e-01
1.342773437500000000e-01
1.367187500000000000e-01
1.293945312500000000e-01
1.318359375000000000e-01
1.293945312500000000e-01
1.269531250000000000e-01
1.342773437500000000e-01
1.367187500000000000e-01
1.367187500000000000e-01
1.342773437500000000e-01
1.367187500000000000e-01
1.391601562500000000e-01
1.391601562500000000e-01
1.367187500000000000e-01
1.269531250000000000e-01
1.342773437500000000e-01
1.342773437500000000e-01
1.318359375000000000e-01
1.342773437500000000e-01
1.293945312500000000e-01
1.342773437500000000e-01
1.269531250000000000e-01
1.342773437500000000e-01
1.367187500000000000e-01
1.342773437500000000e-01
1.245117187500000000e-01
1.342773437500000000e-01
1.318359375000000000e-01
1.367187500000000000e-01
1.367187500000000000e-01
1.293945312500000000e-01
1.293945312500000000e-01
1.342773437500000000e-01
1.318359375000000000e-01
1.269531250000000000e-01
1.318359375000000000e-01
1.391601562500000000e-01
1.367187500000000000e-01
1.318359375000000000e-01
1.391601562500000000e-01
1.318359375000000000e-01
1.391601562500000000e-01
1.391601562500000000e-01
1.342773437500000000e-01
1.293945312500000000e-01
1.342773437500000000e-01
1.293945312500000000e-01
1.342773437500000000e-01
1.293945312500000000e-01
1.342773437500000000e-01
1.318359375000000000e-01
1.367187500000000000e-01
1.367187500000000000e-01
1.391601562500000000e-01
1.342773437500000000e-01
1.342773437500000000e-01
1.342773437500000000e-01
1.318359375000000000e-01
1.342773437500000000e-01
1.342773437500000000e-01
1.342773437500000000e-01
1.367187500000000000e-01
1.416015625000000000e-01
1.342773437500000000e-01
1.367187500000000000e-01
1.342773437500000000e-01
1.416015625000000000e-01
1.367187500000000000e-01
1.391601562500000000e-01
1.342773437500000000e-01
1.318359375000000000e-01
1.367187500000000000e-01
1.342773437500000000e-01
1.367187500000000000e-01
1.416015625000000000e-01
1.367187500000000000e-01
1.318359375000000000e-01
1.342773437500000000e-01
1.416015625000000000e-01
1.367187500000000000e-01
1.293945312500000000e-01
1.416015625000000000e-01
1.318359375000000000e-01
1.367187500000000000e-01
1.342773437500000000e-01
1.342773437500000000e-01
1.293945312500000000e-01
1.342773437500000000e-01
1.318359375000000000e-01
1.391601562500000000e-01
1.342773437500000000e-01
1.367187500000000000e-01
1.342773437500000000e-01
1.416015625000000000e-01
1.367187500000000000e-01
1.342773437500000000e-01
1.391601562500000000e-01
1.318359375000000000e-01
1.440429687500000000e-01
1.440429687500000000e-01
1.464843750000000000e-01
1.440429687500000000e-01
1.391601562500000000e-01
1.367187500000000000e-01
1.391601562500000000e-01
1.416015625000000000e-01
1.416015625000000000e-01
1.440429687500000000e-01
1.416015625000000000e-01
1.367187500000000000e-01
1.367187500000000000e-01
1.342773437500000000e-01
1.440429687500000000e-01
1.416015625000000000e-01
1.391601562500000000e-01
1.391601562500000000e-01
1.416015625000000000e-01
1.342773437500000000e-01
1.391601562500000000e-01
1.464843750000000000e-01
1.269531250000000000e-01
1.367187500000000000e-01
1.293945312500000000e-01
1.318359375000000000e-01
1.342773437500000000e-01
1.342773437500000000e-01
1.342773437500000000e-01
1.391601562500000000e-01
1.367187500000000000e-01
1.342773437500000000e-01
1.391601562500000000e-01
1.416015625000000000e-01
1.391601562500000000e-01
1.367187500000000000e-01
1.367187500000000000e-01
1.342773437500000000e-01
1.391601562500000000e-01
1.342773437500000000e-01
1.367187500000000000e-01
1.391601562500000000e-01
1.367187500000000000e-01
1.391601562500000000e-01
1.391601562500000000e-01
1.318359375000000000e-01
1.342773437500000000e-01
1.367187500000000000e-01
1.391601562500000000e-01
1.367187500000000000e-01
1.391601562500000000e-01
1.416015625000000000e-01
1.367187500000000000e-01
1.367187500000000000e-01
1.367187500000000000e-01
1.391601562500000000e-01
1.416015625000000000e-01
1.269531250000000000e-01
1.391601562500000000e-01
1.440429687500000000e-01
1.416015625000000000e-01
1.342773437500000000e-01
1.440429687500000000e-01
1.367187500000000000e-01
1.342773437500000000e-01
1.367187500000000000e-01
1.367187500000000000e-01
1.440429687500000000e-01
1.416015625000000000e-01
1.464843750000000000e-01
1.391601562500000000e-01
1.391601562500000000e-01
1.342773437500000000e-01
1.416015625000000000e-01
1.367187500000000000e-01
1.367187500000000000e-01
1.416015625000000000e-01
1.367187500000000000e-01
1.342773437500000000e-01
1.391601562500000000e-01
1.342773437500000000e-01
1.342773437500000000e-01
1.342773437500000000e-01
1.416015625000000000e-01
1.440429687500000000e-01
1.342773437500000000e-01
1.391601562500000000e-01
1.293945312500000000e-01
1.293945312500000000e-01
1.416015625000000000e-01
1.391601562500000000e-01
1.318359375000000000e-01
1.367187500000000000e-01
1.391601562500000000e-01
1.342773437500000000e-01
1.318359375000000000e-01
1.367187500000000000e-01
1.318359375000000000e-01
1.293945312500000000e-01
1.367187500000000000e-01
1.367187500000000000e-01
1.367187500000000000e-01
1.342773437500000000e-01
1.269531250000000000e-01
1.293945312500000000e-01
1.220703125000000000e-01
1.318359375000000000e-01
1.293945312500000000e-01
1.293945312500000000e-01
1.318359375000000000e-01
1.342773437500000000e-01
1.293945312500000000e-01
1.318359375000000000e-01
1.367187500000000000e-01
1.269531250000000000e-01
1.318359375000000000e-01
1.269531250000000000e-01
1.293945312500000000e-01
1.269531250000000000e-01
1.269531250000000000e-01
1.293945312500000000e-01
1.367187500000000000e-01
1.342773437500000000e-01
1.318359375000000000e-01
1.416015625000000000e-01
1.318359375000000000e-01
1.293945312500000000e-01
1.367187500000000000e-01
1.293945312500000000e-01
1.342773437500000000e-01
1.367187500000000000e-01
1.342773437500000000e-01
1.367187500000000000e-01
1.342773437500000000e-01
1.245117187500000000e-01
1.342773437500000000e-01
1.318359375000000000e-01
1.342773437500000000e-01
1.391601562500000000e-01
1.367187500000000000e-01
1.269531250000000000e-01
1.391601562500000000e-01
1.391601562500000000e-01
1.391601562500000000e-01
1.391601562500000000e-01
1.342773437500000000e-01
1.342773437500000000e-01
1.342773437500000000e-01
1.293945312500000000e-01
1.293945312500000000e-01
1.293945312500000000e-01
1.293945312500000000e-01
1.342773437500000000e-01
1.293945312500000000e-01
1.416015625000000000e-01
1.293945312500000000e-01
1.293945312500000000e-01
1.367187500000000000e-01
1.293945312500000000e-01
1.293945312500000000e-01
1.342773437500000000e-01
1.342773437500000000e-01
1.293945312500000000e-01
1.318359375000000000e-01
1.318359375000000000e-01
1.318359375000000000e-01
1.318359375000000000e-01
1.293945312500000000e-01
1.318359375000000000e-01
1.391601562500000000e-01
1.293945312500000000e-01
1.293945312500000000e-01
1.342773437500000000e-01
1.318359375000000000e-01
1.342773437500000000e-01
1.269531250000000000e-01
1.245117187500000000e-01
1.318359375000000000e-01
1.245117187500000000e-01
1.367187500000000000e-01
1.318359375000000000e-01
1.318359375000000000e-01
1.196289062500000000e-01
1.318359375000000000e-01
1.269531250000000000e-01
1.293945312500000000e-01
1.342773437500000000e-01
1.342773437500000000e-01
1.269531250000000000e-01
1.293945312500000000e-01
1.342773437500000000e-01
1.318359375000000000e-01
1.293945312500000000e-01
1.269531250000000000e-01
1.293945312500000000e-01
1.367187500000000000e-01
1.245117187500000000e-01
1.391601562500000000e-01
1.342773437500000000e-01
1.342773437500000000e-01
1.367187500000000000e-01
1.269531250000000000e-01
1.269531250000000000e-01
1.293945312500000000e-01
1.318359375000000000e-01
1.220703125000000000e-01
1.269531250000000000e-01
1.367187500000000000e-01
1.318359375000000000e-01
1.367187500000000000e-01
1.293945312500000000e-01
1.318359375000000000e-01
1.293945312500000000e-01
1.269531250000000000e-01
1.269531250000000000e-01
1.293945312500000000e-01
1.391601562500000000e-01
1.342773437500000000e-01
1.342773437500000000e-01
1.318359375000000000e-01
1.318359375000000000e-01
1.391601562500000000e-01
1.318359375000000000e-01
1.293945312500000000e-01
1.269531250000000000e-01
1.269531250000000000e-01
1.293945312500000000e-01
1.318359375000000000e-01
1.342773437500000000e-01
1.391601562500000000e-01
1.367187500000000000e-01
1.318359375000000000e-01
1.220703125000000000e-01
1.342773437500000000e-01
1.318359375000000000e-01
1.342773437500000000e-01
1.318359375000000000e-01
1.318359375000000000e-01
1.318359375000000000e-01
1.367187500000000000e-01
1.367187500000000000e-01
1.342773437500000000e-01
1.293945312500000000e-01
1.391601562500000000e-01
1.220703125000000000e-01
1.318359375000000000e-01
1.293945312500000000e-01
1.220703125000000000e-01
1.293945312500000000e-01
1.220703125000000000e-01
1.342773437500000000e-01
1.367187500000000000e-01
1.293945312500000000e-01
1.293945312500000000e-01
1.342773437500000000e-01
1.318359375000000000e-01
1.391601562500000000e-01
1.367187500000000000e-01
1.342773437500000000e-01
1.342773437500000000e-01
1.367187500000000000e-01
1.342773437500000000e-01
1.367187500000000000e-01
1.391601562500000000e-01
1.269531250000000000e-01
1.318359375000000000e-01
1.269531250000000000e-01
1.367187500000000000e-01
1.367187500000000000e-01
1.342773437500000000e-01
1.367187500000000000e-01
1.293945312500000000e-01
1.367187500000000000e-01
1.367187500000000000e-01
1.293945312500000000e-01
1.367187500000000000e-01
1.342773437500000000e-01
1.293945312500000000e-01
1.342773437500000000e-01
1.269531250000000000e-01
1.416015625000000000e-01
1.293945312500000000e-01
1.391601562500000000e-01
1.342773437500000000e-01
1.342773437500000000e-01
1.342773437500000000e-01
1.342773437500000000e-01
1.416015625000000000e-01
1.391601562500000000e-01
1.367187500000000000e-01
1.342773437500000000e-01
1.391601562500000000e-01
1.391601562500000000e-01
1.391601562500000000e-01
1.367187500000000000e-01
1.342773437500000000e-01
1.367187500000000000e-01
1.440429687500000000e-01
1.367187500000000000e-01
1.367187500000000000e-01
1.391601562500000000e-01
1.391601562500000000e-01
1.391601562500000000e-01
1.391601562500000000e-01
1.416015625000000000e-01
1.391601562500000000e-01
1.391601562500000000e-01
1.367187500000000000e-01
1.416015625000000000e-01
1.416015625000000000e-01
1.342773437500000000e-01
1.367187500000000000e-01
1.391601562500000000e-01
1.342773437500000000e-01
1.391601562500000000e-01
1.416015625000000000e-01
1.342773437500000000e-01
1.367187500000000000e-01
1.342773437500000000e-01
1.342773437500000000e-01
1.391601562500000000e-01
1.391601562500000000e-01
1.416015625000000000e-01
1.391601562500000000e-01
1.342773437500000000e-01
1.367187500000000000e-01
1.391601562500000000e-01
1.391601562500000000e-01
1.391601562500000000e-01
1.391601562500000000e-01
1.367187500000000000e-01
1.318359375000000000e-01
1.342773437500000000e-01
1.416015625000000000e-01
1.416015625000000000e-01
1.391601562500000000e-01
1.391601562500000000e-01
1.440429687500000000e-01
1.391601562500000000e-01
1.318359375000000000e-01
1.342773437500000000e-01
1.391601562500000000e-01
1.416015625000000000e-01
1.416015625000000000e-01
1.391601562500000000e-01
1.342773437500000000e-01
1.391601562500000000e-01
1.489257812500000000e-01
1.416015625000000000e-01
1.416015625000000000e-01
1.342773437500000000e-01
1.416015625000000000e-01
1.440429687500000000e-01
1.391601562500000000e-01
1.391601562500000000e-01
1.391601562500000000e-01
1.342773437500000000e-01
1.391601562500000000e-01
1.391601562500000000e-01
1.416015625000000000e-01
1.391601562500000000e-01
1.367187500000000000e-01
1.391601562500000000e-01
1.464843750000000000e-01
1.391601562500000000e-01
1.391601562500000000e-01
1.391601562500000000e-01
1.367187500000000000e-01
1.367187500000000000e-01
1.391601562500000000e-01
1.416015625000000000e-01
1.416015625000000000e-01
1.464843750000000000e-01
1.464843750000000000e-01
1.440429687500000000e-01
1.318359375000000000e-01
1.416015625000000000e-01
1.440429687500000000e-01
1.440429687500000000e-01
1.367187500000000000e-01
1.391601562500000000e-01
1.391601562500000000e-01
1.367187500000000000e-01
1.416015625000000000e-01
1.416015625000000000e-01
1.342773437500000000e-01
1.416015625000000000e-01
1.391601562500000000e-01
1.391601562500000000e-01
1.391601562500000000e-01
1.489257812500000000e-01
1.440429687500000000e-01
1.293945312500000000e-01
1.367187500000000000e-01
1.318359375000000000e-01
1.391601562500000000e-01
1.391601562500000000e-01
1.293945312500000000e-01
1.367187500000000000e-01
1.367187500000000000e-01
1.367187500000000000e-01
1.440429687500000000e-01
1.367187500000000000e-01
1.416015625000000000e-01
1.391601562500000000e-01
1.342773437500000000e-01
1.367187500000000000e-01
1.367187500000000000e-01
1.464843750000000000e-01
1.391601562500000000e-01
1.342773437500000000e-01
1.416015625000000000e-01
1.318359375000000000e-01
1.391601562500000000e-01
1.318359375000000000e-01
1.367187500000000000e-01
1.318359375000000000e-01
1.318359375000000000e-01
1.416015625000000000e-01
1.367187500000000000e-01
1.440429687500000000e-01
1.342773437500000000e-01
1.367187500000000000e-01
1.318359375000000000e-01
1.440429687500000000e-01
1.391601562500000000e-01
1.391601562500000000e-01
1.367187500000000000e-01
1.367187500000000000e-01
1.342773437500000000e-01
1.342773437500000000e-01
1.342773437500000000e-01
1.367187500000000000e-01
1.342773437500000000e-01
1.269531250000000000e-01
1.318359375000000000e-01
1.342773437500000000e-01
1.416015625000000000e-01
1.293945312500000000e-01
1.342773437500000000e-01
1.318359375000000000e-01
1.391601562500000000e-01
1.440429687500000000e-01
1.342773437500000000e-01
1.342773437500000000e-01
1.416015625000000000e-01
1.342773437500000000e-01
1.367187500000000000e-01
1.367187500000000000e-01
1.391601562500000000e-01
1.293945312500000000e-01
1.293945312500000000e-01
1.367187500000000000e-01
1.391601562500000000e-01
1.391601562500000000e-01
1.440429687500000000e-01
1.440429687500000000e-01
1.293945312500000000e-01
1.245117187500000000e-01
1.513671875000000000e-01
1.684570312500000000e-01
1.635742187500000000e-01
1.977539062500000000e-01
2.514648437500000000e-01
4.125976562500000000e-01
5.615234375000000000e-01
-7.812500000000000000e-02
-6.372070312500000000e-01
-3.955078125000000000e-01
1.660156250000000000e-01
-1.708984375000000000e-02
2.441406250000000000e-01
8.251953125000000000e-01
7.324218750000000000e-01
6.079101562500000000e-01
-1.123046875000000000e-01
-7.104492187500000000e-01
-1.513671875000000000e-01
7.421875000000000000e-01
3.735351562500000000e-01
-6.152343750000000000e-01
-3.979492187500000000e-01
4.809570312500000000e-01
5.957031250000000000e-01
4.052734375000000000e-01
6.689453125000000000e-01
3.784179687500000000e-01
-3.198242187500000000e-01
-4.077148437500000000e-01
-2.270507812500000000e-01
-2.514648437500000000e-01
1.000976562500000000e-01
5.541992187500000000e-01
1.904296875000000000e-01
-4.003906250000000000e-01
-1.367187500000000000e-01
3.393554687500000000e-01
2.416992187500000000e-01
-1.220703125000000000e-02
5.859375000000000000e-02
1.489257812500000000e-01
1.464843750000000000e-01
2.392578125000000000e-01
3.149414062500000000e-01
1.904296875000000000e-01
3.417968750000000000e-02
7.324218750000000000e-03
8.056640625000000000e-02
1.635742187500000000e-01
2.685546875000000000e-01
2.685546875000000000e-01
1.440429687500000000e-01
2.929687500000000000e-02
6.347656250000000000e-02
1.855468750000000000e-01
2.587890625000000000e-01
2.197265625000000000e-01
1.269531250000000000e-01
9.033203125000000000e-02
1.025390625000000000e-01
1.123046875000000000e-01
1.147460937500000000e-01
1.196289062500000000e-01
1.049804687500000000e-01
9.277343750000000000e-02
8.789062500000000000e-02
8.056640625000000000e-02
1.025390625000000000e-01
1.318359375000000000e-01
1.513671875000000000e-01
1.538085937500000000e-01
1.562500000000000000e-01
1.513671875000000000e-01
1.220703125000000000e-01
1.049804687500000000e-01
1.025390625000000000e-01
9.765625000000000000e-02
1.074218750000000000e-01
1.220703125000000000e-01
1.611328125000000000e-01
1.879882812500000000e-01
1.977539062500000000e-01
1.879882812500000000e-01
1.611328125000000000e-01
1.562500000000000000e-01
1.611328125000000000e-01
1.586914062500000000e-01
1.586914062500000000e-01
1.342773437500000000e-01
1.342773437500000000e-01
1.440429687500000000e-01
1.464843750000000000e-01
1.562500000000000000e-01
1.513671875000000000e-01
1.513671875000000000e-01
1.440429687500000000e-01
1.440429687500000000e-01
1.318359375000000000e-01
1.098632812500000000e-01
1.098632812500000000e-01
1.098632812500000000e-01
1.123046875000000000e-01
1.025390625000000000e-01
1.220703125000000000e-01
1.318359375000000000e-01
1.440429687500000000e-01
1.635742187500000000e-01
1.562500000000000000e-01
1.513671875000000000e-01
1.293945312500000000e-01
1.245117187500000000e-01
1.293945312500000000e-01
1.220703125000000000e-01
1.342773437500000000e-01
1.391601562500000000e-01
1.416015625000000000e-01
1.293945312500000000e-01
1.367187500000000000e-01
1.367187500000000000e-01
1.318359375000000000e-01
1.293945312500000000e-01
1.220703125000000000e-01
1.220703125000000000e-01
1.269531250000000000e-01
1.342773437500000000e-01
1.318359375000000000e-01
1.489257812500000000e-01
1.440429687500000000e-01
1.538085937500000000e-01
1.391601562500000000e-01
1.367187500000000000e-01
1.464843750000000000e-01
1.391601562500000000e-01
1.513671875000000000e-01
1.513671875000000000e-01
1.391601562500000000e-01
1.367187500000000000e-01
1.269531250000000000e-01
1.245117187500000000e-01
1.171875000000000000e-01
1.171875000000000000e-01
1.269531250000000000e-01
1.269531250000000000e-01
1.367187500000000000e-01
1.367187500000000000e-01
1.245117187500000000e-01
1.220703125000000000e-01
1.245117187500000000e-01
1.196289062500000000e-01
1.293945312500000000e-01
1.293945312500000000e-01
1.293945312500000000e-01
1.391601562500000000e-01
1.318359375000000000e-01
1.440429687500000000e-01
1.269531250000000000e-01
1.416015625000000000e-01
1.342773437500000000e-01
1.318359375000000000e-01
1.269531250000000000e-01
1.318359375000000000e-01
1.269531250000000000e-01
1.318359375000000000e-01
1.269531250000000000e-01
1.196289062500000000e-01
1.342773437500000000e-01
1.440429687500000000e-01
1.391601562500000000e-01
1.318359375000000000e-01
1.318359375000000000e-01
1.318359375000000000e-01
1.367187500000000000e-01
1.318359375000000000e-01
1.220703125000000000e-01
1.171875000000000000e-01
1.269531250000000000e-01
1.220703125000000000e-01
1.416015625000000000e-01
1.440429687500000000e-01
1.367187500000000000e-01
1.367187500000000000e-01
1.318359375000000000e-01
1.367187500000000000e-01
1.391601562500000000e-01
1.391601562500000000e-01
1.293945312500000000e-01
1.391601562500000000e-01
1.342773437500000000e-01
1.391601562500000000e-01
1.416015625000000000e-01
1.318359375000000000e-01
1.293945312500000000e-01
1.342773437500000000e-01
1.293945312500000000e-01
1.342773437500000000e-01
1.293945312500000000e-01
1.269531250000000000e-01
1.245117187500000000e-01
1.171875000000000000e-01
1.245117187500000000e-01
1.269531250000000000e-01
1.318359375000000000e-01
1.293945312500000000e-01
1.269531250000000000e-01
1.342773437500000000e-01
1.367187500000000000e-01
1.196289062500000000e-01
1.367187500000000000e-01
1.293945312500000000e-01
1.367187500000000000e-01
1.293945312500000000e-01
1.293945312500000000e-01
1.245117187500000000e-01
1.220703125000000000e-01
1.367187500000000000e-01
1.269531250000000000e-01
1.342773437500000000e-01
1.416015625000000000e-01
1.367187500000000000e-01
1.367187500000000000e-01
1.342773437500000000e-01
1.269531250000000000e-01
1.440429687500000000e-01
1.440429687500000000e-01
1.391601562500000000e-01
1.367187500000000000e-01
1.269531250000000000e-01
1.269531250000000000e-01
1.318359375000000000e-01
1.416015625000000000e-01
1.367187500000000000e-01
1.293945312500000000e-01
1.391601562500000000e-01
1.367187500000000000e-01
1.245117187500000000e-01
1.342773437500000000e-01
1.367187500000000000e-01
1.367187500000000000e-01
1.342773437500000000e-01
1.440429687500000000e-01
1.367187500000000000e-01
1.269531250000000000e-01
1.293945312500000000e-01
1.342773437500000000e-01
1.342773437500000000e-01
1.342773437500000000e-01
1.220703125000000000e-01
1.318359375000000000e-01
1.367187500000000000e-01
1.269531250000000000e-01
1.293945312500000000e-01
1.318359375000000000e-01
1.318359375000000000e-01
1.318359375000000000e-01
1.245117187500000000e-01
1.367187500000000000e-01
1.342773437500000000e-01
1.245117187500000000e-01
1.416015625000000000e-01
1.464843750000000000e-01
1.269531250000000000e-01
1.342773437500000000e-01
1.489257812500000000e-01
1.342773437500000000e-01
1.318359375000000000e-01
1.318359375000000000e-01
1.416015625000000000e-01
1.220703125000000000e-01
1.098632812500000000e-01
1.318359375000000000e-01
1.318359375000000000e-01
1.342773437500000000e-01
1.318359375000000000e-01
1.416015625000000000e-01
1.293945312500000000e-01
1.367187500000000000e-01
1.342773437500000000e-01
1.318359375000000000e-01
1.318359375000000000e-01
1.342773437500000000e-01
1.391601562500000000e-01
1.367187500000000000e-01
1.342773437500000000e-01
1.220703125000000000e-01
1.245117187500000000e-01
1.367187500000000000e-01
1.391601562500000000e-01
1.440429687500000000e-01
1.367187500000000000e-01
1.318359375000000000e-01
1.220703125000000000e-01
1.269531250000000000e-01
1.342773437500000000e-01
1.293945312500000000e-01
1.220703125000000000e-01
1.318359375000000000e-01
1.318359375000000000e-01
1.147460937500000000e-01
1.293945312500000000e-01
1.367187500000000000e-01
1.245117187500000000e-01
1.147460937500000000e-01
1.245117187500000000e-01
1.416015625000000000e-01
1.464843750000000000e-01
1.342773437500000000e-01
1.367187500000000000e-01
1.391601562500000000e-01
1.391601562500000000e-01
1.513671875000000000e-01
1.464843750000000000e-01
1.489257812500000000e-01
1.416015625000000000e-01
1.513671875000000000e-01
1.464843750000000000e-01
1.416015625000000000e-01
1.416015625000000000e-01
1.440429687500000000e-01
1.391601562500000000e-01
1.342773437500000000e-01
1.293945312500000000e-01
1.269531250000000000e-01
1.318359375000000000e-01
1.293945312500000000e-01
1.464843750000000000e-01
1.367187500000000000e-01
1.391601562500000000e-01
1.318359375000000000e-01
1.196289062500000000e-01
1.220703125000000000e-01
1.293945312500000000e-01
1.342773437500000000e-01
1.440429687500000000e-01
1.342773437500000000e-01
1.269531250000000000e-01
1.440429687500000000e-01
1.440429687500000000e-01
1.220703125000000000e-01
1.342773437500000000e-01
1.489257812500000000e-01
1.489257812500000000e-01
1.440429687500000000e-01
1.269531250000000000e-01
1.367187500000000000e-01
1.318359375000000000e-01
1.464843750000000000e-01
1.416015625000000000e-01
1.318359375000000000e-01
1.318359375000000000e-01
1.416015625000000000e-01
1.416015625000000000e-01
1.416015625000000000e-01
1.318359375000000000e-01
1.318359375000000000e-01
1.342773437500000000e-01
1.318359375000000000e-01
1.293945312500000000e-01
1.245117187500000000e-01
1.318359375000000000e-01
1.391601562500000000e-01
1.416015625000000000e-01
1.391601562500000000e-01
1.391601562500000000e-01
1.391601562500000000e-01
1.464843750000000000e-01
1.489257812500000000e-01
1.489257812500000000e-01
1.391601562500000000e-01
1.464843750000000000e-01
1.293945312500000000e-01
1.391601562500000000e-01
1.342773437500000000e-01
1.293945312500000000e-01
1.367187500000000000e-01
1.391601562500000000e-01
1.342773437500000000e-01
1.269531250000000000e-01
1.464843750000000000e-01
1.562500000000000000e-01
1.367187500000000000e-01
1.049804687500000000e-01
1.269531250000000000e-01
1.367187500000000000e-01
1.489257812500000000e-01
1.464843750000000000e-01
1.440429687500000000e-01
1.416015625000000000e-01
1.464843750000000000e-01
1.318359375000000000e-01
1.440429687500000000e-01
1.416015625000000000e-01
1.464843750000000000e-01
1.440429687500000000e-01
1.367187500000000000e-01
1.367187500000000000e-01
1.440429687500000000e-01
1.318359375000000000e-01
1.367187500000000000e-01
1.342773437500000000e-01
1.391601562500000000e-01
1.342773437500000000e-01
1.269531250000000000e-01
1.416015625000000000e-01
1.440429687500000000e-01
1.416015625000000000e-01
1.342773437500000000e-01
1.171875000000000000e-01
1.220703125000000000e-01
1.318359375000000000e-01
1.391601562500000000e-01
1.391601562500000000e-01
1.391601562500000000e-01
1.318359375000000000e-01
1.269531250000000000e-01
1.293945312500000000e-01
1.269531250000000000e-01
1.367187500000000000e-01
1.440429687500000000e-01
1.342773437500000000e-01
1.171875000000000000e-01
1.269531250000000000e-01
1.391601562500000000e-01
1.440429687500000000e-01
1.464843750000000000e-01
1.489257812500000000e-01
1.440429687500000000e-01
1.391601562500000000e-01
1.440429687500000000e-01
1.391601562500000000e-01
1.245117187500000000e-01
1.245117187500000000e-01
1.293945312500000000e-01
1.416015625000000000e-01
1.245117187500000000e-01
1.318359375000000000e-01
1.245117187500000000e-01
1.147460937500000000e-01
1.318359375000000000e-01
1.342773437500000000e-01
1.440429687500000000e-01
1.464843750000000000e-01
1.440429687500000000e-01
1.318359375000000000e-01
1.293945312500000000e-01
1.342773437500000000e-01
1.367187500000000000e-01
1.342773437500000000e-01
1.367187500000000000e-01
1.440429687500000000e-01
1.440429687500000000e-01
1.464843750000000000e-01
1.464843750000000000e-01
1.416015625000000000e-01
1.513671875000000000e-01
1.342773437500000000e-01
1.293945312500000000e-01
1.269531250000000000e-01
1.220703125000000000e-01
1.147460937500000000e-01
1.220703125000000000e-01
1.342773437500000000e-01
1.440429687500000000e-01
1.342773437500000000e-01
1.464843750000000000e-01
1.367187500000000000e-01
1.342773437500000000e-01
1.416015625000000000e-01
1.342773437500000000e-01
1.342773437500000000e-01
1.538085937500000000e-01
1.391601562500000000e-01
1.269531250000000000e-01
1.391601562500000000e-01
1.245117187500000000e-01
1.196289062500000000e-01
1.171875000000000000e-01
1.318359375000000000e-01
1.269531250000000000e-01
1.464843750000000000e-01
1.513671875000000000e-01
1.489257812500000000e-01
1.416015625000000000e-01
1.245117187500000000e-01
1.196289062500000000e-01
1.391601562500000000e-01
1.318359375000000000e-01
1.391601562500000000e-01
1.367187500000000000e-01
1.220703125000000000e-01
1.342773437500000000e-01
1.416015625000000000e-01
1.416015625000000000e-01
1.367187500000000000e-01
1.342773437500000000e-01
1.342773437500000000e-01
1.464843750000000000e-01
1.367187500000000000e-01
1.293945312500000000e-01
1.391601562500000000e-01
1.318359375000000000e-01
1.318359375000000000e-01
1.391601562500000000e-01
1.464843750000000000e-01
1.440429687500000000e-01
1.489257812500000000e-01
1.464843750000000000e-01
1.464843750000000000e-01
1.513671875000000000e-01
1.440429687500000000e-01
1.391601562500000000e-01
1.318359375000000000e-01
1.293945312500000000e-01
1.440429687500000000e-01
1.318359375000000000e-01
1.123046875000000000e-01
1.074218750000000000e-01
1.269531250000000000e-01
1.391601562500000000e-01
1.293945312500000000e-01
1.391601562500000000e-01
1.489257812500000000e-01
1.367187500000000000e-01
1.220703125000000000e-01
1.220703125000000000e-01
1.196289062500000000e-01
1.220703125000000000e-01
1.196289062500000000e-01
1.245117187500000000e-01
1.269531250000000000e-01
1.342773437500000000e-01
1.342773437500000000e-01
1.220703125000000000e-01
1.367187500000000000e-01
1.269531250000000000e-01
1.367187500000000000e-01
1.416015625000000000e-01
1.269531250000000000e-01
1.318359375000000000e-01
1.220703125000000000e-01
1.147460937500000000e-01
1.342773437500000000e-01
1.367187500000000000e-01
1.391601562500000000e-01
1.440429687500000000e-01
1.440429687500000000e-01
1.391601562500000000e-01
1.269531250000000000e-01
1.220703125000000000e-01
1.269531250000000000e-01
1.196289062500000000e-01
1.391601562500000000e-01
1.416015625000000000e-01
1.171875000000000000e-01
1.269531250000000000e-01
1.269531250000000000e-01
1.342773437500000000e-01
1.440429687500000000e-01
1.342773437500000000e-01
1.342773437500000000e-01
1.513671875000000000e-01
1.464843750000000000e-01
1.416015625000000000e-01
1.367187500000000000e-01
1.147460937500000000e-01
1.123046875000000000e-01
1.147460937500000000e-01
1.196289062500000000e-01
1.171875000000000000e-01
1.269531250000000000e-01
1.220703125000000000e-01
1.318359375000000000e-01
1.416015625000000000e-01
1.464843750000000000e-01
1.416015625000000000e-01
1.293945312500000000e-01
1.342773437500000000e-01
1.367187500000000000e-01
1.269531250000000000e-01
1.269531250000000000e-01
1.245117187500000000e-01
1.269531250000000000e-01
1.269531250000000000e-01
1.293945312500000000e-01
1.367187500000000000e-01
1.318359375000000000e-01
1.196289062500000000e-01
1.220703125000000000e-01
1.269531250000000000e-01
1.342773437500000000e-01
1.293945312500000000e-01
1.367187500000000000e-01
1.220703125000000000e-01
1.269531250000000000e-01
1.440429687500000000e-01
1.416015625000000000e-01
1.245117187500000000e-01
1.245117187500000000e-01
1.318359375000000000e-01
1.220703125000000000e-01
1.196289062500000000e-01
1.220703125000000000e-01
1.220703125000000000e-01
1.098632812500000000e-01
1.049804687500000000e-01
1.342773437500000000e-01
1.245117187500000000e-01
1.269531250000000000e-01
1.269531250000000000e-01
1.318359375000000000e-01
1.391601562500000000e-01
1.489257812500000000e-01
1.367187500000000000e-01
1.391601562500000000e-01
1.342773437500000000e-01
1.342773437500000000e-01
1.245117187500000000e-01
1.049804687500000000e-01
1.220703125000000000e-01
1.269531250000000000e-01
1.269531250000000000e-01
1.293945312500000000e-01
1.342773437500000000e-01
1.342773437500000000e-01
1.489257812500000000e-01
1.391601562500000000e-01
1.293945312500000000e-01
1.367187500000000000e-01
1.416015625000000000e-01
1.318359375000000000e-01
1.269531250000000000e-01
1.293945312500000000e-01
1.367187500000000000e-01
1.416015625000000000e-01
1.391601562500000000e-01
1.391601562500000000e-01
1.293945312500000000e-01
1.293945312500000000e-01
1.245117187500000000e-01
1.220703125000000000e-01
1.196289062500000000e-01
1.342773437500000000e-01
1.123046875000000000e-01
1.220703125000000000e-01
1.416015625000000000e-01
1.342773437500000000e-01
1.220703125000000000e-01
1.293945312500000000e-01
1.318359375000000000e-01
1.391601562500000000e-01
1.416015625000000000e-01
1.416015625000000000e-01
1.440429687500000000e-01
1.342773437500000000e-01
1.342773437500000000e-01
1.269531250000000000e-01
1.220703125000000000e-01
1.147460937500000000e-01
1.269531250000000000e-01
1.318359375000000000e-01
1.196289062500000000e-01
1.367187500000000000e-01
1.391601562500000000e-01
1.513671875000000000e-01
1.342773437500000000e-01
1.367187500000000000e-01
1.416015625000000000e-01
1.342773437500000000e-01
1.342773437500000000e-01
1.391601562500000000e-01
1.440429687500000000e-01
1.342773437500000000e-01
1.269531250000000000e-01
1.245117187500000000e-01
1.293945312500000000e-01
1.416015625000000000e-01
1.318359375000000000e-01
1.489257812500000000e-01
1.269531250000000000e-01
1.269531250000000000e-01
1.196289062500000000e-01
1.171875000000000000e-01
1.318359375000000000e-01
1.293945312500000000e-01
1.220703125000000000e-01
1.147460937500000000e-01
1.245117187500000000e-01
1.342773437500000000e-01
1.367187500000000000e-01
1.367187500000000000e-01
1.391601562500000000e-01
1.342773437500000000e-01
1.342773437500000000e-01
1.416015625000000000e-01
1.318359375000000000e-01
1.318359375000000000e-01
1.538085937500000000e-01
1.489257812500000000e-01
1.464843750000000000e-01
1.440429687500000000e-01
1.147460937500000000e-01
1.293945312500000000e-01
1.464843750000000000e-01
1.391601562500000000e-01
1.367187500000000000e-01
1.367187500000000000e-01
1.391601562500000000e-01
1.416015625000000000e-01
1.440429687500000000e-01
1.318359375000000000e-01
1.245117187500000000e-01
1.318359375000000000e-01
1.318359375000000000e-01
1.464843750000000000e-01
1.342773437500000000e-01
1.269531250000000000e-01
1.416015625000000000e-01
1.293945312500000000e-01
1.342773437500000000e-01
1.464843750000000000e-01
1.367187500000000000e-01
1.245117187500000000e-01
1.269531250000000000e-01
1.196289062500000000e-01
1.147460937500000000e-01
1.293945312500000000e-01
1.367187500000000000e-01
1.342773437500000000e-01
1.513671875000000000e-01
1.489257812500000000e-01
1.440429687500000000e-01
1.342773437500000000e-01
1.416015625000000000e-01
1.513671875000000000e-01
1.367187500000000000e-01
1.245117187500000000e-01
1.269531250000000000e-01
1.391601562500000000e-01
1.538085937500000000e-01
1.489257812500000000e-01
1.293945312500000000e-01
1.416015625000000000e-01
1.440429687500000000e-01
1.464843750000000000e-01
1.293945312500000000e-01
1.367187500000000000e-01
1.464843750000000000e-01
1.489257812500000000e-01
1.416015625000000000e-01
1.293945312500000000e-01
1.318359375000000000e-01
1.391601562500000000e-01
1.416015625000000000e-01
1.342773437500000000e-01
1.416015625000000000e-01
1.489257812500000000e-01
1.342773437500000000e-01
1.440429687500000000e-01
1.367187500000000000e-01
1.147460937500000000e-01
1.123046875000000000e-01
1.367187500000000000e-01
1.367187500000000000e-01
1.220703125000000000e-01
1.367187500000000000e-01
1.538085937500000000e-01
1.464843750000000000e-01
1.440429687500000000e-01
1.367187500000000000e-01
1.391601562500000000e-01
1.318359375000000000e-01
1.416015625000000000e-01
1.342773437500000000e-01
1.269531250000000000e-01
1.318359375000000000e-01
1.489257812500000000e-01
1.416015625000000000e-01
1.367187500000000000e-01
1.293945312500000000e-01
1.489257812500000000e-01
1.391601562500000000e-01
1.416015625000000000e-01
1.391601562500000000e-01
1.269531250000000000e-01
1.293945312500000000e-01
1.416015625000000000e-01
1.562500000000000000e-01
1.391601562500000000e-01
1.342773437500000000e-01
1.416015625000000000e-01
1.489257812500000000e-01
1.489257812500000000e-01
1.367187500000000000e-01
1.342773437500000000e-01
1.342773437500000000e-01
1.318359375000000000e-01
1.416015625000000000e-01
1.269531250000000000e-01
1.196289062500000000e-01
1.464843750000000000e-01
1.489257812500000000e-01
1.416015625000000000e-01
1.074218750000000000e-01
1.049804687500000000e-01
1.391601562500000000e-01
1.440429687500000000e-01
1.489257812500000000e-01
1.367187500000000000e-01
1.196289062500000000e-01
1.391601562500000000e-01
1.440429687500000000e-01
1.342773437500000000e-01
1.489257812500000000e-01
1.440429687500000000e-01
1.220703125000000000e-01
1.391601562500000000e-01
1.342773437500000000e-01
1.464843750000000000e-01
1.513671875000000000e-01
1.269531250000000000e-01
1.293945312500000000e-01
1.391601562500000000e-01
1.416015625000000000e-01
1.416015625000000000e-01
1.293945312500000000e-01
1.562500000000000000e-01
1.538085937500000000e-01
1.513671875000000000e-01
1.416015625000000000e-01
1.342773437500000000e-01
1.245117187500000000e-01
1.416015625000000000e-01
1.367187500000000000e-01
1.391601562500000000e-01
1.318359375000000000e-01
1.293945312500000000e-01
1.464843750000000000e-01
1.220703125000000000e-01
1.342773437500000000e-01
1.440429687500000000e-01
1.586914062500000000e-01
1.293945312500000000e-01
1.098632812500000000e-01
1.220703125000000000e-01
1.489257812500000000e-01
1.440429687500000000e-01
1.318359375000000000e-01
1.464843750000000000e-01
1.464843750000000000e-01
1.416015625000000000e-01
1.440429687500000000e-01
1.391601562500000000e-01
1.293945312500000000e-01
1.464843750000000000e-01
1.293945312500000000e-01
1.489257812500000000e-01
1.367187500000000000e-01
1.440429687500000000e-01
1.489257812500000000e-01
1.293945312500000000e-01
1.318359375000000000e-01
1.416015625000000000e-01
1.416015625000000000e-01
1.318359375000000000e-01
1.367187500000000000e-01
1.416015625000000000e-01
1.391601562500000000e-01
1.269531250000000000e-01
1.269531250000000000e-01
1.123046875000000000e-01
1.220703125000000000e-01
1.416015625000000000e-01
1.220703125000000000e-01
1.196289062500000000e-01
1.171875000000000000e-01
1.416015625000000000e-01
1.147460937500000000e-01
1.269531250000000000e-01
1.391601562500000000e-01
1.098632812500000000e-01
1.123046875000000000e-01
1.318359375000000000e-01
1.562500000000000000e-01
1.391601562500000000e-01
1.489257812500000000e-01
1.513671875000000000e-01
1.391601562500000000e-01
1.367187500000000000e-01
1.416015625000000000e-01
1.220703125000000000e-01
1.367187500000000000e-01
1.342773437500000000e-01
1.367187500000000000e-01
1.367187500000000000e-01
1.269531250000000000e-01
1.342773437500000000e-01
1.269531250000000000e-01
1.171875000000000000e-01
1.293945312500000000e-01
1.220703125000000000e-01
1.269531250000000000e-01
1.293945312500000000e-01
1.367187500000000000e-01
1.391601562500000000e-01
1.318359375000000000e-01
1.220703125000000000e-01
1.391601562500000000e-01
1.245117187500000000e-01
1.342773437500000000e-01
1.098632812500000000e-01
9.277343750000000000e-02
1.293945312500000000e-01
1.464843750000000000e-01
1.318359375000000000e-01
1.391601562500000000e-01
1.342773437500000000e-01
1.269531250000000000e-01
1.391601562500000000e-01
1.416015625000000000e-01
1.000976562500000000e-01
1.147460937500000000e-01
1.464843750000000000e-01
1.293945312500000000e-01
1.416015625000000000e-01
1.464843750000000000e-01
1.269531250000000000e-01
1.269531250000000000e-01
1.293945312500000000e-01
1.367187500000000000e-01
1.391601562500000000e-01
1.391601562500000000e-01
1.318359375000000000e-01
1.318359375000000000e-01
1.391601562500000000e-01
1.342773437500000000e-01
1.464843750000000000e-01
1.367187500000000000e-01
1.147460937500000000e-01
1.293945312500000000e-01
1.220703125000000000e-01
1.293945312500000000e-01
1.171875000000000000e-01
1.220703125000000000e-01
1.074218750000000000e-01
1.000976562500000000e-01
1.367187500000000000e-01
1.342773437500000000e-01
1.074218750000000000e-01
8.789062500000000000e-02
1.025390625000000000e-01
1.367187500000000000e-01
1.342773437500000000e-01
1.269531250000000000e-01
1.269531250000000000e-01
1.342773437500000000e-01
1.245117187500000000e-01
1.416015625000000000e-01
1.464843750000000000e-01
1.171875000000000000e-01
1.269531250000000000e-01
1.391601562500000000e-01
1.318359375000000000e-01
1.293945312500000000e-01
1.489257812500000000e-01
1.367187500000000000e-01
1.367187500000000000e-01
1.489257812500000000e-01
1.538085937500000000e-01
1.440429687500000000e-01
1.416015625000000000e-01
1.391601562500000000e-01
1.367187500000000000e-01
1.367187500000000000e-01
1.269531250000000000e-01
1.293945312500000000e-01
1.171875000000000000e-01
1.000976562500000000e-01
1.196289062500000000e-01
1.342773437500000000e-01
1.123046875000000000e-01
1.220703125000000000e-01
1.196289062500000000e-01
1.245117187500000000e-01
1.025390625000000000e-01
1.171875000000000000e-01
1.293945312500000000e-01
1.245117187500000000e-01
9.033203125000000000e-02
1.196289062500000000e-01
1.586914062500000000e-01
1.416015625000000000e-01
1.318359375000000000e-01
1.318359375000000000e-01
1.489257812500000000e-01
1.318359375000000000e-01
1.464843750000000000e-01
1.489257812500000000e-01
1.318359375000000000e-01
1.245117187500000000e-01
1.391601562500000000e-01
1.489257812500000000e-01
1.245117187500000000e-01
1.318359375000000000e-01
1.342773437500000000e-01
1.171875000000000000e-01
1.293945312500000000e-01
1.367187500000000000e-01
1.293945312500000000e-01
1.269531250000000000e-01
1.367187500000000000e-01
1.171875000000000000e-01
1.245117187500000000e-01
1.196289062500000000e-01
1.220703125000000000e-01
1.293945312500000000e-01
1.098632812500000000e-01
1.123046875000000000e-01
1.318359375000000000e-01
1.269531250000000000e-01
1.220703125000000000e-01
1.318359375000000000e-01
1.293945312500000000e-01
1.171875000000000000e-01
1.025390625000000000e-01
1.489257812500000000e-01
1.391601562500000000e-01
1.171875000000000000e-01
1.318359375000000000e-01
1.513671875000000000e-01
1.293945312500000000e-01
1.440429687500000000e-01
1.538085937500000000e-01
1.440429687500000000e-01
1.440429687500000000e-01
1.391601562500000000e-01
1.416015625000000000e-01
1.367187500000000000e-01
1.318359375000000000e-01
1.000976562500000000e-01
1.440429687500000000e-01
1.269531250000000000e-01
1.196289062500000000e-01
1.440429687500000000e-01
1.513671875000000000e-01
1.171875000000000000e-01
1.440429687500000000e-01
1.391601562500000000e-01
1.318359375000000000e-01
1.342773437500000000e-01
1.318359375000000000e-01
1.318359375000000000e-01
