1.318359375000000000e-01
1.318359375000000000e-01
1.293945312500000000e-01
1.269531250000000000e-01
1.318359375000000000e-01
1.293945312500000000e-01
1.367187500000000000e-01
1.318359375000000000e-01
1.318359375000000000e-01
1.342773437500000000e-01
1.318359375000000000e-01
1.318359375000000000e-01
1.367187500000000000e-01
1.416015625000000000e-01
1.342773437500000000e-01
1.367187500000000000e-01
1.367187500000000000e-01
1.391601562500000000e-01
1.293945312500000000e-01
1.318359375000000000e-01
1.367187500000000000e-01
1.342773437500000000e-01
1.293945312500000000e-01
1.367187500000000000e-01
1.318359375000000000e-01
1.342773437500000000e-01
1.293945312500000000e-01
1.342773437500000000e-01
1.318359375000000000e-01
1.245117187500000000e-01
1.220703125000000000e-01
1.318359375000000000e-01
1.342773437500000000e-01
1.367187500000000000e-01
1.318359375000000000e-01
1.293945312500000000e-01
1.342773437500000000e-01
1.318359375000000000e-01
1.367187500000000000e-01
1.318359375000000000e-01
1.269531250000000000e-01
1.367187500000000000e-01
1.293945312500000000e-01
1.293945312500000000e-01
1.269531250000000000e-01
1.367187500000000000e-01
1.293945312500000000e-01
1.196289062500000000e-01
1.391601562500000000e-01
1.342773437500000000e-01
1.318359375000000000e-01
1.318359375000000000e-01
1.318359375000000000e-01
1.318359375000000000e-01
1.342773437500000000e-01
1.293945312500000000e-01
1.269531250000000000e-01
1.318359375000000000e-01
1.342773437500000000e-01
1.318359375000000000e-01
1.342773437500000000e-01
1.318359375000000000e-01
1.367187500000000000e-01
1.391601562500000000e-01
1.269531250000000000e-01
1.367187500000000000e-01
1.245117187500000000e-01
1.342773437500000000e-01
1.367187500000000000e-01
1.367187500000000000e-01
1.342773437500000000e-01
1.342773437500000000e-01
1.318359375000000000e-01
1.318359375000000000e-01
1.342773437500000000e-01
1.391601562500000000e-01
1.318359375000000000e-01
1.318359375000000000e-01
1.245117187500000000e-01
1.342773437500000000e-01
1.391601562500000000e-01
1.318359375000000000e-01
1.367187500000000000e-01
1.318359375000000000e-01
1.318359375000000000e-01
1.342773437500000000e-01
1.367187500000000000e-01
1.342773437500000000e-01
1.391601562500000000e-01
1.489257812500000000e-01
1.391601562500000000e-01
1.367187500000000000e-01
1.342773437500000000e-01
1.440429687500000000e-01
1.416015625000000000e-01
1.342773437500000000e-01
1.391601562500000000e-01
1.367187500000000000e-01
1.318359375000000000e-01
1.318359375000000000e-01
1.416015625000000000e-01
1.416015625000000000e-01
1.318359375000000000e-01
1.342773437500000000e-01
1.342773437500000000e-01
1.318359375000000000e-01
1.318359375000000000e-01
1.342773437500000000e-01
1.367187500000000000e-01
1.293945312500000000e-01
1.391601562500000000e-01
1.269531250000000000e-01
1.342773437500000000e-01
1.342773437500000000e-01
1.342773437500000000e-01
1.342773437500000000e-01
1.269531250000000000e-01
1.367187500000000000e-01
1.293945312500000000e-01
1.245117187500000000e-01
1.293945312500000000e-01
1.318359375000000000e-01
1.318359375000000000e-01
1.367187500000000000e-01
1.367187500000000000e-01
1.342773437500000000e-01
1.293945312500000000e-01
1.269531250000000000e-01
1.269531250000000000e-01
1.245117187500000000e-01
1.269531250000000000e-01
1.269531250000000000e-01
1.367187500000000000e-01
1.293945312500000000e-01
1.196289062500000000e-01
1.293945312500000000e-01
1.269531250000000000e-01
1.245117187500000000e-01
1.318359375000000000e-01
1.293945312500000000e-01
1.293945312500000000e-01
1.293945312500000000e-01
1.318359375000000000e-01
1.342773437500000000e-01
1.318359375000000000e-01
1.293945312500000000e-01
1.293945312500000000e-01
1.293945312500000000e-01
1.293945312500000000e-01
1.293945312500000000e-01
1.318359375000000000e-01
1.342773437500000000e-01
1.245117187500000000e-01
1.318359375000000000e-01
1.342773437500000000e-01
1.342773437500000000e-01
1.293945312500000000e-01
1.342773437500000000e-01
1.245117187500000000e-01
1.318359375000000000e-01
1.342773437500000000e-01
1.269531250000000000e-01
1.342773437500000000e-01
1.318359375000000000e-01
1.318359375000000000e-01
1.269531250000000000e-01
1.293945312500000000e-01
1.293945312500000000e-01
1.293945312500000000e-01
1.367187500000000000e-01
1.293945312500000000e-01
1.293945312500000000e-01
1.293945312500000000e-01
1.367187500000000000e-01
1.342773437500000000e-01
1.318359375000000000e-01
1.269531250000000000e-01
1.293945312500000000e-01
1.342773437500000000e-01
1.342773437500000000e-01
1.367187500000000000e-01
1.342773437500000000e-01
1.367187500000000000e-01
1.342773437500000000e-01
1.269531250000000000e-01
1.293945312500000000e-01
1.318359375000000000e-01
1.318359375000000000e-01
1.318359375000000000e-01
1.245117187500000000e-01
1.245117187500000000e-01
1.318359375000000000e-01
1.269531250000000000e-01
1.269531250000000000e-01
1.318359375000000000e-01
1.269531250000000000e-01
1.318359375000000000e-01
1.269531250000000000e-01
1.293945312500000000e-01
1.293945312500000000e-01
1.318359375000000000e-01
1.269531250000000000e-01
1.293945312500000000e-01
1.269531250000000000e-01
1.342773437500000000e-01
1.269531250000000000e-01
1.269531250000000000e-01
1.269531250000000000e-01
1.269531250000000000e-01
1.342773437500000000e-01
1.367187500000000000e-01
1.293945312500000000e-01
1.293945312500000000e-01
1.318359375000000000e-01
1.293945312500000000e-01
1.269531250000000000e-01
1.269531250000000000e-01
1.342773437500000000e-01
1.269531250000000000e-01
1.318359375000000000e-01
1.293945312500000000e-01
1.293945312500000000e-01
1.293945312500000000e-01
1.293945312500000000e-01
1.318359375000000000e-01
1.342773437500000000e-01
1.269531250000000000e-01
1.293945312500000000e-01
1.269531250000000000e-01
1.293945312500000000e-01
1.342773437500000000e-01
1.391601562500000000e-01
1.367187500000000000e-01
1.318359375000000000e-01
1.367187500000000000e-01
1.293945312500000000e-01
1.245117187500000000e-01
1.391601562500000000e-01
1.293945312500000000e-01
1.342773437500000000e-01
1.318359375000000000e-01
1.342773437500000000e-01
1.367187500000000000e-01
1.342773437500000000e-01
1.342773437500000000e-01
1.318359375000000000e-01
1.293945312500000000e-01
1.269531250000000000e-01
1.293945312500000000e-01
1.342773437500000000e-01
1.367187500000000000e-01
1.318359375000000000e-01
1.318359375000000000e-01
1.318359375000000000e-01
1.293945312500000000e-01
1.342773437500000000e-01
1.293945312500000000e-01
1.293945312500000000e-01
1.269531250000000000e-01
1.293945312500000000e-01
1.391601562500000000e-01
1.342773437500000000e-01
1.293945312500000000e-01
1.293945312500000000e-01
1.342773437500000000e-01
1.318359375000000000e-01
1.293945312500000000e-01
1.293945312500000000e-01
1.293945312500000000e-01
1.391601562500000000e-01
1.269531250000000000e-01
1.367187500000000000e-01
1.342773437500000000e-01
1.293945312500000000e-01
1.318359375000000000e-01
1.391601562500000000e-01
1.293945312500000000e-01
1.342773437500000000e-01
1.269531250000000000e-01
1.293945312500000000e-01
1.245117187500000000e-01
1.220703125000000000e-01
1.342773437500000000e-01
1.367187500000000000e-01
1.342773437500000000e-01
1.367187500000000000e-01
1.367187500000000000e-01
1.391601562500000000e-01
1.293945312500000000e-01
1.318359375000000000e-01
1.367187500000000000e-01
1.342773437500000000e-01
1.318359375000000000e-01
1.342773437500000000e-01
1.391601562500000000e-01
1.342773437500000000e-01
1.367187500000000000e-01
1.342773437500000000e-01
1.342773437500000000e-01
1.367187500000000000e-01
1.416015625000000000e-01
1.367187500000000000e-01
1.342773437500000000e-01
1.318359375000000000e-01
1.416015625000000000e-01
1.367187500000000000e-01
1.342773437500000000e-01
1.367187500000000000e-01
1.342773437500000000e-01
1.367187500000000000e-01
1.391601562500000000e-01
1.269531250000000000e-01
1.440429687500000000e-01
1.391601562500000000e-01
1.367187500000000000e-01
1.367187500000000000e-01
1.367187500000000000e-01
1.342773437500000000e-01
1.416015625000000000e-01
1.440429687500000000e-01
1.342773437500000000e-01
1.342773437500000000e-01
1.367187500000000000e-01
1.342773437500000000e-01
1.416015625000000000e-01
1.440429687500000000e-01
1.391601562500000000e-01
1.367187500000000000e-01
1.342773437500000000e-01
1.416015625000000000e-01
1.342773437500000000e-01
1.342773437500000000e-01
1.391601562500000000e-01
1.391601562500000000e-01
1.269531250000000000e-01
1.391601562500000000e-01
1.342773437500000000e-01
1.367187500000000000e-01
1.416015625000000000e-01
1.342773437500000000e-01
1.367187500000000000e-01
1.367187500000000000e-01
1.342773437500000000e-01
1.391601562500000000e-01
1.367187500000000000e-01
1.391601562500000000e-01
1.293945312500000000e-01
1.391601562500000000e-01
1.269531250000000000e-01
1.367187500000000000e-01
1.342773437500000000e-01
1.318359375000000000e-01
1.220703125000000000e-01
1.269531250000000000e-01
1.293945312500000000e-01
1.342773437500000000e-01
1.367187500000000000e-01
1.342773437500000000e-01
1.391601562500000000e-01
1.293945312500000000e-01
1.391601562500000000e-01
1.269531250000000000e-01
1.318359375000000000e-01
1.391601562500000000e-01
1.293945312500000000e-01
1.391601562500000000e-01
1.367187500000000000e-01
1.269531250000000000e-01
1.367187500000000000e-01
1.342773437500000000e-01
1.367187500000000000e-01
1.269531250000000000e-01
1.318359375000000000e-01
1.318359375000000000e-01
1.367187500000000000e-01
1.367187500000000000e-01
1.367187500000000000e-01
1.342773437500000000e-01
1.391601562500000000e-01
1.318359375000000000e-01
1.367187500000000000e-01
1.391601562500000000e-01
1.293945312500000000e-01
1.318359375000000000e-01
1.342773437500000000e-01
1.318359375000000000e-01
1.464843750000000000e-01
1.416015625000000000e-01
1.342773437500000000e-01
1.367187500000000000e-01
1.367187500000000000e-01
1.293945312500000000e-01
1.367187500000000000e-01
1.342773437500000000e-01
1.318359375000000000e-01
1.367187500000000000e-01
1.367187500000000000e-01
1.367187500000000000e-01
1.269531250000000000e-01
1.367187500000000000e-01
1.367187500000000000e-01
1.367187500000000000e-01
1.342773437500000000e-01
1.342773437500000000e-01
1.318359375000000000e-01
1.367187500000000000e-01
1.367187500000000000e-01
1.318359375000000000e-01
1.342773437500000000e-01
1.293945312500000000e-01
1.391601562500000000e-01
1.318359375000000000e-01
1.416015625000000000e-01
1.367187500000000000e-01
1.342773437500000000e-01
1.318359375000000000e-01
1.342773437500000000e-01
1.391601562500000000e-01
1.342773437500000000e-01
1.391601562500000000e-01
1.391601562500000000e-01
1.391601562500000000e-01
1.342773437500000000e-01
1.367187500000000000e-01
1.367187500000000000e-01
1.367187500000000000e-01
1.318359375000000000e-01
1.318359375000000000e-01
1.367187500000000000e-01
1.318359375000000000e-01
1.293945312500000000e-01
1.318359375000000000e-01
1.342773437500000000e-01
1.245117187500000000e-01
1.269531250000000000e-01
1.416015625000000000e-01
1.342773437500000000e-01
1.416015625000000000e-01
1.293945312500000000e-01
1.342773437500000000e-01
1.293945312500000000e-01
1.293945312500000000e-01
1.293945312500000000e-01
1.245117187500000000e-01
1.342773437500000000e-01
1.269531250000000000e-01
1.342773437500000000e-01
1.367187500000000000e-01
1.245117187500000000e-01
1.416015625000000000e-01
1.342773437500000000e-01
1.318359375000000000e-01
1.342773437500000000e-01
1.220703125000000000e-01
1.293945312500000000e-01
1.318359375000000000e-01
1.293945312500000000e-01
1.293945312500000000e-01
1.318359375000000000e-01
1.293945312500000000e-01
1.293945312500000000e-01
1.318359375000000000e-01
1.196289062500000000e-01
1.367187500000000000e-01
1.269531250000000000e-01
1.293945312500000000e-01
1.293945312500000000e-01
1.318359375000000000e-01
1.293945312500000000e-01
1.293945312500000000e-01
1.318359375000000000e-01
1.293945312500000000e-01
1.293945312500000000e-01
1.342773437500000000e-01
1.269531250000000000e-01
1.245117187500000000e-01
1.342773437500000000e-01
1.293945312500000000e-01
1.367187500000000000e-01
1.196289062500000000e-01
1.367187500000000000e-01
1.318359375000000000e-01
1.342773437500000000e-01
1.391601562500000000e-01
1.367187500000000000e-01
1.293945312500000000e-01
1.293945312500000000e-01
1.318359375000000000e-01
1.318359375000000000e-01
1.318359375000000000e-01
1.269531250000000000e-01
1.293945312500000000e-01
1.293945312500000000e-01
1.269531250000000000e-01
1.269531250000000000e-01
1.269531250000000000e-01
1.342773437500000000e-01
1.318359375000000000e-01
1.196289062500000000e-01
1.293945312500000000e-01
1.293945312500000000e-01
1.269531250000000000e-01
1.293945312500000000e-01
1.318359375000000000e-01
1.293945312500000000e-01
1.342773437500000000e-01
1.245117187500000000e-01
1.269531250000000000e-01
1.293945312500000000e-01
1.269531250000000000e-01
1.220703125000000000e-01
1.318359375000000000e-01
1.245117187500000000e-01
1.293945312500000000e-01
1.220703125000000000e-01
1.269531250000000000e-01
1.196289062500000000e-01
1.342773437500000000e-01
1.318359375000000000e-01
1.367187500000000000e-01
1.220703125000000000e-01
1.293945312500000000e-01
1.293945312500000000e-01
1.342773437500000000e-01
1.318359375000000000e-01
1.318359375000000000e-01
1.318359375000000000e-01
1.269531250000000000e-01
1.293945312500000000e-01
1.220703125000000000e-01
1.318359375000000000e-01
1.342773437500000000e-01
1.269531250000000000e-01
1.269531250000000000e-01
1.245117187500000000e-01
1.269531250000000000e-01
1.367187500000000000e-01
1.269531250000000000e-01
1.318359375000000000e-01
1.293945312500000000e-01
1.293945312500000000e-01
1.367187500000000000e-01
1.293945312500000000e-01
1.342773437500000000e-01
1.318359375000000000e-01
1.318359375000000000e-01
1.318359375000000000e-01
1.293945312500000000e-01
1.342773437500000000e-01
1.293945312500000000e-01
1.342773437500000000e-01
1.196289062500000000e-01
1.318359375000000000e-01
1.269531250000000000e-01
1.318359375000000000e-01
1.367187500000000000e-01
1.245117187500000000e-01
1.318359375000000000e-01
1.245117187500000000e-01
1.342773437500000000e-01
1.342773437500000000e-01
1.367187500000000000e-01
1.269531250000000000e-01
1.391601562500000000e-01
1.293945312500000000e-01
1.220703125000000000e-01
1.318359375000000000e-01
1.293945312500000000e-01
1.220703125000000000e-01
1.269531250000000000e-01
1.318359375000000000e-01
1.220703125000000000e-01
1.220703125000000000e-01
1.293945312500000000e-01
1.293945312500000000e-01
1.269531250000000000e-01
1.245117187500000000e-01
1.269531250000000000e-01
1.318359375000000000e-01
1.245117187500000000e-01
1.367187500000000000e-01
1.318359375000000000e-01
1.367187500000000000e-01
1.293945312500000000e-01
1.269531250000000000e-01
1.293945312500000000e-01
1.367187500000000000e-01
1.220703125000000000e-01
1.367187500000000000e-01
1.245117187500000000e-01
1.342773437500000000e-01
1.269531250000000000e-01
1.318359375000000000e-01
1.293945312500000000e-01
1.318359375000000000e-01
1.318359375000000000e-01
1.293945312500000000e-01
1.367187500000000000e-01
1.342773437500000000e-01
1.342773437500000000e-01
1.293945312500000000e-01
1.318359375000000000e-01
1.293945312500000000e-01
1.293945312500000000e-01
1.391601562500000000e-01
1.293945312500000000e-01
1.391601562500000000e-01
1.367187500000000000e-01
1.342773437500000000e-01
1.318359375000000000e-01
1.342773437500000000e-01
1.367187500000000000e-01
1.342773437500000000e-01
1.342773437500000000e-01
1.269531250000000000e-01
1.367187500000000000e-01
1.318359375000000000e-01
1.391601562500000000e-01
1.416015625000000000e-01
1.293945312500000000e-01
1.342773437500000000e-01
1.416015625000000000e-01
1.391601562500000000e-01
1.342773437500000000e-01
1.318359375000000000e-01
1.269531250000000000e-01
1.416015625000000000e-01
1.367187500000000000e-01
1.391601562500000000e-01
1.440429687500000000e-01
1.293945312500000000e-01
1.367187500000000000e-01
1.342773437500000000e-01
1.269531250000000000e-01
1.293945312500000000e-01
1.391601562500000000e-01
1.367187500000000000e-01
1.416015625000000000e-01
1.416015625000000000e-01
1.391601562500000000e-01
1.391601562500000000e-01
1.318359375000000000e-01
1.391601562500000000e-01
1.318359375000000000e-01
1.391601562500000000e-01
1.342773437500000000e-01
1.367187500000000000e-01
1.391601562500000000e-01
1.367187500000000000e-01
1.367187500000000000e-01
1.391601562500000000e-01
1.293945312500000000e-01
1.318359375000000000e-01
1.416015625000000000e-01
1.416015625000000000e-01
1.416015625000000000e-01
1.367187500000000000e-01
1.391601562500000000e-01
1.342773437500000000e-01
1.416015625000000000e-01
1.367187500000000000e-01
1.342773437500000000e-01
1.391601562500000000e-01
1.318359375000000000e-01
1.440429687500000000e-01
1.391601562500000000e-01
1.342773437500000000e-01
1.391601562500000000e-01
1.416015625000000000e-01
1.391601562500000000e-01
1.416015625000000000e-01
1.391601562500000000e-01
1.391601562500000000e-01
1.342773437500000000e-01
1.367187500000000000e-01
1.318359375000000000e-01
1.367187500000000000e-01
1.342773437500000000e-01
1.464843750000000000e-01
1.367187500000000000e-01
1.367187500000000000e-01
1.293945312500000000e-01
1.367187500000000000e-01
1.367187500000000000e-01
1.391601562500000000e-01
1.391601562500000000e-01
1.464843750000000000e-01
1.367187500000000000e-01
1.342773437500000000e-01
1.416015625000000000e-01
1.342773437500000000e-01
1.367187500000000000e-01
1.391601562500000000e-01
1.416015625000000000e-01
1.416015625000000000e-01
1.391601562500000000e-01
1.391601562500000000e-01
1.367187500000000000e-01
1.342773437500000000e-01
1.416015625000000000e-01
1.416015625000000000e-01
1.416015625000000000e-01
1.489257812500000000e-01
1.440429687500000000e-01
1.293945312500000000e-01
1.391601562500000000e-01
1.416015625000000000e-01
1.391601562500000000e-01
1.416015625000000000e-01
1.342773437500000000e-01
1.440429687500000000e-01
1.367187500000000000e-01
1.318359375000000000e-01
1.318359375000000000e-01
1.342773437500000000e-01
1.367187500000000000e-01
1.293945312500000000e-01
1.391601562500000000e-01
1.416015625000000000e-01
1.318359375000000000e-01
1.391601562500000000e-01
1.391601562500000000e-01
1.342773437500000000e-01
1.342773437500000000e-01
1.440429687500000000e-01
1.245117187500000000e-01
1.367187500000000000e-01
1.416015625000000000e-01
1.416015625000000000e-01
1.342773437500000000e-01
1.367187500000000000e-01
1.440429687500000000e-01
1.318359375000000000e-01
1.391601562500000000e-01
1.367187500000000000e-01
1.416015625000000000e-01
1.367187500000000000e-01
1.342773437500000000e-01
1.367187500000000000e-01
1.391601562500000000e-01
1.342773437500000000e-01
1.391601562500000000e-01
1.293945312500000000e-01
1.416015625000000000e-01
1.367187500000000000e-01
1.391601562500000000e-01
1.391601562500000000e-01
1.367187500000000000e-01
1.318359375000000000e-01
1.416015625000000000e-01
1.391601562500000000e-01
1.367187500000000000e-01
1.318359375000000000e-01
1.416015625000000000e-01
1.342773437500000000e-01
1.318359375000000000e-01
1.293945312500000000e-01
1.416015625000000000e-01
1.318359375000000000e-01
1.293945312500000000e-01
1.342773437500000000e-01
1.293945312500000000e-01
1.391601562500000000e-01
1.318359375000000000e-01
1.293945312500000000e-01
1.269531250000000000e-01
1.318359375000000000e-01
1.269531250000000000e-01
1.293945312500000000e-01
1.391601562500000000e-01
1.293945312500000000e-01
1.318359375000000000e-01
1.318359375000000000e-01
1.318359375000000000e-01
1.269531250000000000e-01
1.269531250000000000e-01
1.318359375000000000e-01
1.440429687500000000e-01
1.293945312500000000e-01
1.416015625000000000e-01
1.245117187500000000e-01
1.269531250000000000e-01
1.342773437500000000e-01
1.342773437500000000e-01
1.269531250000000000e-01
1.245117187500000000e-01
1.293945312500000000e-01
1.269531250000000000e-01
1.342773437500000000e-01
1.269531250000000000e-01
1.367187500000000000e-01
1.293945312500000000e-01
1.342773437500000000e-01
1.342773437500000000e-01
1.318359375000000000e-01
1.293945312500000000e-01
1.342773437500000000e-01
1.342773437500000000e-01
1.220703125000000000e-01
1.318359375000000000e-01
1.318359375000000000e-01
1.318359375000000000e-01
1.342773437500000000e-01
1.318359375000000000e-01
1.269531250000000000e-01
1.367187500000000000e-01
1.342773437500000000e-01
1.367187500000000000e-01
1.318359375000000000e-01
1.293945312500000000e-01
1.391601562500000000e-01
1.318359375000000000e-01
1.342773437500000000e-01
1.269531250000000000e-01
1.269531250000000000e-01
1.440429687500000000e-01
1.342773437500000000e-01
1.342773437500000000e-01
1.391601562500000000e-01
1.245117187500000000e-01
1.269531250000000000e-01
1.318359375000000000e-01
1.342773437500000000e-01
1.269531250000000000e-01
1.293945312500000000e-01
1.318359375000000000e-01
1.342773437500000000e-01
1.342773437500000000e-01
1.293945312500000000e-01
1.293945312500000000e-01
1.293945312500000000e-01
1.220703125000000000e-01
1.318359375000000000e-01
1.293945312500000000e-01
1.391601562500000000e-01
1.269531250000000000e-01
1.269531250000000000e-01
1.367187500000000000e-01
1.293945312500000000e-01
1.269531250000000000e-01
1.342773437500000000e-01
1.293945312500000000e-01
1.318359375000000000e-01
1.318359375000000000e-01
1.318359375000000000e-01
1.293945312500000000e-01
1.245117187500000000e-01
1.367187500000000000e-01
1.342773437500000000e-01
1.269531250000000000e-01
1.269531250000000000e-01
1.367187500000000000e-01
1.098632812500000000e-01
1.269531250000000000e-01
1.367187500000000000e-01
1.245117187500000000e-01
1.342773437500000000e-01
1.391601562500000000e-01
1.367187500000000000e-01
1.318359375000000000e-01
1.245117187500000000e-01
1.269531250000000000e-01
1.318359375000000000e-01
1.245117187500000000e-01
1.293945312500000000e-01
1.342773437500000000e-01
1.342773437500000000e-01
1.318359375000000000e-01
1.318359375000000000e-01
1.318359375000000000e-01
1.391601562500000000e-01
1.367187500000000000e-01
1.220703125000000000e-01
1.245117187500000000e-01
1.318359375000000000e-01
1.342773437500000000e-01
1.416015625000000000e-01
1.196289062500000000e-01
1.367187500000000000e-01
1.342773437500000000e-01
1.293945312500000000e-01
1.367187500000000000e-01
1.245117187500000000e-01
1.196289062500000000e-01
1.293945312500000000e-01
1.245117187500000000e-01
1.269531250000000000e-01
1.318359375000000000e-01
1.391601562500000000e-01
1.318359375000000000e-01
1.342773437500000000e-01
1.318359375000000000e-01
1.123046875000000000e-01
1.245117187500000000e-01
1.293945312500000000e-01
1.220703125000000000e-01
1.342773437500000000e-01
1.220703125000000000e-01
1.318359375000000000e-01
1.269531250000000000e-01
1.318359375000000000e-01
1.293945312500000000e-01
1.245117187500000000e-01
1.367187500000000000e-01
1.318359375000000000e-01
1.416015625000000000e-01
1.318359375000000000e-01
1.220703125000000000e-01
1.391601562500000000e-01
1.318359375000000000e-01
1.269531250000000000e-01
1.171875000000000000e-01
1.293945312500000000e-01
1.318359375000000000e-01
1.318359375000000000e-01
1.416015625000000000e-01
1.196289062500000000e-01
1.269531250000000000e-01
1.367187500000000000e-01
1.293945312500000000e-01
1.391601562500000000e-01
1.318359375000000000e-01
1.220703125000000000e-01
1.269531250000000000e-01
1.367187500000000000e-01
1.269531250000000000e-01
1.220703125000000000e-01
1.293945312500000000e-01
1.342773437500000000e-01
1.245117187500000000e-01
1.220703125000000000e-01
1.293945312500000000e-01
1.367187500000000000e-01
1.245117187500000000e-01
1.342773437500000000e-01
1.318359375000000000e-01
1.269531250000000000e-01
1.318359375000000000e-01
1.367187500000000000e-01
1.391601562500000000e-01
1.220703125000000000e-01
1.367187500000000000e-01
1.367187500000000000e-01
1.220703125000000000e-01
1.245117187500000000e-01
1.391601562500000000e-01
1.342773437500000000e-01
1.318359375000000000e-01
1.318359375000000000e-01
1.416015625000000000e-01
1.367187500000000000e-01
1.416015625000000000e-01
1.440429687500000000e-01
1.440429687500000000e-01
1.293945312500000000e-01
1.416015625000000000e-01
1.367187500000000000e-01
1.269531250000000000e-01
1.318359375000000000e-01
1.367187500000000000e-01
1.245117187500000000e-01
1.293945312500000000e-01
1.293945312500000000e-01
1.293945312500000000e-01
1.220703125000000000e-01
1.049804687500000000e-01
1.293945312500000000e-01
1.342773437500000000e-01
1.367187500000000000e-01
1.318359375000000000e-01
1.342773437500000000e-01
1.342773437500000000e-01
1.489257812500000000e-01
2.026367187500000000e-01
2.539062500000000000e-01
3.100585937500000000e-01
4.345703125000000000e-01
6.567382812500000000e-01
4.785156250000000000e-01
-5.297851562500000000e-01
-6.860351562500000000e-01
-4.736328125000000000e-01
-2.197265625000000000e-02
-1.562500000000000000e-01
5.322265625000000000e-01
8.666992187500000000e-01
7.250976562500000000e-01
5.322265625000000000e-01
-4.980468750000000000e-01
-6.665039062500000000e-01
1.953125000000000000e-02
7.958984375000000000e-01
1.782226562500000000e-01
-6.689453125000000000e-01
-2.661132812500000000e-01
6.372070312500000000e-01
7.031250000000000000e-01
6.567382812500000000e-01
6.933593750000000000e-01
2.783203125000000000e-01
-6.835937500000000000e-01
-6.835937500000000000e-01
-6.054687500000000000e-01
-4.003906250000000000e-01
4.931640625000000000e-01
8.105468750000000000e-01
-2.197265625000000000e-02
-5.932617187500000000e-01
4.882812500000000000e-03
6.396484375000000000e-01
2.465820312500000000e-01
-1.464843750000000000e-01
7.080078125000000000e-02
1.831054687500000000e-01
2.075195312500000000e-01
4.492187500000000000e-01
5.053710937500000000e-01
1.684570312500000000e-01
-1.196289062500000000e-01
-1.464843750000000000e-01
-7.324218750000000000e-03
2.514648437500000000e-01
4.809570312500000000e-01
4.199218750000000000e-01
6.347656250000000000e-02
-1.489257812500000000e-01
0.000000000000000000e+00
2.856445312500000000e-01
4.052734375000000000e-01
2.758789062500000000e-01
7.080078125000000000e-02
2.441406250000000000e-02
4.638671875000000000e-02
7.812500000000000000e-02
1.025390625000000000e-01
1.098632812500000000e-01
9.765625000000000000e-02
4.882812500000000000e-02
2.685546875000000000e-02
2.441406250000000000e-02
6.103515625000000000e-02
1.342773437500000000e-01
1.879882812500000000e-01
2.099609375000000000e-01
2.124023437500000000e-01
1.440429687500000000e-01
6.835937500000000000e-02
5.126953125000000000e-02
5.615234375000000000e-02
3.662109375000000000e-02
5.126953125000000000e-02
1.147460937500000000e-01
2.075195312500000000e-01
2.514648437500000000e-01
2.539062500000000000e-01
2.270507812500000000e-01
1.928710937500000000e-01
1.782226562500000000e-01
1.660156250000000000e-01
1.513671875000000000e-01
1.269531250000000000e-01
1.123046875000000000e-01
1.171875000000000000e-01
1.416015625000000000e-01
1.586914062500000000e-01
1.684570312500000000e-01
1.464843750000000000e-01
1.391601562500000000e-01
1.513671875000000000e-01
1.171875000000000000e-01
8.056640625000000000e-02
7.080078125000000000e-02
8.300781250000000000e-02
9.521484375000000000e-02
8.300781250000000000e-02
7.568359375000000000e-02
1.171875000000000000e-01
1.586914062500000000e-01
1.855468750000000000e-01
1.904296875000000000e-01
1.831054687500000000e-01
1.586914062500000000e-01
1.220703125000000000e-01
9.521484375000000000e-02
1.049804687500000000e-01
1.220703125000000000e-01
1.489257812500000000e-01
1.464843750000000000e-01
1.513671875000000000e-01
1.342773437500000000e-01
1.464843750000000000e-01
1.391601562500000000e-01
1.147460937500000000e-01
1.049804687500000000e-01
1.245117187500000000e-01
1.245117187500000000e-01
1.245117187500000000e-01
1.318359375000000000e-01
1.513671875000000000e-01
1.708984375000000000e-01
1.684570312500000000e-01
1.611328125000000000e-01
1.464843750000000000e-01
1.416015625000000000e-01
1.391601562500000000e-01
1.440429687500000000e-01
1.660156250000000000e-01
1.831054687500000000e-01
1.733398437500000000e-01
1.391601562500000000e-01
1.196289062500000000e-01
1.098632812500000000e-01
1.171875000000000000e-01
1.293945312500000000e-01
1.196289062500000000e-01
1.318359375000000000e-01
1.440429687500000000e-01
1.464843750000000000e-01
1.391601562500000000e-01
1.123046875000000000e-01
1.245117187500000000e-01
1.293945312500000000e-01
1.367187500000000000e-01
1.367187500000000000e-01
1.245117187500000000e-01
1.342773437500000000e-01
1.416015625000000000e-01
1.416015625000000000e-01
1.318359375000000000e-01
1.196289062500000000e-01
1.367187500000000000e-01
1.342773437500000000e-01
1.245117187500000000e-01
1.196289062500000000e-01
1.220703125000000000e-01
1.318359375000000000e-01
1.293945312500000000e-01
1.245117187500000000e-01
1.293945312500000000e-01
1.318359375000000000e-01
1.440429687500000000e-01
1.635742187500000000e-01
1.513671875000000000e-01
1.196289062500000000e-01
1.098632812500000000e-01
1.196289062500000000e-01
1.220703125000000000e-01
1.074218750000000000e-01
1.098632812500000000e-01
1.196289062500000000e-01
1.464843750000000000e-01
1.440429687500000000e-01
1.489257812500000000e-01
1.367187500000000000e-01
1.464843750000000000e-01
1.513671875000000000e-01
1.440429687500000000e-01
1.489257812500000000e-01
1.391601562500000000e-01
1.416015625000000000e-01
1.440429687500000000e-01
1.464843750000000000e-01
1.611328125000000000e-01
1.367187500000000000e-01
1.318359375000000000e-01
1.196289062500000000e-01
1.293945312500000000e-01
1.171875000000000000e-01
1.269531250000000000e-01
1.245117187500000000e-01
1.098632812500000000e-01
1.074218750000000000e-01
1.098632812500000000e-01
1.049804687500000000e-01
1.049804687500000000e-01
1.123046875000000000e-01
1.269531250000000000e-01
1.318359375000000000e-01
1.318359375000000000e-01
1.464843750000000000e-01
1.464843750000000000e-01
1.538085937500000000e-01
1.440429687500000000e-01
1.220703125000000000e-01
1.269531250000000000e-01
1.220703125000000000e-01
1.147460937500000000e-01
1.171875000000000000e-01
1.147460937500000000e-01
1.245117187500000000e-01
1.220703125000000000e-01
1.342773437500000000e-01
1.464843750000000000e-01
1.440429687500000000e-01
1.416015625000000000e-01
1.391601562500000000e-01
1.440429687500000000e-01
1.538085937500000000e-01
1.440429687500000000e-01
1.342773437500000000e-01
1.293945312500000000e-01
1.318359375000000000e-01
1.293945312500000000e-01
1.293945312500000000e-01
1.318359375000000000e-01
1.293945312500000000e-01
1.464843750000000000e-01
1.440429687500000000e-01
1.440429687500000000e-01
1.318359375000000000e-01
1.196289062500000000e-01
1.245117187500000000e-01
1.245117187500000000e-01
1.318359375000000000e-01
1.293945312500000000e-01
1.269531250000000000e-01
1.293945312500000000e-01
1.367187500000000000e-01
1.342773437500000000e-01
1.342773437500000000e-01
1.196289062500000000e-01
1.147460937500000000e-01
1.220703125000000000e-01
1.269531250000000000e-01
1.196289062500000000e-01
1.074218750000000000e-01
1.196289062500000000e-01
1.269531250000000000e-01
1.147460937500000000e-01
1.293945312500000000e-01
1.293945312500000000e-01
1.342773437500000000e-01
1.440429687500000000e-01
1.513671875000000000e-01
1.416015625000000000e-01
1.489257812500000000e-01
1.489257812500000000e-01
1.391601562500000000e-01
1.391601562500000000e-01
1.464843750000000000e-01
1.391601562500000000e-01
1.318359375000000000e-01
1.318359375000000000e-01
1.245117187500000000e-01
1.391601562500000000e-01
1.220703125000000000e-01
1.220703125000000000e-01
1.318359375000000000e-01
1.342773437500000000e-01
1.416015625000000000e-01
1.269531250000000000e-01
1.220703125000000000e-01
1.318359375000000000e-01
1.342773437500000000e-01
1.489257812500000000e-01
1.342773437500000000e-01
1.464843750000000000e-01
1.489257812500000000e-01
1.245117187500000000e-01
1.220703125000000000e-01
1.171875000000000000e-01
1.220703125000000000e-01
1.123046875000000000e-01
1.220703125000000000e-01
1.220703125000000000e-01
1.074218750000000000e-01
1.171875000000000000e-01
1.293945312500000000e-01
1.220703125000000000e-01
1.220703125000000000e-01
1.293945312500000000e-01
1.367187500000000000e-01
1.416015625000000000e-01
1.269531250000000000e-01
1.416015625000000000e-01
1.440429687500000000e-01
1.367187500000000000e-01
1.538085937500000000e-01
1.391601562500000000e-01
1.342773437500000000e-01
1.416015625000000000e-01
1.391601562500000000e-01
1.342773437500000000e-01
1.489257812500000000e-01
1.367187500000000000e-01
1.342773437500000000e-01
1.464843750000000000e-01
1.464843750000000000e-01
1.367187500000000000e-01
1.245117187500000000e-01
1.342773437500000000e-01
1.489257812500000000e-01
1.440429687500000000e-01
1.440429687500000000e-01
1.538085937500000000e-01
1.391601562500000000e-01
1.269531250000000000e-01
1.293945312500000000e-01
1.464843750000000000e-01
1.269531250000000000e-01
1.171875000000000000e-01
1.098632812500000000e-01
1.049804687500000000e-01
1.074218750000000000e-01
1.171875000000000000e-01
1.220703125000000000e-01
1.220703125000000000e-01
1.245117187500000000e-01
1.196289062500000000e-01
1.391601562500000000e-01
1.489257812500000000e-01
1.416015625000000000e-01
1.391601562500000000e-01
1.513671875000000000e-01
1.489257812500000000e-01
1.513671875000000000e-01
1.489257812500000000e-01
1.416015625000000000e-01
1.367187500000000000e-01
1.342773437500000000e-01
1.342773437500000000e-01
1.367187500000000000e-01
1.342773437500000000e-01
1.245117187500000000e-01
1.367187500000000000e-01
1.367187500000000000e-01
1.367187500000000000e-01
1.245117187500000000e-01
1.464843750000000000e-01
1.562500000000000000e-01
1.440429687500000000e-01
1.318359375000000000e-01
1.367187500000000000e-01
1.342773437500000000e-01
1.318359375000000000e-01
1.416015625000000000e-01
1.342773437500000000e-01
1.196289062500000000e-01
1.342773437500000000e-01
1.367187500000000000e-01
1.269531250000000000e-01
1.391601562500000000e-01
1.391601562500000000e-01
1.416015625000000000e-01
1.538085937500000000e-01
1.367187500000000000e-01
1.342773437500000000e-01
1.391601562500000000e-01
1.416015625000000000e-01
1.538085937500000000e-01
1.318359375000000000e-01
1.440429687500000000e-01
1.416015625000000000e-01
1.538085937500000000e-01
1.416015625000000000e-01
1.318359375000000000e-01
1.245117187500000000e-01
1.342773437500000000e-01
1.269531250000000000e-01
1.318359375000000000e-01
1.293945312500000000e-01
1.293945312500000000e-01
1.245117187500000000e-01
1.318359375000000000e-01
1.440429687500000000e-01
1.318359375000000000e-01
1.440429687500000000e-01
1.464843750000000000e-01
1.293945312500000000e-01
1.293945312500000000e-01
1.342773437500000000e-01
1.342773437500000000e-01
1.318359375000000000e-01
1.538085937500000000e-01
1.367187500000000000e-01
1.196289062500000000e-01
1.293945312500000000e-01
1.440429687500000000e-01
1.342773437500000000e-01
1.318359375000000000e-01
1.318359375000000000e-01
1.318359375000000000e-01
1.464843750000000000e-01
1.513671875000000000e-01
1.513671875000000000e-01
1.611328125000000000e-01
1.342773437500000000e-01
1.123046875000000000e-01
1.391601562500000000e-01
1.367187500000000000e-01
1.416015625000000000e-01
1.367187500000000000e-01
1.318359375000000000e-01
1.318359375000000000e-01
1.464843750000000000e-01
1.367187500000000000e-01
1.342773437500000000e-01
1.342773437500000000e-01
1.293945312500000000e-01
1.293945312500000000e-01
1.318359375000000000e-01
1.367187500000000000e-01
1.367187500000000000e-01
1.342773437500000000e-01
1.367187500000000000e-01
1.391601562500000000e-01
1.245117187500000000e-01
1.269531250000000000e-01
1.269531250000000000e-01
1.269531250000000000e-01
1.367187500000000000e-01
1.464843750000000000e-01
1.342773437500000000e-01
1.196289062500000000e-01
1.464843750000000000e-01
1.318359375000000000e-01
1.293945312500000000e-01
1.220703125000000000e-01
1.123046875000000000e-01
1.196289062500000000e-01
1.342773437500000000e-01
1.391601562500000000e-01
1.464843750000000000e-01
1.391601562500000000e-01
1.269531250000000000e-01
1.342773437500000000e-01
1.269531250000000000e-01
1.245117187500000000e-01
1.293945312500000000e-01
1.391601562500000000e-01
1.391601562500000000e-01
1.391601562500000000e-01
1.513671875000000000e-01
1.391601562500000000e-01
1.342773437500000000e-01
1.318359375000000000e-01
1.342773437500000000e-01
1.342773437500000000e-01
1.293945312500000000e-01
1.367187500000000000e-01
1.269531250000000000e-01
1.318359375000000000e-01
1.367187500000000000e-01
1.367187500000000000e-01
1.391601562500000000e-01
1.464843750000000000e-01
1.440429687500000000e-01
1.293945312500000000e-01
1.342773437500000000e-01
1.245117187500000000e-01
1.367187500000000000e-01
1.489257812500000000e-01
1.196289062500000000e-01
1.318359375000000000e-01
1.416015625000000000e-01
1.269531250000000000e-01
1.318359375000000000e-01
1.293945312500000000e-01
1.391601562500000000e-01
1.342773437500000000e-01
1.464843750000000000e-01
1.391601562500000000e-01
1.123046875000000000e-01
1.367187500000000000e-01
1.513671875000000000e-01
1.464843750000000000e-01
1.171875000000000000e-01
1.147460937500000000e-01
1.342773437500000000e-01
1.464843750000000000e-01
1.464843750000000000e-01
1.513671875000000000e-01
1.391601562500000000e-01
1.367187500000000000e-01
1.416015625000000000e-01
1.464843750000000000e-01
1.342773437500000000e-01
1.293945312500000000e-01
1.147460937500000000e-01
1.196289062500000000e-01
1.367187500000000000e-01
1.318359375000000000e-01
1.440429687500000000e-01
1.440429687500000000e-01
1.367187500000000000e-01
1.220703125000000000e-01
1.367187500000000000e-01
1.391601562500000000e-01
1.416015625000000000e-01
1.293945312500000000e-01
1.440429687500000000e-01
1.391601562500000000e-01
1.342773437500000000e-01
1.269531250000000000e-01
1.293945312500000000e-01
1.391601562500000000e-01
1.342773437500000000e-01
1.416015625000000000e-01
1.391601562500000000e-01
1.123046875000000000e-01
1.293945312500000000e-01
1.367187500000000000e-01
1.220703125000000000e-01
1.245117187500000000e-01
1.220703125000000000e-01
1.245117187500000000e-01
1.391601562500000000e-01
1.586914062500000000e-01
1.586914062500000000e-01
1.367187500000000000e-01
1.367187500000000000e-01
1.464843750000000000e-01
1.342773437500000000e-01
1.342773437500000000e-01
1.416015625000000000e-01
1.416015625000000000e-01
1.440429687500000000e-01
1.440429687500000000e-01
1.147460937500000000e-01
1.171875000000000000e-01
1.391601562500000000e-01
1.293945312500000000e-01
1.513671875000000000e-01
1.489257812500000000e-01
1.318359375000000000e-01
1.342773437500000000e-01
1.293945312500000000e-01
1.367187500000000000e-01
1.367187500000000000e-01
1.440429687500000000e-01
1.367187500000000000e-01
1.220703125000000000e-01
1.318359375000000000e-01
1.293945312500000000e-01
1.196289062500000000e-01
1.196289062500000000e-01
1.367187500000000000e-01
1.196289062500000000e-01
1.489257812500000000e-01
1.269531250000000000e-01
1.098632812500000000e-01
1.269531250000000000e-01
1.391601562500000000e-01
1.464843750000000000e-01
1.147460937500000000e-01
1.171875000000000000e-01
1.245117187500000000e-01
1.513671875000000000e-01
1.367187500000000000e-01
1.269531250000000000e-01
1.293945312500000000e-01
1.318359375000000000e-01
1.220703125000000000e-01
1.196289062500000000e-01
1.440429687500000000e-01
1.538085937500000000e-01
1.538085937500000000e-01
1.318359375000000000e-01
1.098632812500000000e-01
1.293945312500000000e-01
1.318359375000000000e-01
1.391601562500000000e-01
1.416015625000000000e-01
1.367187500000000000e-01
1.391601562500000000e-01
1.245117187500000000e-01
1.318359375000000000e-01
1.171875000000000000e-01
1.269531250000000000e-01
1.245117187500000000e-01
1.293945312500000000e-01
1.147460937500000000e-01
1.293945312500000000e-01
1.269531250000000000e-01
1.391601562500000000e-01
1.391601562500000000e-01
1.342773437500000000e-01
1.147460937500000000e-01
1.025390625000000000e-01
1.342773437500000000e-01
1.464843750000000000e-01
1.293945312500000000e-01
1.269531250000000000e-01
1.293945312500000000e-01
1.342773437500000000e-01
1.440429687500000000e-01
1.245117187500000000e-01
1.269531250000000000e-01
1.342773437500000000e-01
1.367187500000000000e-01
1.293945312500000000e-01
1.367187500000000000e-01
1.391601562500000000e-01
1.074218750000000000e-01
1.318359375000000000e-01
1.367187500000000000e-01
1.489257812500000000e-01
1.440429687500000000e-01
1.367187500000000000e-01
1.367187500000000000e-01
1.342773437500000000e-01
1.293945312500000000e-01
1.318359375000000000e-01
1.245117187500000000e-01
1.171875000000000000e-01
1.269531250000000000e-01
1.293945312500000000e-01
1.342773437500000000e-01
1.269531250000000000e-01
1.025390625000000000e-01
1.147460937500000000e-01
1.245117187500000000e-01
1.464843750000000000e-01
1.416015625000000000e-01
1.269531250000000000e-01
1.220703125000000000e-01
1.123046875000000000e-01
1.171875000000000000e-01
1.318359375000000000e-01
1.220703125000000000e-01
1.220703125000000000e-01
1.269531250000000000e-01
1.196289062500000000e-01
1.318359375000000000e-01
1.220703125000000000e-01
1.171875000000000000e-01
1.440429687500000000e-01
1.293945312500000000e-01
1.269531250000000000e-01
1.416015625000000000e-01
1.269531250000000000e-01
1.098632812500000000e-01
1.318359375000000000e-01
1.513671875000000000e-01
1.464843750000000000e-01
1.171875000000000000e-01
1.220703125000000000e-01
1.3671875000000