1.464843750000000000e-01
1.440429687500000000e-01
1.391601562500000000e-01
1.416015625000000000e-01
1.367187500000000000e-01
1.342773437500000000e-01
1.416015625000000000e-01
1.367187500000000000e-01
1.391601562500000000e-01
1.440429687500000000e-01
1.464843750000000000e-01
1.342773437500000000e-01
1.464843750000000000e-01
1.318359375000000000e-01
1.416015625000000000e-01
1.367187500000000000e-01
1.367187500000000000e-01
1.391601562500000000e-01
1.391601562500000000e-01
1.391601562500000000e-01
1.416015625000000000e-01
1.318359375000000000e-01
1.416015625000000000e-01
1.416015625000000000e-01
1.342773437500000000e-01
1.391601562500000000e-01
1.416015625000000000e-01
1.293945312500000000e-01
1.367187500000000000e-01
1.416015625000000000e-01
1.318359375000000000e-01
1.342773437500000000e-01
1.416015625000000000e-01
1.391601562500000000e-01
1.342773437500000000e-01
1.416015625000000000e-01
1.342773437500000000e-01
1.416015625000000000e-01
1.416015625000000000e-01
1.391601562500000000e-01
1.318359375000000000e-01
1.440429687500000000e-01
1.391601562500000000e-01
1.318359375000000000e-01
1.367187500000000000e-01
1.391601562500000000e-01
1.367187500000000000e-01
1.391601562500000000e-01
1.342773437500000000e-01
1.293945312500000000e-01
1.391601562500000000e-01
1.416015625000000000e-01
1.367187500000000000e-01
1.391601562500000000e-01
1.318359375000000000e-01
1.367187500000000000e-01
1.367187500000000000e-01
1.416015625000000000e-01
1.416015625000000000e-01
1.342773437500000000e-01
1.342773437500000000e-01
1.391601562500000000e-01
1.293945312500000000e-01
1.318359375000000000e-01
1.342773437500000000e-01
1.391601562500000000e-01
1.440429687500000000e-01
1.318359375000000000e-01
1.391601562500000000e-01
1.367187500000000000e-01
1.367187500000000000e-01
1.342773437500000000e-01
1.342773437500000000e-01
1.391601562500000000e-01
1.342773437500000000e-01
1.367187500000000000e-01
1.318359375000000000e-01
1.416015625000000000e-01
1.391601562500000000e-01
1.391601562500000000e-01
1.440429687500000000e-01
1.342773437500000000e-01
1.342773437500000000e-01
1.440429687500000000e-01
1.440429687500000000e-01
1.391601562500000000e-01
1.367187500000000000e-01
1.367187500000000000e-01
1.367187500000000000e-01
1.367187500000000000e-01
1.342773437500000000e-01
1.440429687500000000e-01
1.440429687500000000e-01
1.416015625000000000e-01
1.416015625000000000e-01
1.391601562500000000e-01
1.318359375000000000e-01
1.318359375000000000e-01
1.416015625000000000e-01
1.416015625000000000e-01
1.391601562500000000e-01
1.391601562500000000e-01
1.367187500000000000e-01
1.440429687500000000e-01
1.342773437500000000e-01
1.391601562500000000e-01
1.416015625000000000e-01
1.416015625000000000e-01
1.416015625000000000e-01
1.416015625000000000e-01
1.367187500000000000e-01
1.391601562500000000e-01
1.318359375000000000e-01
1.367187500000000000e-01
1.391601562500000000e-01
1.367187500000000000e-01
1.318359375000000000e-01
1.440429687500000000e-01
1.367187500000000000e-01
1.318359375000000000e-01
1.416015625000000000e-01
1.269531250000000000e-01
1.391601562500000000e-01
1.342773437500000000e-01
1.391601562500000000e-01
1.342773437500000000e-01
1.342773437500000000e-01
1.367187500000000000e-01
1.367187500000000000e-01
1.367187500000000000e-01
1.416015625000000000e-01
1.318359375000000000e-01
1.342773437500000000e-01
1.367187500000000000e-01
1.342773437500000000e-01
1.391601562500000000e-01
1.416015625000000000e-01
1.342773437500000000e-01
1.440429687500000000e-01
1.367187500000000000e-01
1.391601562500000000e-01
1.293945312500000000e-01
1.342773437500000000e-01
1.391601562500000000e-01
1.464843750000000000e-01
1.416015625000000000e-01
1.391601562500000000e-01
1.464843750000000000e-01
1.416015625000000000e-01
1.440429687500000000e-01
1.342773437500000000e-01
1.440429687500000000e-01
1.367187500000000000e-01
1.416015625000000000e-01
1.367187500000000000e-01
1.391601562500000000e-01
1.464843750000000000e-01
1.416015625000000000e-01
1.318359375000000000e-01
1.440429687500000000e-01
1.367187500000000000e-01
1.342773437500000000e-01
1.464843750000000000e-01
1.367187500000000000e-01
1.342773437500000000e-01
1.416015625000000000e-01
1.416015625000000000e-01
1.367187500000000000e-01
1.416015625000000000e-01
1.367187500000000000e-01
1.391601562500000000e-01
1.342773437500000000e-01
1.391601562500000000e-01
1.367187500000000000e-01
1.416015625000000000e-01
1.367187500000000000e-01
1.464843750000000000e-01
1.318359375000000000e-01
1.269531250000000000e-01
1.440429687500000000e-01
1.367187500000000000e-01
1.440429687500000000e-01
1.342773437500000000e-01
1.440429687500000000e-01
1.367187500000000000e-01
1.464843750000000000e-01
1.367187500000000000e-01
1.318359375000000000e-01
1.342773437500000000e-01
1.367187500000000000e-01
1.391601562500000000e-01
1.367187500000000000e-01
1.342773437500000000e-01
1.367187500000000000e-01
1.391601562500000000e-01
1.318359375000000000e-01
1.342773437500000000e-01
1.391601562500000000e-01
1.391601562500000000e-01
1.391601562500000000e-01
1.318359375000000000e-01
1.269531250000000000e-01
1.367187500000000000e-01
1.293945312500000000e-01
1.342773437500000000e-01
1.318359375000000000e-01
1.391601562500000000e-01
1.318359375000000000e-01
1.391601562500000000e-01
1.367187500000000000e-01
1.440429687500000000e-01
1.367187500000000000e-01
1.464843750000000000e-01
1.464843750000000000e-01
1.367187500000000000e-01
1.318359375000000000e-01
1.367187500000000000e-01
1.391601562500000000e-01
1.342773437500000000e-01
1.367187500000000000e-01
1.391601562500000000e-01
1.391601562500000000e-01
1.367187500000000000e-01
1.391601562500000000e-01
1.342773437500000000e-01
1.440429687500000000e-01
1.342773437500000000e-01
1.440429687500000000e-01
1.367187500000000000e-01
1.391601562500000000e-01
1.367187500000000000e-01
1.416015625000000000e-01
1.391601562500000000e-01
1.367187500000000000e-01
1.416015625000000000e-01
1.489257812500000000e-01
1.416015625000000000e-01
1.440429687500000000e-01
1.391601562500000000e-01
1.464843750000000000e-01
1.342773437500000000e-01
1.440429687500000000e-01
1.391601562500000000e-01
1.440429687500000000e-01
1.416015625000000000e-01
1.391601562500000000e-01
1.367187500000000000e-01
1.342773437500000000e-01
1.440429687500000000e-01
1.391601562500000000e-01
1.342773437500000000e-01
1.367187500000000000e-01
1.367187500000000000e-01
1.367187500000000000e-01
1.440429687500000000e-01
1.318359375000000000e-01
1.489257812500000000e-01
1.367187500000000000e-01
1.293945312500000000e-01
1.367187500000000000e-01
1.391601562500000000e-01
1.367187500000000000e-01
1.391601562500000000e-01
1.391601562500000000e-01
1.342773437500000000e-01
1.367187500000000000e-01
1.318359375000000000e-01
1.367187500000000000e-01
1.440429687500000000e-01
1.342773437500000000e-01
1.391601562500000000e-01
1.416015625000000000e-01
1.391601562500000000e-01
1.367187500000000000e-01
1.318359375000000000e-01
1.342773437500000000e-01
1.391601562500000000e-01
1.391601562500000000e-01
1.318359375000000000e-01
1.367187500000000000e-01
1.391601562500000000e-01
1.342773437500000000e-01
1.318359375000000000e-01
1.342773437500000000e-01
1.416015625000000000e-01
1.391601562500000000e-01
1.367187500000000000e-01
1.293945312500000000e-01
1.367187500000000000e-01
1.416015625000000000e-01
1.416015625000000000e-01
1.391601562500000000e-01
1.367187500000000000e-01
1.391601562500000000e-01
1.391601562500000000e-01
1.391601562500000000e-01
1.391601562500000000e-01
1.342773437500000000e-01
1.391601562500000000e-01
1.391601562500000000e-01
1.416015625000000000e-01
1.367187500000000000e-01
1.367187500000000000e-01
1.367187500000000000e-01
1.416015625000000000e-01
1.416015625000000000e-01
1.464843750000000000e-01
1.391601562500000000e-01
1.440429687500000000e-01
1.391601562500000000e-01
1.464843750000000000e-01
1.440429687500000000e-01
1.440429687500000000e-01
1.440429687500000000e-01
1.513671875000000000e-01
1.416015625000000000e-01
1.416015625000000000e-01
1.391601562500000000e-01
1.440429687500000000e-01
1.391601562500000000e-01
1.391601562500000000e-01
1.464843750000000000e-01
1.391601562500000000e-01
1.416015625000000000e-01
1.416015625000000000e-01
1.440429687500000000e-01
1.489257812500000000e-01
1.367187500000000000e-01
1.416015625000000000e-01
1.391601562500000000e-01
1.416015625000000000e-01
1.440429687500000000e-01
1.513671875000000000e-01
1.464843750000000000e-01
1.416015625000000000e-01
1.367187500000000000e-01
1.391601562500000000e-01
1.391601562500000000e-01
1.416015625000000000e-01
1.416015625000000000e-01
1.367187500000000000e-01
1.416015625000000000e-01
1.367187500000000000e-01
1.367187500000000000e-01
1.464843750000000000e-01
1.440429687500000000e-01
1.416015625000000000e-01
1.440429687500000000e-01
1.391601562500000000e-01
1.416015625000000000e-01
1.440429687500000000e-01
1.416015625000000000e-01
1.391601562500000000e-01
1.416015625000000000e-01
1.416015625000000000e-01
1.440429687500000000e-01
1.367187500000000000e-01
1.367187500000000000e-01
1.391601562500000000e-01
1.440429687500000000e-01
1.416015625000000000e-01
1.367187500000000000e-01
1.416015625000000000e-01
1.464843750000000000e-01
1.391601562500000000e-01
1.489257812500000000e-01
1.391601562500000000e-01
1.367187500000000000e-01
1.440429687500000000e-01
1.489257812500000000e-01
1.367187500000000000e-01
1.318359375000000000e-01
1.367187500000000000e-01
1.440429687500000000e-01
1.464843750000000000e-01
1.513671875000000000e-01
1.464843750000000000e-01
1.391601562500000000e-01
1.220703125000000000e-01
1.196289062500000000e-01
1.416015625000000000e-01
1.757812500000000000e-01
1.684570312500000000e-01
1.367187500000000000e-01
1.171875000000000000e-01
3.662109375000000000e-02
-3.662109375000000000e-02
2.026367187500000000e-01
6.250000000000000000e-01
2.880859375000000000e-01
-4.785156250000000000e-01
-2.343750000000000000e-01
6.494140625000000000e-01
5.810546875000000000e-01
-3.002929687500000000e-01
-3.051757812500000000e-01
3.222656250000000000e-01
2.636718750000000000e-01
1.049804687500000000e-01
2.319335937500000000e-01
2.099609375000000000e-01
6.103515625000000000e-02
1.318359375000000000e-01
1.977539062500000000e-01
1.245117187500000000e-01
8.056640625000000000e-02
1.855468750000000000e-01
2.539062500000000000e-01
1.611328125000000000e-01
6.103515625000000000e-02
7.324218750000000000e-02
1.196289062500000000e-01
1.489257812500000000e-01
1.831054687500000000e-01
1.806640625000000000e-01
1.098632812500000000e-01
5.615234375000000000e-02
1.123046875000000000e-01
1.855468750000000000e-01
1.562500000000000000e-01
8.300781250000000000e-02
1.147460937500000000e-01
2.319335937500000000e-01
2.514648437500000000e-01
8.789062500000000000e-02
-2.929687500000000000e-02
8.789062500000000000e-02
2.685546875000000000e-01
2.758789062500000000e-01
1.318359375000000000e-01
3.417968750000000000e-02
7.324218750000000000e-02
1.562500000000000000e-01
1.904296875000000000e-01
1.757812500000000000e-01
1.318359375000000000e-01
1.049804687500000000e-01
1.147460937500000000e-01
1.440429687500000000e-01
1.782226562500000000e-01
1.684570312500000000e-01
1.416015625000000000e-01
1.098632812500000000e-01
1.245117187500000000e-01
1.562500000000000000e-01
1.538085937500000000e-01
1.196289062500000000e-01
1.098632812500000000e-01
1.367187500000000000e-01
1.538085937500000000e-01
1.440429687500000000e-01
1.318359375000000000e-01
1.367187500000000000e-01
1.318359375000000000e-01
1.293945312500000000e-01
1.416015625000000000e-01
1.464843750000000000e-01
1.367187500000000000e-01
1.293945312500000000e-01
1.416015625000000000e-01
1.342773437500000000e-01
1.391601562500000000e-01
1.513671875000000000e-01
1.440429687500000000e-01
1.367187500000000000e-01
1.245117187500000000e-01
1.318359375000000000e-01
1.440429687500000000e-01
1.464843750000000000e-01
1.513671875000000000e-01
1.489257812500000000e-01
1.293945312500000000e-01
1.391601562500000000e-01
1.416015625000000000e-01
1.391601562500000000e-01
1.416015625000000000e-01
1.440429687500000000e-01
1.464843750000000000e-01
1.440429687500000000e-01
1.391601562500000000e-01
1.489257812500000000e-01
1.440429687500000000e-01
1.367187500000000000e-01
1.269531250000000000e-01
1.464843750000000000e-01
1.416015625000000000e-01
1.367187500000000000e-01
1.440429687500000000e-01
1.489257812500000000e-01
1.391601562500000000e-01
1.513671875000000000e-01
1.489257812500000000e-01
1.318359375000000000e-01
1.367187500000000000e-01
1.391601562500000000e-01
1.391601562500000000e-01
1.367187500000000000e-01
1.440429687500000000e-01
1.342773437500000000e-01
1.440429687500000000e-01
1.391601562500000000e-01
1.367187500000000000e-01
1.391601562500000000e-01
1.416015625000000000e-01
1.416015625000000000e-01
1.391601562500000000e-01
1.416015625000000000e-01
1.464843750000000000e-01
1.391601562500000000e-01
1.269531250000000000e-01
1.342773437500000000e-01
1.391601562500000000e-01
1.416015625000000000e-01
1.464843750000000000e-01
1.391601562500000000e-01
1.440429687500000000e-01
1.391601562500000000e-01
1.367187500000000000e-01
1.342773437500000000e-01
1.367187500000000000e-01
1.318359375000000000e-01
1.440429687500000000e-01
1.464843750000000000e-01
1.391601562500000000e-01
1.367187500000000000e-01
1.367187500000000000e-01
1.416015625000000000e-01
1.318359375000000000e-01
1.342773437500000000e-01
1.391601562500000000e-01
1.318359375000000000e-01
1.367187500000000000e-01
1.391601562500000000e-01
1.342773437500000000e-01
1.391601562500000000e-01
1.391601562500000000e-01
1.367187500000000000e-01
1.342773437500000000e-01
1.293945312500000000e-01
1.342773437500000000e-01
1.367187500000000000e-01
1.416015625000000000e-01
1.342773437500000000e-01
1.293945312500000000e-01
1.293945312500000000e-01
1.391601562500000000e-01
1.416015625000000000e-01
1.318359375000000000e-01
1.440429687500000000e-01
1.318359375000000000e-01
1.367187500000000000e-01
1.391601562500000000e-01
1.367187500000000000e-01
1.318359375000000000e-01
1.318359375000000000e-01
1.391601562500000000e-01
1.391601562500000000e-01
1.293945312500000000e-01
1.391601562500000000e-01
1.391601562500000000e-01
1.391601562500000000e-01
1.391601562500000000e-01
1.367187500000000000e-01
1.416015625000000000e-01
1.391601562500000000e-01
1.342773437500000000e-01
1.416015625000000000e-01
1.391601562500000000e-01
1.513671875000000000e-01
1.342773437500000000e-01
1.440429687500000000e-01
1.391601562500000000e-01
1.293945312500000000e-01
1.367187500000000000e-01
1.391601562500000000e-01
1.342773437500000000e-01
1.342773437500000000e-01
1.391601562500000000e-01
1.367187500000000000e-01
1.391601562500000000e-01
1.293945312500000000e-01
1.391601562500000000e-01
1.293945312500000000e-01
1.416015625000000000e-01
1.440429687500000000e-01
1.391601562500000000e-01
1.342773437500000000e-01
1.342773437500000000e-01
1.293945312500000000e-01
1.391601562500000000e-01
1.342773437500000000e-01
1.342773437500000000e-01
1.391601562500000000e-01
1.391601562500000000e-01
1.318359375000000000e-01
1.367187500000000000e-01
1.391601562500000000e-01
1.342773437500000000e-01
1.293945312500000000e-01
1.342773437500000000e-01
1.342773437500000000e-01
1.367187500000000000e-01
1.318359375000000000e-01
1.367187500000000000e-01
1.342773437500000000e-01
1.367187500000000000e-01
1.391601562500000000e-01
1.489257812500000000e-01
1.342773437500000000e-01
1.391601562500000000e-01
1.367187500000000000e-01
1.391601562500000000e-01
1.391601562500000000e-01
1.464843750000000000e-01
1.391601562500000000e-01
1.391601562500000000e-01
1.440429687500000000e-01
1.367187500000000000e-01
1.440429687500000000e-01
1.367187500000000000e-01
1.318359375000000000e-01
1.391601562500000000e-01
1.367187500000000000e-01
1.464843750000000000e-01
1.416015625000000000e-01
1.342773437500000000e-01
1.293945312500000000e-01
1.464843750000000000e-01
1.464843750000000000e-01
1.416015625000000000e-01
1.416015625000000000e-01
1.342773437500000000e-01
1.367187500000000000e-01
1.293945312500000000e-01
1.367187500000000000e-01
1.342773437500000000e-01
1.416015625000000000e-01
1.416015625000000000e-01
1.367187500000000000e-01
1.391601562500000000e-01
1.416015625000000000e-01
1.318359375000000000e-01
1.367187500000000000e-01
1.416015625000000000e-01
1.342773437500000000e-01
1.440429687500000000e-01
1.367187500000000000e-01
1.391601562500000000e-01
1.367187500000000000e-01
1.440429687500000000e-01
1.367187500000000000e-01
1.293945312500000000e-01
1.416015625000000000e-01
1.293945312500000000e-01
1.342773437500000000e-01
1.464843750000000000e-01
1.367187500000000000e-01
1.489257812500000000e-01
1.342773437500000000e-01
1.391601562500000000e-01
1.391601562500000000e-01
1.367187500000000000e-01
1.318359375000000000e-01
1.391601562500000000e-01
1.391601562500000000e-01
1.416015625000000000e-01
1.391601562500000000e-01
1.464843750000000000e-01
1.318359375000000000e-01
1.391601562500000000e-01
1.464843750000000000e-01
1.342773437500000000e-01
1.342773437500000000e-01
1.416015625000000000e-01
1.391601562500000000e-01
1.416015625000000000e-01
1.416015625000000000e-01
1.318359375000000000e-01
1.440429687500000000e-01
1.367187500000000000e-01
1.416015625000000000e-01
1.367187500000000000e-01
1.416015625000000000e-01
1.391601562500000000e-01
1.416015625000000000e-01
1.342773437500000000e-01
1.489257812500000000e-01
1.342773437500000000e-01
1.367187500000000000e-01
1.342773437500000000e-01
1.489257812500000000e-01
1.391601562500000000e-01
1.391601562500000000e-01
1.367187500000000000e-01
1.464843750000000000e-01
1.391601562500000000e-01
1.416015625000000000e-01
1.440429687500000000e-01
1.440429687500000000e-01
1.464843750000000000e-01
1.391601562500000000e-01
1.391601562500000000e-01
1.245117187500000000e-01
1.440429687500000000e-01
1.416015625000000000e-01
1.440429687500000000e-01
1.440429687500000000e-01
1.440429687500000000e-01
1.513671875000000000e-01
1.342773437500000000e-01
1.489257812500000000e-01
1.367187500000000000e-01
1.464843750000000000e-01
1.391601562500000000e-01
1.440429687500000000e-01
1.416015625000000000e-01
1.464843750000000000e-01
1.440429687500000000e-01
1.367187500000000000e-01
1.440429687500000000e-01
1.489257812500000000e-01
1.440429687500000000e-01
1.293945312500000000e-01
1.464843750000000000e-01
1.391601562500000000e-01
1.391601562500000000e-01
1.440429687500000000e-01
1.416015625000000000e-01
1.416015625000000000e-01
1.391601562500000000e-01
1.318359375000000000e-01
1.367187500000000000e-01
1.367187500000000000e-01
1.464843750000000000e-01
1.391601562500000000e-01
1.416015625000000000e-01
1.416015625000000000e-01
1.440429687500000000e-01
1.391601562500000000e-01
1.367187500000000000e-01
1.391601562500000000e-01
1.367187500000000000e-01
1.440429687500000000e-01
1.318359375000000000e-01
1.416015625000000000e-01
1.342773437500000000e-01
1.440429687500000000e-01
1.416015625000000000e-01
1.342773437500000000e-01
1.416015625000000000e-01
1.269531250000000000e-01
1.464843750000000000e-01
1.391601562500000000e-01
1.391601562500000000e-01
1.416015625000000000e-01
1.318359375000000000e-01
1.391601562500000000e-01
1.342773437500000000e-01
1.342773437500000000e-01
1.416015625000000000e-01
1.464843750000000000e-01
1.464843750000000000e-01
1.269531250000000000e-01
1.440429687500000000e-01
1.440429687500000000e-01
1.318359375000000000e-01
1.464843750000000000e-01
1.391601562500000000e-01
1.440429687500000000e-01
1.391601562500000000e-01
1.391601562500000000e-01
1.391601562500000000e-01
1.489257812500000000e-01
1.440429687500000000e-01
1.416015625000000000e-01
1.440429687500000000e-01
1.391601562500000000e-01
1.391601562500000000e-01
1.342773437500000000e-01
1.391601562500000000e-01
1.440429687500000000e-01
1.464843750000000000e-01
1.342773437500000000e-01
1.391601562500000000e-01
1.367187500000000000e-01
1.416015625000000000e-01
1.367187500000000000e-01
1.342773437500000000e-01
1.416015625000000000e-01
1.367187500000000000e-01
1.391601562500000000e-01
1.416015625000000000e-01
1.367187500000000000e-01
1.464843750000000000e-01
1.489257812500000000e-01
1.416015625000000000e-01
1.489257812500000000e-01
1.367187500000000000e-01
1.391601562500000000e-01
1.440429687500000000e-01
1.440429687500000000e-01
1.489257812500000000e-01
1.367187500000000000e-01
1.464843750000000000e-01
1.464843750000000000e-01
1.416015625000000000e-01
1.391601562500000000e-01
1.464843750000000000e-01
1.342773437500000000e-01
1.391601562500000000e-01
1.464843750000000000e-01
1.416015625000000000e-01
1.440429687500000000e-01
1.416015625000000000e-01
1.293945312500000000e-01
1.416015625000000000e-01
1.416015625000000000e-01
1.440429687500000000e-01
1.367187500000000000e-01
1.440429687500000000e-01
1.489257812500000000e-01
1.318359375000000000e-01
1.342773437500000000e-01
1.367187500000000000e-01
1.416015625000000000e-01
1.367187500000000000e-01
1.391601562500000000e-01
1.391601562500000000e-01
1.367187500000000000e-01
1.342773437500000000e-01
1.293945312500000000e-01
1.416015625000000000e-01
1.318359375000000000e-01
1.440429687500000000e-01
1.342773437500000000e-01
1.293945312500000000e-01
1.416015625000000000e-01
1.391601562500000000e-01
1.367187500000000000e-01
1.318359375000000000e-01
1.245117187500000000e-01
1.367187500000000000e-01
1.440429687500000000e-01
1.342773437500000000e-01
1.367187500000000000e-01
1.367187500000000000e-01
1.245117187500000000e-01
1.293945312500000000e-01
1.440429687500000000e-01
1.269531250000000000e-01
1.416015625000000000e-01
1.391601562500000000e-01
1.293945312500000000e-01
1.269531250000000000e-01
1.342773437500000000e-01
1.416015625000000000e-01
1.342773437500000000e-01
1.293945312500000000e-01
1.367187500000000000e-01
1.367187500000000000e-01
1.367187500000000000e-01
1.318359375000000000e-01
1.342773437500000000e-01
1.391601562500000000e-01
1.342773437500000000e-01
1.220703125000000000e-01
1.367187500000000000e-01
1.269531250000000000e-01
1.416015625000000000e-01
1.416015625000000000e-01
1.318359375000000000e-01
1.367187500000000000e-01
1.489257812500000000e-01
1.367187500000000000e-01
1.440429687500000000e-01
1.367187500000000000e-01
1.342773437500000000e-01
1.367187500000000000e-01
1.391601562500000000e-01
1.147460937500000000e-01
1.367187500000000000e-01
1.538085937500000000e-01
1.391601562500000000e-01
1.342773437500000000e-01
1.391601562500000000e-01
1.367187500000000000e-01
1.269531250000000000e-01
1.318359375000000000e-01
1.367187500000000000e-01
1.391601562500000000e-01
1.342773437500000000e-01
1.416015625000000000e-01
1.440429687500000000e-01
1.464843750000000000e-01
1.318359375000000000e-01
1.391601562500000000e-01
1.318359375000000000e-01
1.391601562500000000e-01
1.416015625000000000e-01
1.318359375000000000e-01
1.293945312500000000e-01
1.416015625000000000e-01
1.367187500000000000e-01
1.391601562500000000e-01
1.318359375000000000e-01
1.293945312500000000e-01
1.342773437500000000e-01
1.220703125000000000e-01
1.440429687500000000e-01
1.367187500000000000e-01
1.318359375000000000e-01
1.416015625000000000e-01
1.391601562500000000e-01
1.391601562500000000e-01
1.342773437500000000e-01
1.367187500000000000e-01
1.342773437500000000e-01
1.293945312500000000e-01
1.464843750000000000e-01
1.391601562500000000e-01
1.342773437500000000e-01
1.293945312500000000e-01
1.416015625000000000e-01
1.367187500000000000e-01
1.269531250000000000e-01
1.245117187500000000e-01
1.367187500000000000e-01
1.342773437500000000e-01
1.416015625000000000e-01
1.293945312500000000e-01
1.269531250000000000e-01
1.391601562500000000e-01
1.416015625000000000e-01
1.416015625000000000e-01
1.318359375000000000e-01
1.318359375000000000e-01
1.416015625000000000e-01
1.269531250000000000e-01
1.464843750000000000e-01
1.489257812500000000e-01
1.391601562500000000e-01
1.196289062500000000e-01
1.293945312500000000e-01
1.416015625000000000e-01
1.464843750000000000e-01
1.440429687500000000e-01
1.367187500000000000e-01
1.416015625000000000e-01
1.513671875000000000e-01
1.367187500000000000e-01
1.367187500000000000e-01
1.416015625000000000e-01
1.464843750000000000e-01
1.293945312500000000e-01
1.440429687500000000e-01
1.440429687500000000e-01
1.416015625000000000e-01
1.293945312500000000e-01
1.489257812500000000e-01
1.416015625000000000e-01
1.513671875000000000e-01
1.416015625000000000e-01
1.367187500000000000e-01
1.440429687500000000e-01
1.464843750000000000e-01
1.464843750000000000e-01
1.464843750000000000e-01
1.489257812500000000e-01
1.416015625000000000e-01
1.416015625000000000e-01
1.464843750000000000e-01
1.489257812500000000e-01
1.391601562500000000e-01
1.196289062500000000e-01
1.391601562500000000e-01
1.489257812500000000e-01
1.318359375000000000e-01
1.342773437500000000e-01
1.489257812500000000e-01
1.513671875000000000e-01
1.391601562500000000e-01
1.196289062500000000e-01
1.269531250000000000e-01
1.416015625000000000e-01
1.464843750000000000e-01
1.464843750000000000e-01
1.440429687500000000e-01
1.464843750000000000e-01
1.489257812500000000e-01
1.367187500000000000e-01
1.367187500000000000e-01
1.464843750000000000e-01
1.489257812500000000e-01
1.416015625000000000e-01
1.367187500000000000e-01
1.489257812500000000e-01
1.611328125000000000e-01
1.586914062500000000e-01
1.391601562500000000e-01
1.464843750000000000e-01
1.464843750000000000e-01
1.391601562500000000e-01
1.440429687500000000e-01
1.464843750000000000e-01
1.416015625000000000e-01
1.367187500000000000e-01
1.391601562500000000e-01
1.464843750000000000e-01
1.464843750000000000e-01
1.391601562500000000e-01
1.416015625000000000e-01
1.464843750000000000e-01
1.489257812500000000e-01
1.416015625000000000e-01
1.318359375000000000e-01
1.391601562500000000e-01
1.416015625000000000e-01
1.513671875000000000e-01
1.513671875000000000e-01
1.269531250000000000e-01
1.123046875000000000e-01
1.269531250000000000e-01
1.513671875000000000e-01
1.538085937500000000e-01
1.586914062500000000e-01
1.464843750000000000e-01
1.391601562500000000e-01
1.513671875000000000e-01
1.513671875000000000e-01
1.513671875000000000e-01
1.391601562500000000e-01
1.440429687500000000e-01
1.464843750000000000e-01
1.416015625000000000e-01
1.342773437500000000e-01
1.416015625000000000e-01
1.391601562500000000e-01
1.489257812500000000e-01
1.391601562500000000e-01
1.367187500000000000e-01
1.367187500000000000e-01
1.489257812500000000e-01
1.513671875000000000e-01
1.391601562500000000e-01
1.416015625000000000e-01
1.440429687500000000e-01
1.489257812500000000e-01
1.513671875000000000e-01
1.489257812500000000e-01
1.489257812500000000e-01
1.367187500000000000e-01
1.391601562500000000e-01
1.464843750000000000e-01
1.513671875000000000e-01
1.513671875000000000e-01
1.391601562500000000e-01
1.269531250000000000e-01
1.318359375000000000e-01
1.269531250000000000e-01
1.220703125000000000e-01
1.342773437500000000e-01
1.489257812500000000e-01
1.586914062500000000e-01
1.611328125000000000e-01
1.635742187500000000e-01
1.464843750000000000e-01
1.513671875000000000e-01
1.440429687500000000e-01
1.464843750000000000e-01
1.464843750000000000e-01
1.391601562500000000e-01
1.489257812500000000e-01
1.367187500000000000e-01
1.391601562500000000e-01
1.318359375000000000e-01
1.440429687500000000e-01
1.391601562500000000e-01
1.391601562500000000e-01
1.269531250000000000e-01
1.220703125000000000e-01
1.342773437500000000e-01
1.269531250000000000e-01
1.489257812500000000e-01
1.538085937500000000e-01
1.538085937500000000e-01
1.440429687500000000e-01
1.416015625000000000e-01
1.293945312500000000e-01
1.416015625000000000e-01
1.489257812500000000e-01
1.391601562500000000e-01
1.416015625000000000e-01
1.391601562500000000e-01
1.440429687500000000e-01
1.269531250000000000e-01
1.342773437500000000e-01
1.513671875000000000e-01
1.391601562500000000e-01
1.220703125000000000e-01
1.293945312500000000e-01
1.440429687500000000e-01
1.538085937500000000e-01
1.513671875000000000e-01
1.464843750000000000e-01
1.391601562500000000e-01
1.464843750000000000e-01
1.391601562500000000e-01
1.513671875000000000e-01
1.416015625000000000e-01
1.293945312500000000e-01
1.391601562500000000e-01
1.416015625000000000e-01
1.489257812500000000e-01
1.513671875000000000e-01
1.440429687500000000e-01
1.440429687500000000e-01
1.342773437500000000e-01
1.269531250000000000e-01
1.269531250000000000e-01
1.269531250000000000e-01
1.245117187500000000e-01
1.391601562500000000e-01
1.489257812500000000e-01
1.562500000000000000e-01
1.611328125000000000e-01
1.586914062500000000e-01
1.391601562500000000e-01
1.464843750000000000e-01
1.513671875000000000e-01
1.464843750000000000e-01
1.489257812500000000e-01
1.464843750000000000e-01
1.489257812500000000e-01
1.538085937500000000e-01
1.464843750000000000e-01
1.440429687500000000e-01
1.318359375000000000e-01
1.293945312500000000e-01
1.391601562500000000e-01
1.538085937500000000e-01
1.464843750000000000e-01
1.464843750000000000e-01
1.391601562500000000e-01
1.391601562500000000e-01
1.489257812500000000e-01
1.464843750000000000e-01
1.367187500000000000e-01
1.538085937500000000e-01
1.562500000000000000e-01
1.464843750000000000e-01
1.416015625000000000e-01
1.391601562500000000e-01
1.489257812500000000e-01
1.440429687500000000e-01
1.440429687500000000e-01
1.318359375000000000e-01
1.391601562500000000e-01
1.269531250000000000e-01
1.123046875000000000e-01
1.123046875000000000e-01
1.123046875000000000e-01
1.269531250000000000e-01
1.440429687500000000e-01
1.391601562500000000e-01
1.342773437500000000e-01
1.342773437500000000e-01
1.416015625000000000e-01
1.416015625000000000e-01
1.416015625000000000e-01
1.342773437500000000e-01
1.367187500000000000e-01
1.464843750000000000e-01
1.489257812500000000e-01
1.318359375000000000e-01
1.342773437500000000e-01
1.489257812500000000e-01
1.342773437500000000e-01
1.269531250000000000e-01
1.293945312500000000e-01
1.538085937500000000e-01
1.391601562500000000e-01
1.391601562500000000e-01
1.416015625000000000e-01
1.391601562500000000e-01
1.416015625000000000e-01
1.513671875000000000e-01
1.489257812500000000e-01
1.391601562500000000e-01
1.269531250000000000e-01
1.245117187500000000e-01
1.293945312500000000e-01
1.293945312500000000e-01
1.269531250000000000e-01
1.293945312500000000e-01
1.489257812500000000e-01
1.367187500000000000e-01
1.342773437500000000e-01
1.464843750000000000e-01
1.391601562500000000e-01
1.342773437500000000e-01
1.342773437500000000e-01
1.342773437500000000e-01
1.416015625000000000e-01
1.318359375000000000e-01
1.318359375000000000e-01
1.342773437500000000e-01
1.342773437500000000e-01
1.318359375000000000e-01
1.318359375000000000e-01
1.367187500000000000e-01
1.464843750000000000e-01
1.513671875000000000e-01
1.440429687500000000e-01
1.367187500000000000e-01
1.391601562500000000e-01
1.245117187500000000e-01
1.245117187500000000e-01
1.440429687500000000e-01
1.489257812500000000e-01
1.464843750000000000e-01
1.440429687500000000e-01
1.391601562500000000e-01
1.416015625000000000e-01
1.391601562500000000e-01
1.489257812500000000e-01
1.416015625000000000e-01
1.342773437500000000e-01
1.342773437500000000e-01
1.342773437500000000e-01
1.342773437500000000e-01
1.220703125000000000e-01
1.269531250000000000e-01
1.367187500000000000e-01
1.440429687500000000e-01
1.391601562500000000e-01
1.416015625000000000e-01
1.440429687500000000e-01
1.416015625000000000e-01
1.318359375000000000e-01
1.220703125000000000e-01
1.318359375000000000e-01
1.391601562500000000e-01
1.318359375000000000e-01
1.293945312500000000e-01
1.342773437500000000e-01
1.342773437500000000e-01
1.342773437500000000e-01
1.269531250000000000e-01
1.367187500000000000e-01
1.367187500000000000e-01
1.440429687500000000e-01
1.440429687500000000e-01
1.513671875000000000e-01
1.464843750000000000e-01
1.293945312500000000e-01
1.342773437500000000e-01
1.293945312500000000e-01
1.342773437500000000e-01
1.367187500000000000e-01
1.367187500000000000e-01
1.367187500000000000e-01
1.367187500000000000e-01
1.367187500000000000e-01
1.367187500000000000e-01
1.342773437500000000e-01
1.318359375000000000e-01
1.416015625000000000e-01
1.367187500000000000e-01
1.489257812500000000e-01
1.464843750000000000e-01
1.489257812500000000e-01
1.464843750000000000e-01
1.318359375000000000e-01
1.318359375000000000e-01
1.367187500000000000e-01
1.367187500000000000e-01
1.342773437500000000e-01
1.416015625000000000e-01
1.440429687500000000e-01
1.293945312500000000e-01
1.342773437500000000e-01
1.318359375000000000e-01
1.318359375000000000e-01
1.196289062500000000e-01
1.318359375000000000e-01
1.220703125000000000e-01
1.147460937500000000e-01
1.318359375000000000e-01
1.269531250000000000e-01
1.464843750000000000e-01
1.513671875000000000e-01
1.367187500000000000e-01
1.367187500000000000e-01
1.416015625000000000e-01
1.513671875000000000e-01
1.391601562500000000e-01
1.293945312500000000e-01
1.342773437500000000e-01
1.416015625000000000e-01
1.513671875000000000e-01
1.318359375000000000e-01
1.220703125000000000e-01
1.440429687500000000e-01
1.391601562500000000e-01
1.367187500000000000e-01
1.440429687500000000e-01
1.416015625000000000e-01
1.489257812500000000e-01
1.440429687500000000e-01
1.440429687500000000e-01
1.318359375000000000e-01
1.416015625000000000e-01
1.489257812500000000e-01
1.342773437500000000e-01
1.513671875000000000e-01
1.367187500000000000e-01
1.220703125000000000e-01
1.171875000000000000e-01
1.391601562500000000e-01
1.416015625000000000e-01
1.293945312500000000e-01
1.269531250000000000e-01
1.293945312500000000e-01
1.367187500000000000e-01
1.342773437500000000e-01
1.147460937500000000e-01
1.318359375000000000e-01
1.416015625000000000e-01
1.416015625000000000e-01
1.513671875000000000e-01
1.513671875000000000e-01
1.464843750000000000e-01
1.513671875000000000e-01
1.440429687500000000e-01
1.245117187500000000e-01
1.367187500000000000e-01
1.440429687500000000e-01
1.440429687500000000e-01
1.416015625000000000e-01
1.391601562500000000e-01
1.367187500000000000e-01
1.391601562500000000e-01
1.440429687500000000e-01
1.538085937500000000e-01
1.513671875000000000e-01
1.416015625000000000e-01
1.440429687500000000e-01
1.513671875000000000e-01
1.440429687500000000e-01
1.513671875000000000e-01
1.464843750000000000e-01
1.342773437500000000e-01
1.293945312500000000e-01
1.269531250000000000e-01
1.293945312500000000e-01
1.391601562500000000e-01
1.538085937500000000e-01
1.586914062500000000e-01
1.513671875000000000e-01
1.586914062500000000e-01
1.391601562500000000e-01
1.293945312500000000e-01
1.391601562500000000e-01
1.391601562500000000e-01
1.342773437500000000e-01
1.318359375000000000e-01
1.391601562500000000e-01
1.513671875000000000e-01
1.513671875000000000e-01
1.367187500000000000e-01
1.342773437500000000e-01
1.489257812500000000e-01
1.513671875000000000e-01
1.489257812500000000e-01
1.464843750000000000e-01
1.562500000000000000e-01
1.513671875000000000e-01
1.391601562500000000e-01
1.342773437500000000e-01
1.586914062500000000e-01
1.440429687500000000e-01
1.440429687500000000e-01
1.489257812500000000e-01
1.464843750000000000e-01
1.367187500000000000e-01
1.367187500000000000e-01
1.416015625000000000e-01
1.318359375000000000e-01
1.416015625000000000e-01
1.489257812500000000e-01
1.318359375000000000e-01
1.318359375000000000e-01
1.269531250000000000e-01
1.367187500000000000e-01
1.416015625000000000e-01
1.513671875000000000e-01
1.562500000000000000e-01
1.464843750000000000e-01
1.464843750000000000e-01
1.342773437500000000e-01
1.342773437500000000e-01
1.440429687500000000e-01
1.416015625000000000e-01
1.318359375000000000e-01
1.489257812500000000e-01
1.538085937500000000e-01
1.513671875000000000e-01
1.416015625000000000e-01
1.538085937500000000e-01
1.318359375000000000e-01
1.220703125000000000e-01
1.318359375000000000e-01
1.342773437500000000e-01
1.416015625000000000e-01
1.464843750000000000e-01
1.538085937500000000e-01
1.416015625000000000e-01
1.293945312500000000e-01
1.489257812500000000e-01
1.513671875000000000e-01
1.318359375000000000e-01
1.464843750000000000e-01
1.342773437500000000e-01
1.416015625000000000e-01
1.416015625000000000e-01
1.416015625000000000e-01
1.391601562500000000e-01
1.440429687500000000e-01
1.318359375000000000e-01
1.367187500000000000e-01
1.464843750000000000e-01
1.464843750000000000e-01
1.538085937500000000e-01
1.196289062500000000e-01
1.220703125000000000e-01
1.513671875000000000e-01
1.513671875000000000e-01
1.416015625000000000e-01
1.440429687500000000e-01
1.367187500000000000e-01
1.440429687500000000e-01
1.440429687500000000e-01
1.489257812500000000e-01
1.538085937500000000e-01
1.416015625000000000e-01
1.342773437500000000e-01
1.464843750000000000e-01
1.464843750000000000e-01
1.318359375000000000e-01
1.367187500000000000e-01
1.489257812500000000e-01
1.562500000000000000e-01
1.489257812500000000e-01
1.318359375000000000e-01
1.293945312500000000e-01
1.464843750000000000e-01
1.635742187500000000e-01
1.391601562500000000e-01
1.342773437500000000e-01
1.440429687500000000e-01
1.513671875000000000e-01
1.391601562500000000e-01
1.342773437500000000e-01
1.440429687500000000e-01
1.416015625000000000e-01
1.513671875000000000e-01
1.416015625000000000e-01
1.367187500000000000e-01
1.220703125000000000e-01
1.342773437500000000e-01
1.538085937500000000e-01
1.586914062500000000e-01
1.318359375000000000e-01
1.171875000000000000e-01
1.464843750000000000e-01
1.513671875000000000e-01
1.440429687500000000e-01
1.489257812500000000e-01
1.391601562500000000e-01
1.269531250000000000e-01
1.440429687500000000e-01
1.562500000000000000e-01
1.318359375000000000e-01
1.220703125000000000e-01
1.464843750000000000e-01
1.391601562500000000e-01
1.416015625000000000e-01
1.293945312500000000e-01
1.489257812500000000e-01
1.440429687500000000e-01
1.147460937500000000e-01
1.293945312500000000e-01
1.440429687500000000e-01
1.440429687500000000e-01
1.367187500000000000e-01
1.123046875000000000e-01
1.342773437500000000e-01
1.513671875000000000e-01
1.440429687500000000e-01
1.391601562500000000e-01
1.440429687500000000e-01
1.464843750000000000e-01
1.342773437500000000e-01
1.342773437500000000e-01
1.342773437500000000e-01
1.489257812500000000e-01
1.440429687500000000e-01
1.391601562500000000e-01
1.318359375000000000e-01
1.367187500000000000e-01
1.391601562500000000e-01
1.562500000000000000e-01
1.269531250000000000e-01
1.245117187500000000e-01
1.513671875000000000e-01
1.293945312500000000e-01
1.440429687500000000e-01
1.318359375000000000e-01
1.416015625000000000e-01
1.538085937500000000e-01
1.464843750000000000e-01
1.269531250000000000e-01
1.269531250000000000e-01
1.513671875000000000e-01
1.489257812500000000e-01
1.464843750000000000e-01
1.367187500000000000e-01
1.391601562500000000e-01
1.293945312500000000e-01
1.367187500000000000e-01
1.464843750000000000e-01
1.440429687500000000e-01
1.342773437500000000e-01
1.147460937500000000e-01
1.416015625000000000e-01
1.562500000000000000e-01
1.293945312500000000e-01
1.342773437500000000e-01
1.367187500000000000e-01
1.342773437500000000e-01
1.269531250000000000e-01
1.489257812500000000e-01
1.538085937500000000e-01
1.367187500000000000e-01
1.220703125000000000e-01
1.293945312500000000e-01
1.367187500000000000e-01
1.562500000000000000e-01
1.367187500000000000e-01
1.342773437500000000e-01
1.098632812500000000e-01
1.293945312500000000e-01
1.440429687500000000e-01
1.367187500000000000e-01
1.538085937500000000e-01
1.440429687500000000e-01
1.416015625000000000e-01
1.196289062500000000e-01
1.440429687500000000e-01
1.342773437500000000e-01
1.342773437500000000e-01
1.220703125000000000e-01
1.464843750000000000e-01
1.391601562500000000e-01
1.391601562500000000e-01
1.391601562500000000e-01
1.391601562500000000e-01
1.147460937500000000e-01
1.318359375000000000e-01
1.416015625000000000e-01
1.269531250000000000e-01
1.367187500000000000e-01
1.416015625000000000e-01
1.367187500000000000e-01
1.098632812500000000e-01
1.489257812500000000e-01
1.440429687500000000e-01
1.440429687500000000e-01
1.171875000000000000e-01
1.391601562500000000e-01
1.440429687500000000e-01
1.367187500000000000e-01
1.391601562500000000e-01
1.391601562500000000e-01
1.440429687500000000e-01
1.245117187500000000e-01
1.074218750000000000e-01
1.367187500000000000e-01
1.440429687500000000e-01
1.416015625000000000e-01
1.293945312500000000e-01
1.293945312500000000e-01
1.562500000000000000e-01
1.513671875000000000e-01
1.416015625000000000e-01
1.367187500000000000e-01
1.440429687500000000e-01
1.367187500000000000e-01
1.342773437500000000e-01
1.220703125000000000e-01
1.367187500000000000e-01
1.318359375000000000e-01
1.464843750000000000e-01
1.562500000000000000e-01
1.416015625000000000e-01
1.220703125000000000e-01
1.416015625000000000e-01
1.416015625000000000e-01
1.464843750000000000e-01
1.391601562500000000e-01
1.367187500000000000e-01
1.245117187500000000e-01
1.220703125000000000e-01
1.416015625000000000e-01
1.367187500000000000e-01
1.196289062500000000e-01
1.416015625000000000e-01
1.464843750000000000e-01
1.293945312500000000e-01
1.611328125000000000e-01
1.489257812500000000e-01
1.342773437500000000e-01
1.318359375000000000e-01
1.220703125000000000e-01
1.342773437500000000e-01
1.245117187500000000e-01
1.123046875000000000e-01
1.342773437500000000e-01
1.318359375000000000e-01
1.416015625000000000e-01
1.098632812500000000e-01
1.318359375000000000e-01
1.562500000000000000e-01
1.489257812500000000e-01
1.464843750000000000e-01
1.367187500000000000e-01
1.440429687500000000e-01
1.440429687500000000e-01
1.367187500000000000e-01
1.391601562500000000e-01
1.562500000000000000e-01
1.440429687500000000e-01
1.391601562500000000e-01
1.367187500000000000e-01
1.245117187500000000e-01
1.171875000000000000e-01
1.342773437500000000e-01
1.562500000000000000e-01
1.489257812500000000e-01
1.416015625000000000e-01
1.440429687500000000e-01
1.147460937500000000e-01
1.269531250000000000e-01
1.538085937500000000e-01
1.367187500000000000e-01
1.391601562500000000e-01
1.489257812500000000e-01
1.538085937500000000e-01
1.269531250000000000e-01
1.513671875000000000e-01
1.464843750000000000e-01
1.196289062500000000e-01
1.098632812500000000e-01
1.318359375000000000e-01
1.367187500000000000e-01
1.416015625000000000e-01
1.586914062500000000e-01
1.342773437500000000e-01
1.416015625000000000e-01
1.440429687500000000e-01
1.464843750000000000e-01
1.513671875000000000e-01
1.196289062500000000e-01
1.513671875000000000e-01
1.538085937500000000e-01
1.611328125000000000e-01
1.318359375000000000e-01
1.367187500000000000e-01
1.586914062500000000e-01
1.416015625000000000e-01
1.660156250000000000e-01
1.586914062500000000e-01
1.513671875000000000e-01
1.464843750000000000e-01
1.538085937500000000e-01
1.611328125000000000e-01
1.489257812500000000e-01
1.245117187500000000e-01
1.464843750000000000e-01
