5.509411731521465794e-02
3.788094826443543645e-02
1.930490376477785389e-02
1.986742064808128330e-02
1.979728915170087325e-02
1.406445730665890209e-02
1.564098873127195422e-02
1.584126035137605262e-02
7.552935151234194643e-03
3.824679824584429483e-03
8.890555024570111209e-03
4.861042379273839212e-03
6.035058839724581799e-03
1.294788492339445964e-02
1.232074118555472227e-02
5.282234903552789247e-03
3.172457901164878885e-03
5.822309541754512249e-03
3.927576394438627924e-03
5.222841328363540120e-03
6.993564209727878150e-03
4.491355082697798956e-03
6.828559462888101218e-04
3.911786242626280607e-03
3.448770859847849046e-03
2.638549923851522426e-04
3.497746985432856337e-03
4.917674854203952714e-03
4.436926433190933536e-03
3.417288552277830769e-03
1.891619078670223096e-03
8.013368000743571751e-04
2.837276217192715756e-03
3.430309958419731908e-03
2.277168711536926154e-03
1.739549840767606100e-03
3.804756097406193204e-03
5.840967808923027381e-03
7.005794182951190739e-03
6.659246530377458707e-03
4.665584427438037619e-03
2.217518964238272914e-03
2.456817214874174038e-03
3.548064006372159823e-03
4.570967798243581910e-03
6.435721898433826617e-03
7.664330638262018339e-03
6.745629575654788976e-03
4.287293032023133457e-03
3.202995631524325603e-03
3.337485426014141776e-03
1.988903809230273267e-03
1.435045578178698955e-03
2.694462920150322589e-03
2.143029582533047695e-03
4.674809165877776723e-04
1.422109914995917752e-03
1.218030376970347887e-03
1.132096061472835690e-03
3.048500758398869307e-03
4.339141190425304349e-03
4.753445024032923460e-03
4.045558906838725086e-03
1.910767059670850790e-03
1.669594061153492582e-03
3.124553829268734810e-03
2.105782908167239814e-03
3.179442170109722954e-03
6.320018119070965057e-03
6.332984557465573539e-03
2.731449284803061286e-03
3.896494346087309331e-03
7.124313533829326403e-03
6.641684912562817109e-03
5.198348052669017789e-03
6.721214756079153807e-03
6.879138972044290465e-03
3.886698769252691990e-03
2.534327924753791619e-03
4.877706708153163595e-03
5.335757983602869292e-03
5.618456380414367513e-03
6.632306540457966713e-03
6.222105814485078684e-03
3.675144200693843902e-03
7.749428849806591028e-04
4.181910768928194175e-03
7.301001417268724453e-03
9.237135489157142360e-03
9.786387075390140869e-03
8.729627159967915870e-03
5.823478221163143342e-03
2.290478038368721266e-03
3.710116813020401284e-03
4.817727373281613032e-03
2.724974868411160923e-03
1.490231013274757009e-03
4.070360503276503235e-03
3.696364914649893745e-03
1.063880702743753501e-03
1.933594030859420772e-03
2.351123296684761062e-03
3.297894555162135879e-03
6.228594995139602290e-03
7.271522239642906095e-03
5.411844660986849312e-03
2.867135532709820089e-03
2.358973413429515335e-03
2.788744060555267516e-03
5.311038052276370429e-03
7.147200694337644926e-03
5.664621878191469957e-03
1.509034641840669615e-03
4.685511819226867609e-03
7.900740426589399068e-03
7.914001455649712774e-03
5.418460283185608586e-03
2.518182805229798090e-03
3.142603495015197992e-03
4.732614119437697150e-03
4.889171538876912158e-03
4.101334286654589704e-03
3.674902915736822599e-03
4.843153728189864525e-03
6.896058768285798744e-03
7.284676746914716186e-03
4.226175810478535397e-03
2.116864215723000212e-03
7.615499521206925242e-03
9.764738270981490956e-03
7.535941792578578283e-03
3.697371307968093379e-03
3.212667800131013742e-03
3.676092751529668953e-03
5.279967572474142737e-03
7.461062335525243082e-03
7.011240534607677752e-03
4.152621237394376295e-03
2.579434935207455988e-03
1.830231276257737044e-03
1.495489543176597904e-03
5.093234626759429381e-03
5.773624922573645721e-03
2.232247830029631536e-03
3.473641084373957008e-03
7.212651805016677062e-03
6.431909546825564407e-03
2.048255311757223897e-03
2.985956613022582463e-03
4.341144409125792178e-03
2.366036343169035903e-03
3.957114259456527734e-03
6.235947859921394873e-03
5.156850372307894732e-03
2.850588283469305574e-03
4.599925469943678957e-03
5.808786562960371706e-03
4.879722630821110158e-03
3.620565754849118609e-03
2.910944446797342992e-03
1.693282846864648883e-03
2.092493378488488771e-03
3.971363018828436529e-03
5.036567272277815352e