2.441406250000000000e-02
2.929687500000000000e-02
2.441406250000000000e-02
2.441406250000000000e-02
2.441406250000000000e-02
3.417968750000000000e-02
1.953125000000000000e-02
1.953125000000000000e-02
2.929687500000000000e-02
2.441406250000000000e-02
2.441406250000000000e-02
2.441406250000000000e-02
1.953125000000000000e-02
2.441406250000000000e-02
3.417968750000000000e-02
1.953125000000000000e-02
1.953125000000000000e-02
1.953125000000000000e-02
2.441406250000000000e-02
2.441406250000000000e-02
1.953125000000000000e-02
1.953125000000000000e-02
2.441406250000000000e-02
2.929687500000000000e-02
1.953125000000000000e-02
2.929687500000000000e-02
2.441406250000000000e-02
1.953125000000000000e-02
2.441406250000000000e-02
2.441406250000000000e-02
2.441406250000000000e-02
3.417968750000000000e-02
2.929687500000000000e-02
3.417968750000000000e-02
3.417968750000000000e-02
2.441406250000000000e-02
2.441406250000000000e-02
2.441406250000000000e-02
1.953125000000000000e-02
1.953125000000000000e-02
1.953125000000000000e-02
2.441406250000000000e-02
2.441406250000000000e-02
1.953125000000000000e-02
2.441406250000000000e-02
1.464843750000000000e-02
1.464843750000000000e-02
2.441406250000000000e-02
1.953125000000000000e-02
1.953125000000000000e-02
2.441406250000000000e-02
3.417968750000000000e-02
2.441406250000000000e-02
1.953125000000000000e-02
1.953125000000000000e-02
2.441406250000000000e-02
2.441406250000000000e-02
2.441406250000000000e-02
2.441406250000000000e-02
2.441406250000000000e-02
1.953125000000000000e-02
1.464843750000000000e-02
2.441406250000000000e-02
1.953125000000000000e-02
2.929687500000000000e-02
2.441406250000000000e-02
1.953125000000000000e-02
2.929687500000000000e-02
2.441406250000000000e-02
2.441406250000000000e-02
2.441406250000000000e-02
2.441406250000000000e-02
1.953125000000000000e-02
1.953125000000000000e-02
1.953125000000000000e-02
1.953125000000000000e-02
2.929687500000000000e-02
2.441406250000000000e-02
2.929687500000000000e-02
3.417968750000000000e-02
1.953125000000000000e-02
1.953125000000000000e-02
1.953125000000000000e-02
1.464843750000000000e-02
1.953125000000000000e-02
2.441406250000000000e-02
1.953125000000000000e-02
1.953125000000000000e-02
2.441406250000000000e-02
2.441406250000000000e-02
2.929687500000000000e-02
2.929687500000000000e-02
2.929687500000000000e-02
4.394531250000000000e-02
4.882812500000000000e-03
2.929687500000000000e-02
2.929687500000000000e-02
2.441406250000000000e-02
1.953125000000000000e-02
1.953125000000000000e-02
2.441406250000000000e-02
1.953125000000000000e-02
1.953125000000000000e-02
2.441406250000000000e-02
2.441406250000000000e-02
2.441406250000000000e-02
2.441406250000000000e-02
1.953125000000000000e-02
2.441406250000000000e-02
1.953125000000000000e-02
1.953125000000000000e-02
1.953125000000000000e-02
2.929687500000000000e-02
2.441406250000000000e-02
1.953125000000000000e-02
2.929687500000000000e-02
2.929687500000000000e-02
1.953125000000000000e-02
2.441406250000000000e-02
1.953125000000000000e-02
2.441406250000000000e-02
2.441406250000000000e-02
2.441406250000000000e-02
1.953125000000000000e-02
3.417968750000000000e-02
2.929687500000000000e-02
3.417968750000000000e-02
2.929687500000000000e-02
2.441406250000000000e-02
1.953125000000000000e-02
4.394531250000000000e-02
2.441406250000000000e-02
1.953125000000000000e-02
1.953125000000000000e-02
2.929687500000000000e-02
2.929687500000000000e-02
1.953125000000000000e-02
1.953125000000000000e-02
1.953125000000000000e-02
2.929687500000000000e-02
2.441406250000000000e-02
2.441406250000000000e-02
2.441406250000000000e-02
2.441406250000000000e-02
2.929687500000000000e-02
2.441406250000000000e-02
1.464843750000000000e-02
2.441406250000000000e-02
1.953125000000000000e-02
3.906250000000000000e-02
2.441406250000000000e-02
1.953125000000000000e-02
1.464843750000000000e-02
4.394531250000000000e-02
3.417968750000000000e-02
2.441406250000000000e-02
1.953125000000000000e-02
2.441406250000000000e-02
2.929687500000000000e-02
2.441406250000000000e-02
1.953125000000000000e-02
2.929687500000000000e-02
2.441406250000000000e-02
2.441406250000000000e-02
2.929687500000000000e-02
1.953125000000000000e-02
1.953125000000000000e-02
2.441406250000000000e-02
2.441406250000000000e-02
1.953125000000000000e-02
2.441406250000000000e-02
2.441406250000000000e-02
1.953125000000000000e-02
2.441406250000000000e-02
2.441406250000000000e-02
3.417968750000000000e-02
1.464843750000000000e-02
1.953125000000000000e-02
1.953125000000000000e-02
2.441406250000000000e-02
1.953125000000000000e-02
1.953125000000000000e-02
2.441406250000000000e-02
2.441406250000000000e-02
1.953125000000000000e-02
2.929687500000000000e-02
2.929687500000000000e-02
1.953125000000000000e-02
2.441406250000000000e-02
2.441406250000000000e-02
2.441406250000000000e-02
1.953125000000000000e-02
3.417968750000000000e-02
2.929687500000000000e-02
1.953125000000000000e-02
1.953125000000000000e-02
1.953125000000000000e-02
2.929687500000000000e-02
1.953125000000000000e-02
2.929687500000000000e-02
1.953125000000000000e-02
2.441406250000000000e-02
1.953125000000000000e-02
2.441406250000000000e-02
2.441406250000000000e-02
1.953125000000000000e-02
1.953125000000000000e-02
1.953125000000000000e-02
1.953125000000000000e-02
2.929687500000000000e-02
2.441406250000000000e-02
1.953125000000000000e-02
2.441406250000000000e-02
2.441406250000000000e-02
2.441406250000000000e-02
1.953125000000000000e-02
1.953125000000000000e-02
1.953125000000000000e-02
2.929687500000000000e-02
1.953125000000000000e-02
2.441406250000000000e-02
1.953125000000000000e-02
2.441406250000000000e-02
2.441406250000000000e-02
1.953125000000000000e-02
2.929687500000000000e-02
1.953125000000000000e-02
1.953125000000000000e-02
2.441406250000000000e-02
4.394531250000000000e-02
1.953125000000000000e-02
2.441406250000000000e-02
3.417968750000000000e-02
2.441406250000000000e-02
1.953125000000000000e-02
1.953125000000000000e-02
2.929687500000000000e-02
2.441406250000000000e-02
1.464843750000000000e-02
1.953125000000000000e-02
2.441406250000000000e-02
1.953125000000000000e-02
1.464843750000000000e-02
2.441406250000000000e-02
2.929687500000000000e-02
1.953125000000000000e-02
1.953125000000000000e-02
1.953125000000000000e-02
2.441406250000000000e-02
1.953125000000000000e-02
2.441406250000000000e-02
2.441406250000000000e-02
1.953125000000000000e-02
1.953125000000000000e-02
2.441406250000000000e-02
3.417968750000000000e-02
1.953125000000000000e-02
1.953125000000000000e-02
1.953125000000000000e-02
2.929687500000000000e-02
2.441406250000000000e-02
1.953125000000000000e-02
2.929687500000000000e-02
2.441406250000000000e-02
3.906250000000000000e-02
3.417968750000000000e-02
1.464843750000000000e-02
1.953125000000000000e-02
1.464843750000000000e-02
2.441406250000000000e-02
2.441406250000000000e-02
2.441406250000000000e-02
2.929687500000000000e-02
2.441406250000000000e-02
1.953125000000000000e-02
1.953125000000000000e-02
2.441406250000000000e-02
4.394531250000000000e-02
2.441406250000000000e-02
3.417968750000000000e-02
5.371093750000000000e-02
2.929687500000000000e-02
1.953125000000000000e-02
1.464843750000000000e-02
2.929687500000000000e-02
2.441406250000000000e-02
2.929687500000000000e-02
3.906250000000000000e-02
2.441406250000000000e-02
2.441406250000000000e-02
4.394531250000000000e-02
3.417968750000000000e-02
1.953125000000000000e-02
3.906250000000000000e-02
2.929687500000000000e-02
4.882812500000000000e-03
9.765625000000000000e-03
5.371093750000000000e-02
3.417968750000000000e-02
1.953125000000000000e-02
2.929687500000000000e-02
4.882812500000000000e-02
3.906250000000000000e-02
1.464843750000000000e-02
1.953125000000000000e-02
1.953125000000000000e-02
1.953125000000000000e-02
2.441406250000000000e-02
3.906250000000000000e-02
1.953125000000000000e-02
1.464843750000000000e-02
4.882812500000000000e-02
3.417968750000000000e-02
-9.765625000000000000e-03
2.441406250000000000e-02
5.371093750000000000e-02
1.953125000000000000e-02
2.441406250000000000e-02
6.103515625000000000e-02
4.638671875000000000e-02
4.882812500000000000e-03
4.394531250000000000e-02
5.615234375000000000e-02
1.953125000000000000e-02
1.953125000000000000e-02
1.953125000000000000e-02
2.929687500000000000e-02
2.441406250000000000e-02
2.929687500000000000e-02
2.441406250000000000e-02
2.441406250000000000e-02
2.441406250000000000e-02
3.417968750000000000e-02
4.882812500000000000e-03
9.765625000000000000e-03
4.394531250000000000e-02
3.417968750000000000e-02
4.882812500000000000e-03
1.953125000000000000e-02
5.371093750000000000e-02
3.906250000000000000e-02
2.441406250000000000e-02
2.441406250000000000e-02
2.441406250000000000e-02
2.441406250000000000e-02
5.859375000000000000e-02
3.906250000000000000e-02
1.464843750000000000e-02
4.882812500000000000e-03
2.441406250000000000e-02
2.441406250000000000e-02
3.417968750000000000e-02
1.953125000000000000e-02
1.464843750000000000e-02
3.417968750000000000e-02
5.371093750000000000e-02
2.441406250000000000e-02
1.464843750000000000e-02
1.953125000000000000e-02
4.394531250000000000e-02
3.906250000000000000e-02
9.765625000000000000e-03
1.464843750000000000e-02
5.859375000000000000e-02
5.371093750000000000e-02
1.464843750000000000e-02
1.464843750000000000e-02
3.906250000000000000e-02
2.441406250000000000e-02
3.417968750000000000e-02
2.929687500000000000e-02
9.765625000000000000e-03
9.765625000000000000e-03
3.906250000000000000e-02
4.882812500000000000e-02
3.417968750000000000e-02
2.441406250000000000e-02
-1.464843750000000000e-02
-1.464843750000000000e-02
5.615234375000000000e-02
1.049804687500000000e-01
5.126953125000000000e-02
-1.464843750000000000e-02
-1.953125000000000000e-02
9.765625000000000000e-03
3.906250000000000000e-02
5.371093750000000000e-02
5.859375000000000000e-02
2.441406250000000000e-02
9.765625000000000000e-03
4.882812500000000000e-03
5.615234375000000000e-02
8.544921875000000000e-02
3.417968750000000000e-02
-1.953125000000000000e-02
-9.765625000000000000e-03
4.882812500000000000e-02
6.103515625000000000e-02
2.441406250000000000e-02
2.441406250000000000e-02
1.953125000000000000e-02
9.765625000000000000e-03
1.464843750000000000e-02
4.394531250000000000e-02
4.394531250000000000e-02
1.953125000000000000e-02
1.464843750000000000e-02
5.859375000000000000e-02
5.371093750000000000e-02
0.000000000000000000e+00
1.464843750000000000e-02
5.371093750000000000e-02
6.103515625000000000e-02
3.906250000000000000e-02
4.394531250000000000e-02
3.417968750000000000e-02
3.417968750000000000e-02
2.441406250000000000e-02
3.417968750000000000e-02
3.417968750000000000e-02
9.765625000000000000e-03
1.953125000000000000e-02
4.882812500000000000e-02
3.417968750000000000e-02
9.765625000000000000e-03
2.929687500000000000e-02
6.103515625000000000e-02
4.882812500000000000e-02
0.000000000000000000e+00
4.394531250000000000e-02
4.882812500000000000e-02
4.394531250000000000e-02
-2.929687500000000000e-02
-3.906250000000000000e-02
4.150390625000000000e-02
1.098632812500000000e-01
8.056640625000000000e-02
7.568359375000000000e-02
1.831054687500000000e-01
1.220703125000000000e-02
-3.369140625000000000e-01
-3.662109375000000000e-02
3.833007812500000000e-01
-2.124023437500000000e-01
-5.566406250000000000e-01
3.833007812500000000e-01
9.838867187500000000e-01
2.270507812500000000e-01
-5.664062500000000000e-01
-5.859375000000000000e-01
7.080078125000000000e-02
4.272460937500000000e-01
2.465820312500000000e-01
-4.150390625000000000e-02
-1.123046875000000000e-01
1.708984375000000000e-02
6.591796875000000000e-02
9.765625000000000000e-03
-1.953125000000000000e-02
5.615234375000000000e-02
7.568359375000000000e-02
2.929687500000000000e-02
-4.882812500000000000e-03
-1.464843750000000000e-02
-2.441406250000000000e-02
3.417968750000000000e-02
8.056640625000000000e-02
6.103515625000000000e-02
3.906250000000000000e-02
3.417968750000000000e-02
2.441406250000000000e-02
4.882812500000000000e-03
5.126953125000000000e-02
1.147460937500000000e-01
1.049804687500000000e-01
-4.882812500000000000e-03
-8.789062500000000000e-02
-7.324218750000000000e-02
3.173828125000000000e-02
1.245117187500000000e-01
1.293945312500000000e-01
7.568359375000000000e-02
-3.906250000000000000e-02
-8.300781250000000000e-02
-1.953125000000000000e-02
8.544921875000000000e-02
9.521484375000000000e-02
7.568359375000000000e-02
8.056640625000000000e-02
6.591796875000000000e-02
-2.441406250000000000e-02
-8.300781250000000000e-02
0.000000000000000000e+00
1.147460937500000000e-01
7.568359375000000000e-02
-3.906250000000000000e-02
-9.765625000000000000e-03
1.147460937500000000e-01
1.147460937500000000e-01
9.765625000000000000e-03
-4.882812500000000000e-02
-9.765625000000000000e-03
1.953125000000000000e-02
2.929687500000000000e-02
7.568359375000000000e-02
1.293945312500000000e-01
6.103515625000000000e-02
-3.906250000000000000e-02
-7.812500000000000000e-02
-4.882812500000000000e-03
7.568359375000000000e-02
1.000976562500000000e-01
7.568359375000000000e-02
2.441406250000000000e-02
-1.464843750000000000e-02
-4.882812500000000000e-03
3.906250000000000000e-02
5.371093750000000000e-02
4.394531250000000000e-02
4.882812500000000000e-02
3.417968750000000000e-02
9.765625000000000000e-03
9.765625000000000000e-03
2.929687500000000000e-02
5.371093750000000000e-02
4.394531250000000000e-02
1.953125000000000000e-02
2.441406250000000000e-02
1.953125000000000000e-02
2.441406250000000000e-02
1.953125000000000000e-02
1.953125000000000000e-02
1.953125000000000000e-02
2.441406250000000000e-02
3.906250000000000000e-02
4.882812500000000000e-02
2.929687500000000000e-02
1.953125000000000000e-02
2.441406250000000000e-02
2.929687500000000000e-02
1.953125000000000000e-02
1.464843750000000000e-02
3.417968750000000000e-02
6.103515625000000000e-02
5.615234375000000000e-02
1.953125000000000000e-02
1.464843750000000000e-02
2.441406250000000000e-02
2.441406250000000000e-02
2.441406250000000000e-02
2.441406250000000000e-02
3.417968750000000000e-02
5.371093750000000000e-02
4.882812500000000000e-02
2.929687500000000000e-02
2.929687500000000000e-02
1.953125000000000000e-02
2.441406250000000000e-02
1.953125000000000000e-02
1.464843750000000000e-02
2.929687500000000000e-02
3.906250000000000000e-02
4.882812500000000000e-02
3.417968750000000000e-02
1.953125000000000000e-02
1.953125000000000000e-02
2.929687500000000000e-02
5.126953125000000000e-02
6.591796875000000000e-02
5.126953125000000000e-02
2.441406250000000000e-02
-4.882812500000000000e-03
-9.765625000000000000e-03
1.953125000000000000e-02
4.394531250000000000e-02
7.080078125000000000e-02
5.859375000000000000e-02
3.906250000000000000e-02
2.441406250000000000e-02
0.000000000000000000e+00
1.953125000000000000e-02
1.953125000000000000e-02
2.929687500000000000e-02
3.417968750000000000e-02
2.929687500000000000e-02
1.953125000000000000e-02
3.417968750000000000e-02
5.371093750000000000e-02
4.882812500000000000e-02
3.417968750000000000e-02
1.464843750000000000e-02
0.000000000000000000e+00
4.882812500000000000e-03
1.953125000000000000e-02
5.859375000000000000e-02
5.859375000000000000e-02
5.859375000000000000e-02
4.394531250000000000e-02
1.953125000000000000e-02
0.000000000000000000e+00
0.000000000000000000e+00
1.464843750000000000e-02
2.441406250000000000e-02
5.859375000000000000e-02
4.882812500000000000e-02
4.882812500000000000e-02
2.929687500000000000e-02
1.953125000000000000e-02
4.882812500000000000e-03
-4.882812500000000000e-03
1.953125000000000000e-02
3.906250000000000000e-02
5.859375000000000000e-02
5.371093750000000000e-02
3.906250000000000000e-02
1.953125000000000000e-02
4.882812500000000000e-03
1.464843750000000000e-02
3.417968750000000000e-02
5.859375000000000000e-02
4.394531250000000000e-02
3.417968750000000000e-02
9.765625000000000000e-03
4.882812500000000000e-03
3.417968750000000000e-02
3.906250000000000000e-02
4.882812500000000000e-02
4.882812500000000000e-02
2.441406250000000000e-02
1.953125000000000000e-02
1.953125000000000000e-02
1.953125000000000000e-02
2.441406250000000000e-02
3.906250000000000000e-02
2.929687500000000000e-02
2.441406250000000000e-02
1.464843750000000000e-02
1.953125000000000000e-02
2.441406250000000000e-02
1.953125000000000000e-02
3.417968750000000000e-02
1.953125000000000000e-02
2.441406250000000000e-02
1.953125000000000000e-02
4.394531250000000000e-02
2.441406250000000000e-02
2.441406250000000000e-02
2.929687500000000000e-02
2.929687500000000000e-02
1.953125000000000000e-02
1.953125000000000000e-02
1.953125000000000000e-02
2.441406250000000000e-02
2.9296875000000000