1.489257812500000000e-01
1.562500000000000000e-01
1.562500000000000000e-01
1.464843750000000000e-01
1.538085937500000000e-01
1.513671875000000000e-01
1.464843750000000000e-01
1.464843750000000000e-01
1.513671875000000000e-01
1.440429687500000000e-01
1.391601562500000000e-01
1.464843750000000000e-01
1.440429687500000000e-01
1.440429687500000000e-01
1.464843750000000000e-01
1.440429687500000000e-01
1.489257812500000000e-01
1.489257812500000000e-01
1.464843750000000000e-01
1.464843750000000000e-01
1.489257812500000000e-01
1.464843750000000000e-01
1.440429687500000000e-01
1.489257812500000000e-01
1.416015625000000000e-01
1.391601562500000000e-01
1.440429687500000000e-01
1.440429687500000000e-01
1.440429687500000000e-01
1.464843750000000000e-01
1.513671875000000000e-01
1.416015625000000000e-01
1.489257812500000000e-01
1.538085937500000000e-01
1.586914062500000000e-01
1.416015625000000000e-01
1.416015625000000000e-01
1.440429687500000000e-01
1.440429687500000000e-01
1.464843750000000000e-01
1.440429687500000000e-01
1.464843750000000000e-01
1.464843750000000000e-01
1.440429687500000000e-01
1.489257812500000000e-01
1.416015625000000000e-01
1.489257812500000000e-01
1.416015625000000000e-01
1.513671875000000000e-01
1.464843750000000000e-01
1.489257812500000000e-01
1.464843750000000000e-01
1.440429687500000000e-01
1.416015625000000000e-01
1.416015625000000000e-01
1.391601562500000000e-01
1.391601562500000000e-01
1.416015625000000000e-01
1.489257812500000000e-01
1.416015625000000000e-01
1.440429687500000000e-01
1.464843750000000000e-01
1.489257812500000000e-01
1.416015625000000000e-01
1.464843750000000000e-01
1.489257812500000000e-01
1.489257812500000000e-01
1.440429687500000000e-01
1.416015625000000000e-01
1.489257812500000000e-01
1.464843750000000000e-01
1.367187500000000000e-01
1.440429687500000000e-01
1.367187500000000000e-01
1.513671875000000000e-01
1.513671875000000000e-01
1.416015625000000000e-01
1.440429687500000000e-01
1.416015625000000000e-01
1.391601562500000000e-01
1.416015625000000000e-01
1.416015625000000000e-01
1.489257812500000000e-01
1.440429687500000000e-01
1.489257812500000000e-01
1.440429687500000000e-01
1.489257812500000000e-01
1.416015625000000000e-01
1.440429687500000000e-01
1.440429687500000000e-01
1.464843750000000000e-01
1.464843750000000000e-01
1.391601562500000000e-01
1.464843750000000000e-01
1.489257812500000000e-01
1.440429687500000000e-01
1.391601562500000000e-01
1.464843750000000000e-01
1.489257812500000000e-01
1.391601562500000000e-01
1.440429687500000000e-01
1.391601562500000000e-01
1.464843750000000000e-01
1.464843750000000000e-01
1.489257812500000000e-01
1.489257812500000000e-01
1.489257812500000000e-01
1.489257812500000000e-01
1.464843750000000000e-01
1.416015625000000000e-01
1.367187500000000000e-01
1.367187500000000000e-01
1.464843750000000000e-01
1.416015625000000000e-01
1.391601562500000000e-01
1.342773437500000000e-01
1.464843750000000000e-01
1.416015625000000000e-01
1.440429687500000000e-01
1.416015625000000000e-01
1.440429687500000000e-01
1.391601562500000000e-01
1.416015625000000000e-01
1.416015625000000000e-01
1.391601562500000000e-01
1.440429687500000000e-01
1.440429687500000000e-01
1.367187500000000000e-01
1.342773437500000000e-01
1.489257812500000000e-01
1.293945312500000000e-01
1.318359375000000000e-01
1.367187500000000000e-01
1.342773437500000000e-01
1.367187500000000000e-01
1.318359375000000000e-01
1.196289062500000000e-01
1.000976562500000000e-01
1.098632812500000000e-01
1.538085937500000000e-01
2.099609375000000000e-01
3.613281250000000000e-01
4.614257812500000000e-01
3.320312500000000000e-01
-1.098632812500000000e-01
-2.416992187500000000e-01
2.929687500000000000e-02
4.370117187500000000e-01
4.077148437500000000e-01
3.662109375000000000e-02
-2.490234375000000000e-01
1.928710937500000000e-01
4.150390625000000000e-01
2.954101562500000000e-01
2.905273437500000000e-01
1.708984375000000000e-01
-1.171875000000000000e-01
-1.245117187500000000e-01
-4.882812500000000000e-03
3.906250000000000000e-02
2.050781250000000000e-01
4.052734375000000000e-01
2.954101562500000000e-01
-4.150390625000000000e-02
-5.126953125000000000e-02
1.831054687500000000e-01
2.197265625000000000e-01
1.025390625000000000e-01
7.568359375000000000e-02
1.245117187500000000e-01
1.318359375000000000e-01
1.318359375000000000e-01
1.318359375000000000e-01
1.098632812500000000e-01
6.103515625000000000e-02
4.150390625000000000e-02
9.033203125000000000e-02
1.733398437500000000e-01
2.246093750000000000e-01
2.148437500000000000e-01
1.464843750000000000e-01
7.568359375000000000e-02
7.812500000000000000e-02
1.635742187500000000e-01
1.953125000000000000e-01
1.513671875000000000e-01
1.269531250000000000e-01
1.464843750000000000e-01
1.513671875000000000e-01
1.245117187500000000e-01
1.147460937500000000e-01
1.147460937500000000e-01
1.538085937500000000e-01
1.757812500000000000e-01
1.733398437500000000e-01
1.586914062500000000e-01
1.513671875000000000e-01
1.635742187500000000e-01
1.684570312500000000e-01
1.684570312500000000e-01
1.464843750000000000e-01
1.293945312500000000e-01
1.342773437500000000e-01
1.464843750000000000e-01
1.562500000000000000e-01
1.440429687500000000e-01
1.293945312500000000e-01
1.318359375000000000e-01
1.513671875000000000e-01
1.586914062500000000e-01
1.562500000000000000e-01
1.416015625000000000e-01
1.293945312500000000e-01
1.269531250000000000e-01
1.391601562500000000e-01
1.391601562500000000e-01
1.367187500000000000e-01
1.440429687500000000e-01
1.440429687500000000e-01
1.586914062500000000e-01
1.538085937500000000e-01
1.489257812500000000e-01
1.367187500000000000e-01
1.489257812500000000e-01
1.440429687500000000e-01
1.416015625000000000e-01
1.586914062500000000e-01
1.489257812500000000e-01
1.464843750000000000e-01
1.489257812500000000e-01
1.538085937500000000e-01
1.464843750000000000e-01
1.562500000000000000e-01
1.489257812500000000e-01
1.538085937500000000e-01
1.513671875000000000e-01
1.440429687500000000e-01
1.513671875000000000e-01
1.440429687500000000e-01
1.318359375000000000e-01
1.269531250000000000e-01
1.416015625000000000e-01
1.538085937500000000e-01
1.538085937500000000e-01
1.416015625000000000e-01
1.464843750000000000e-01
1.489257812500000000e-01
1.440429687500000000e-01
1.513671875000000000e-01
1.464843750000000000e-01
1.538085937500000000e-01
1.513671875000000000e-01
1.489257812500000000e-01
1.562500000000000000e-01
1.489257812500000000e-01
1.440429687500000000e-01
1.391601562500000000e-01
1.489257812500000000e-01
1.464843750000000000e-01
1.416015625000000000e-01
1.464843750000000000e-01
1.440429687500000000e-01
1.489257812500000000e-01
1.464843750000000000e-01
1.489257812500000000e-01
1.464843750000000000e-01
1.513671875000000000e-01
1.464843750000000000e-01
1.489257812500000000e-01
1.538085937500000000e-01
1.538085937500000000e-01
1.464843750000000000e-01
1.464843750000000000e-01
1.464843750000000000e-01
1.440429687500000000e-01
1.440429687500000000e-01
1.464843750000000000e-01
1.416015625000000000e-01
1.489257812500000000e-01
1.489257812500000000e-01
1.513671875000000000e-01
1.513671875000000000e-01
1.440429687500000000e-01
1.464843750000000000e-01
1.440429687500000000e-01
1.489257812500000000e-01
1.489257812500000000e-01
1.489257812500000000e-01
1.440429687500000000e-01
1.464843750000000000e-01
1.416015625000000000e-01
1.367187500000000000e-01
1.416015625000000000e-01
1.391601562500000000e-01
1.416015625000000000e-01
1.416015625000000000e-01
1.391601562500000000e-01
1.440429687500000000e-01
1.440429687500000000e-01
1.342773437500000000e-01
1.440429687500000000e-01
1.416015625000000000e-01
1.416015625000000000e-01
1.416015625000000000e-01
1.440429687500000000e-01
1.391601562500000000e-01
1.489257812500000000e-01
1.489257812500000000e-01
1.391601562500000000e-01
1.391601562500000000e-01
1.367187500000000000e-01
1.391601562500000000e-01
1.318359375000000000e-01
1.342773437500000000e-01
1.464843750000000000e-01
1.464843750000000000e-01
1.367187500000000000e-01
1.342773437500000000e-01
1.367187500000000000e-01
1.391601562500000000e-01
1.489257812500000000e-01
1.440429687500000000e-01
1.464843750000000000e-01
1.489257812500000000e-01
1.513671875000000000e-01
1.489257812500000000e-01
1.440429687500000000e-01
1.416015625000000000e-01
1.464843750000000000e-01
1.440429687500000000e-01
1.464843750000000000e-01
1.464843750000000000e-01
1.513671875000000000e-01
1.489257812500000000e-01
1.391601562500000000e-01
1.391601562500000000e-01
1.489257812500000000e-01
1.440429687500000000e-01
1.367187500000000000e-01
1.440429687500000000e-01
1.440429687500000000e-01
1.367187500000000000e-01
1.367187500000000000e-01
1.416015625000000000e-01
1.416015625000000000e-01
1.416015625000000000e-01
1.489257812500000000e-01
1.464843750000000000e-01
1.440429687500000000e-01
1.440429687500000000e-01
1.440429687500000000e-01
1.416015625000000000e-01
1.367187500000000000e-01
1.342773437500000000e-01
1.416015625000000000e-01
1.440429687500000000e-01
1.440429687500000000e-01
1.440429687500000000e-01
1.464843750000000000e-01
1.416015625000000000e-01
1.391601562500000000e-01
1.440429687500000000e-01
1.416015625000000000e-01
1.416015625000000000e-01
1.342773437500000000e-01
1.416015625000000000e-01
1.342773437500000000e-01
1.416015625000000000e-01
1.489257812500000000e-01
1.440429687500000000e-01
1.391601562500000000e-01
1.489257812500000000e-01
1.440429687500000000e-01
1.391601562500000000e-01
1.464843750000000000e-01
1.440429687500000000e-01
1.416015625000000000e-01
1.440429687500000000e-01
1.367187500000000000e-01
1.416015625000000000e-01
1.318359375000000000e-01
1.416015625000000000e-01
1.489257812500000000e-01
1.416015625000000000e-01
1.342773437500000000e-01
1.391601562500000000e-01
1.440429687500000000e-01
1.440429687500000000e-01
1.416015625000000000e-01
1.440429687500000000e-01
1.440429687500000000e-01
1.391601562500000000e-01
1.416015625000000000e-01
1.440429687500000000e-01
1.464843750000000000e-01
1.464843750000000000e-01
1.440429687500000000e-01
1.391601562500000000e-01
1.440429687500000000e-01
1.513671875000000000e-01
1.391601562500000000e-01
1.489257812500000000e-01
1.391601562500000000e-01
1.464843750000000000e-01
1.440429687500000000e-01
1.440429687500000000e-01
1.416015625000000000e-01
1.489257812500000000e-01
1.464843750000000000e-01
1.440429687500000000e-01
1.367187500000000000e-01
1.513671875000000000e-01
1.513671875000000000e-01
1.489257812500000000e-01
1.464843750000000000e-01
1.367187500000000000e-01
1.440429687500000000e-01
1.367187500000000000e-01
1.391601562500000000e-01
1.464843750000000000e-01
1.416015625000000000e-01
1.489257812500000000e-01
1.416015625000000000e-01
1.489257812500000000e-01
1.489257812500000000e-01
1.440429687500000000e-01
1.416015625000000000e-01
1.489257812500000000e-01
1.513671875000000000e-01
1.489257812500000000e-01
1.416015625000000000e-01
1.489257812500000000e-01
1.489257812500000000e-01
1.464843750000000000e-01
1.513671875000000000e-01
1.464843750000000000e-01
1.464843750000000000e-01
1.464843750000000000e-01
1.513671875000000000e-01
1.464843750000000000e-01
1.464843750000000000e-01
1.416015625000000000e-01
1.513671875000000000e-01
1.416015625000000000e-01
1.489257812500000000e-01
1.489257812500000000e-01
1.489257812500000000e-01
1.440429687500000000e-01
1.489257812500000000e-01
1.440429687500000000e-01
1.440429687500000000e-01
1.416015625000000000e-01
1.489257812500000000e-01
1.489257812500000000e-01
1.464843750000000000e-01
1.440429687500000000e-01
1.513671875000000000e-01
1.440429687500000000e-01
1.464843750000000000e-01
1.513671875000000000e-01
1.464843750000000000e-01
1.538085937500000000e-01
1.416015625000000000e-01
1.489257812500000000e-01
1.489257812500000000e-01
1.464843750000000000e-01
1.440429687500000000e-01
1.464843750000000000e-01
1.464843750000000000e-01
1.464843750000000000e-01
1.464843750000000000e-01
1.416015625000000000e-01
1.489257812500000000e-01
1.416015625000000000e-01
1.489257812500000000e-01
1.464843750000000000e-01
1.464843750000000000e-01
1.416015625000000000e-01
1.440429687500000000e-01
1.367187500000000000e-01
1.464843750000000000e-01
1.440429687500000000e-01
1.489257812500000000e-01
1.464843750000000000e-01
1.464843750000000000e-01
1.489257812500000000e-01
1.489257812500000000e-01
1.489257812500000000e-01
1.489257812500000000e-01
1.489257812500000000e-01
1.440429687500000000e-01
1.513671875000000000e-01
1.440429687500000000e-01
1.489257812500000000e-01
1.464843750000000000e-01
1.464843750000000000e-01
1.440429687500000000e-01
1.440429687500000000e-01
1.440429687500000000e-01
1.513671875000000000e-01
1.464843750000000000e-01
1.464843750000000000e-01
1.464843750000000000e-01
1.416015625000000000e-01
1.489257812500000000e-01
1.391601562500000000e-01
1.489257812500000000e-01
1.489257812500000000e-01
1.440429687500000000e-01
1.464843750000000000e-01
1.440429687500000000e-01
1.464843750000000000e-01
1.489257812500000000e-01
1.440429687500000000e-01
1.391601562500000000e-01
1.464843750000000000e-01
1.440429687500000000e-01
1.464843750000000000e-01
1.513671875000000000e-01
1.416015625000000000e-01
1.513671875000000000e-01
1.416015625000000000e-01
1.489257812500000000e-01
1.489257812500000000e-01
1.464843750000000000e-01
1.513671875000000000e-01
1.513671875000000000e-01
1.513671875000000000e-01
1.489257812500000000e-01
1.489257812500000000e-01
1.538085937500000000e-01
1.464843750000000000e-01
1.562500000000000000e-01
1.513671875000000000e-01
1.489257812500000000e-01
1.464843750000000000e-01
1.562500000000000000e-01
1.391601562500000000e-01
1.538085937500000000e-01
1.562500000000000000e-01
1.489257812500000000e-01
1.586914062500000000e-01
1.489257812500000000e-01
1.513671875000000000e-01
1.440429687500000000e-01
1.464843750000000000e-01
1.391601562500000000e-01
1.440429687500000000e-01
1.489257812500000000e-01
1.513671875000000000e-01
1.416015625000000000e-01
1.440429687500000000e-01
1.440429687500000000e-01
1.391601562500000000e-01
1.464843750000000000e-01
1.464843750000000000e-01
1.513671875000000000e-01
1.440429687500000000e-01
1.489257812500000000e-01
1.464843750000000000e-01
1.464843750000000000e-01
1.489257812500000000e-01
1.489257812500000000e-01
1.440429687500000000e-01
1.513671875000000000e-01
1.342773437500000000e-01
1.440429687500000000e-01
1.440429687500000000e-01
1.440429687500000000e-01
1.440429687500000000e-01
1.464843750000000000e-01
1.513671875000000000e-01
1.416015625000000000e-01
1.416015625000000000e-01
1.440429687500000000e-01
1.489257812500000000e-01
1.342773437500000000e-01
1.416015625000000000e-01
1.440429687500000000e-01
1.513671875000000000e-01
1.367187500000000000e-01
1.489257812500000000e-01
1.440429687500000000e-01
1.367187500000000000e-01
1.440429687500000000e-01
1.440429687500000000e-01
1.391601562500000000e-01
1.464843750000000000e-01
1.391601562500000000e-01
1.464843750000000000e-01
1.440429687500000000e-01
1.416015625000000000e-01
1.391601562500000000e-01
1.464843750000000000e-01
1.416015625000000000e-01
1.440429687500000000e-01
1.440429687500000000e-01
1.416015625000000000e-01
1.416015625000000000e-01
1.293945312500000000e-01
1.391601562500000000e-01
1.367187500000000000e-01
1.416015625000000000e-01
1.367187500000000000e-01
1.367187500000000000e-01
1.367187500000000000e-01
1.367187500000000000e-01
1.416015625000000000e-01
1.416015625000000000e-01
1.489257812500000000e-01
1.464843750000000000e-01
1.391601562500000000e-01
1.416015625000000000e-01
1.464843750000000000e-01
1.513671875000000000e-01
1.367187500000000000e-01
1.367187500000000000e-01
1.416015625000000000e-01
1.464843750000000000e-01
1.440429687500000000e-01
1.391601562500000000e-01
1.342773437500000000e-01
1.416015625000000000e-01
1.391601562500000000e-01
1.391601562500000000e-01
1.416015625000000000e-01
1.416015625000000000e-01
1.342773437500000000e-01
1.391601562500000000e-01
1.440429687500000000e-01
1.464843750000000000e-01
1.391601562500000000e-01
1.489257812500000000e-01
1.391601562500000000e-01
1.391601562500000000e-01
1.464843750000000000e-01
1.416015625000000000e-01
1.391601562500000000e-01
1.464843750000000000e-01
1.489257812500000000e-01
1.391601562500000000e-01
1.391601562500000000e-01
1.440429687500000000e-01
1.440429687500000000e-01
1.440429687500000000e-01
1.391601562500000000e-01
1.367187500000000000e-01
1.342773437500000000e-01
1.391601562500000000e-01
1.416015625000000000e-01
1.440429687500000000e-01
1.440429687500000000e-01
1.416015625000000000e-01
1.391601562500000000e-01
1.391601562500000000e-01
1.367187500000000000e-01
1.416015625000000000e-01
1.391601562500000000e-01
1.440429687500000000e-01
1.391601562500000000e-01
1.342773437500000000e-01
1.391601562500000000e-01
1.440429687500000000e-01
1.489257812500000000e-01
1.391601562500000000e-01
1.342773437500000000e-01
1.367187500000000000e-01
1.440429687500000000e-01
1.464843750000000000e-01
1.440429687500000000e-01
1.416015625000000000e-01
1.391601562500000000e-01
1.416015625000000000e-01
1.391601562500000000e-01
1.464843750000000000e-01
1.416015625000000000e-01
1.416015625000000000e-01
1.342773437500000000e-01
1.464843750000000000e-01
1.416015625000000000e-01
1.391601562500000000e-01
1.391601562500000000e-01
1.489257812500000000e-01
1.440429687500000000e-01
1.440429687500000000e-01
1.391601562500000000e-01
1.391601562500000000e-01
1.464843750000000000e-01
1.416015625000000000e-01
1.416015625000000000e-01
1.440429687500000000e-01
1.464843750000000000e-01
1.440429687500000000e-01
1.513671875000000000e-01
1.391601562500000000e-01
1.416015625000000000e-01
1.416015625000000000e-01
1.318359375000000000e-01
1.342773437500000000e-01
1.367187500000000000e-01
1.367187500000000000e-01
1.464843750000000000e-01
1.391601562500000000e-01
1.318359375000000000e-01
1.489257812500000000e-01
1.342773437500000000e-01
1.440429687500000000e-01
1.440429687500000000e-01
1.342773437500000000e-01
1.440429687500000000e-01
1.416015625000000000e-01
1.416015625000000000e-01
1.391601562500000000e-01
1.440429687500000000e-01
1.464843750000000000e-01
1.416015625000000000e-01
1.391601562500000000e-01
1.416015625000000000e-01
1.391601562500000000e-01
1.367187500000000000e-01
1.440429687500000000e-01
1.416015625000000000e-01
1.464843750000000000e-01
1.391601562500000000e-01
1.391601562500000000e-01
1.391601562500000000e-01
1.342773437500000000e-01
1.391601562500000000e-01
1.440429687500000000e-01
1.367187500000000000e-01
1.489257812500000000e-01
1.367187500000000000e-01
1.464843750000000000e-01
1.440429687500000000e-01
1.464843750000000000e-01
1.440429687500000000e-01
1.391601562500000000e-01
1.416015625000000000e-01
1.416015625000000000e-01
1.416015625000000000e-01
1.416015625000000000e-01
1.391601562500000000e-01
1.464843750000000000e-01
1.416015625000000000e-01
1.489257812500000000e-01
1.391601562500000000e-01
1.318359375000000000e-01
1.513671875000000000e-01
1.489257812500000000e-01
1.440429687500000000e-01
1.416015625000000000e-01
1.440429687500000000e-01
1.489257812500000000e-01
1.489257812500000000e-01
1.489257812500000000e-01
1.513671875000000000e-01
1.464843750000000000e-01
1.464843750000000000e-01
1.489257812500000000e-01
1.464843750000000000e-01
1.464843750000000000e-01
1.538085937500000000e-01
1.513671875000000000e-01
1.464843750000000000e-01
1.489257812500000000e-01
1.440429687500000000e-01
1.416015625000000000e-01
1.416015625000000000e-01
1.464843750000000000e-01
1.440429687500000000e-01
1.464843750000000000e-01
1.416015625000000000e-01
1.416015625000000000e-01
1.513671875000000000e-01
1.367187500000000000e-01
1.440429687500000000e-01
1.464843750000000000e-01
1.342773437500000000e-01
1.416015625000000000e-01
1.464843750000000000e-01
1.440429687500000000e-01
1.391601562500000000e-01
1.391601562500000000e-01
1.489257812500000000e-01
1.367187500000000000e-01
1.391601562500000000e-01
1.367187500000000000e-01
1.489257812500000000e-01
1.440429687500000000e-01
1.464843750000000000e-01
1.416015625000000000e-01
1.367187500000000000e-01
1.440429687500000000e-01
1.440429687500000000e-01
1.342773437500000000e-01
1.440429687500000000e-01
1.391601562500000000e-01
1.391601562500000000e-01
1.440429687500000000e-01
1.318359375000000000e-01
1.318359375000000000e-01
1.342773437500000000e-01
1.440429687500000000e-01
1.416015625000000000e-01
1.440429687500000000e-01
1.391601562500000000e-01
1.416015625000000000e-01
1.440429687500000000e-01
1.342773437500000000e-01
1.440429687500000000e-01
1.293945312500000000e-01
1.342773437500000000e-01
1.342773437500000000e-01
1.220703125000000000e-01
1.489257812500000000e-01
1.416015625000000000e-01
1.416015625000000000e-01
1.416015625000000000e-01
1.440429687500000000e-01
1.416015625000000000e-01
1.342773437500000000e-01
1.513671875000000000e-01
1.416015625000000000e-01
1.440429687500000000e-01
1.391601562500000000e-01
1.416015625000000000e-01
1.440429687500000000e-01
1.489257812500000000e-01
1.464843750000000000e-01
1.440429687500000000e-01
1.440429687500000000e-01
1.464843750000000000e-01
1.464843750000000000e-01
1.440429687500000000e-01
1.342773437500000000e-01
1.416015625000000000e-01
1.440429687500000000e-01
1.391601562500000000e-01
1.464843750000000000e-01
1.440429687500000000e-01
1.367187500000000000e-01
1.416015625000000000e-01
1.440429687500000000e-01
1.440429687500000000e-01
1.464843750000000000e-01
1.464843750000000000e-01
1.489257812500000000e-01
1.464843750000000000e-01
1.513671875000000000e-01
1.416015625000000000e-01
1.416015625000000000e-01
1.513671875000000000e-01
1.367187500000000000e-01
1.416015625000000000e-01
1.464843750000000000e-01
1.489257812500000000e-01
1.416015625000000000e-01
1.391601562500000000e-01
1.513671875000000000e-01
1.489257812500000000e-01
1.440429687500000000e-01
1.416015625000000000e-01
1.318359375000000000e-01
1.440429687500000000e-01
1.391601562500000000e-01
1.440429687500000000e-01
1.464843750000000000e-01
1.513671875000000000e-01
1.464843750000000000e-01
1.464843750000000000e-01
1.513671875000000000e-01
1.416015625000000000e-01
1.440429687500000000e-01
1.440429687500000000e-01
1.269531250000000000e-01
1.318359375000000000e-01
1.416015625000000000e-01
1.342773437500000000e-01
1.440429687500000000e-01
1.464843750000000000e-01
1.440429687500000000e-01
1.342773437500000000e-01
1.440429687500000000e-01
1.464843750000000000e-01
1.391601562500000000e-01
1.367187500000000000e-01
1.489257812500000000e-01
1.513671875000000000e-01
1.513671875000000000e-01
1.416015625000000000e-01
1.440429687500000000e-01
1.440429687500000000e-01
1.440429687500000000e-01
1.416015625000000000e-01
1.586914062500000000e-01
1.391601562500000000e-01
1.367187500000000000e-01
1.416015625000000000e-01
1.513671875000000000e-01
1.489257812500000000e-01
1.367187500000000000e-01
1.391601562500000000e-01
1.416015625000000000e-01
1.586914062500000000e-01
1.440429687500000000e-01
1.367187500000000000e-01
1.440429687500000000e-01
1.538085937500000000e-01
1.416015625000000000e-01
1.538085937500000000e-01
1.513671875000000000e-01
1.489257812500000000e-01
1.513671875000000000e-01
1.538085937500000000e-01
1.513671875000000000e-01
1.440429687500000000e-01
1.611328125000000000e-01
1.464843750000000000e-01
1.538085937500000000e-01
1.513671875000000000e-01
1.440429687500000000e-01
1.342773437500000000e-01
1.489257812500000000e-01
1.513671875000000000e-01
1.416015625000000000e-01
1.440429687500000000e-01
1.464843750000000000e-01
1.513671875000000000e-01
1.538085937500000000e-01
1.513671875000000000e-01
1.440429687500000000e-01
1.464843750000000000e-01
1.464843750000000000e-01
1.513671875000000000e-01
1.464843750000000000e-01
1.538085937500000000e-01
1.538085937500000000e-01
1.416015625000000000e-01
1.416015625000000000e-01
1.416015625000000000e-01
1.513671875000000000e-01
1.391601562500000000e-01
1.367187500000000000e-01
1.440429687500000000e-01
1.538085937500000000e-01
1.416015625000000000e-01
1.440429687500000000e-01
1.416015625000000000e-01
1.342773437500000000e-01
1.367187500000000000e-01
1.464843750000000000e-01
1.464843750000000000e-01
1.391601562500000000e-01
1.391601562500000000e-01
1.367187500000000000e-01
1.440429687500000000e-01
1.586914062500000000e-01
1.513671875000000000e-01
1.367187500000000000e-01
1.416015625000000000e-01
1.416015625000000000e-01
1.464843750000000000e-01
1.489257812500000000e-01
1.513671875000000000e-01
1.538085937500000000e-01
1.391601562500000000e-01
1.318359375000000000e-01
1.464843750000000000e-01
1.562500000000000000e-01
1.538085937500000000e-01
1.562500000000000000e-01
1.440429687500000000e-01
1.367187500000000000e-01
1.367187500000000000e-01
1.391601562500000000e-01
1.342773437500000000e-01
1.318359375000000000e-01
1.391601562500000000e-01
1.513671875000000000e-01
1.513671875000000000e-01
1.464843750000000000e-01
1.391601562500000000e-01
1.538085937500000000e-01
1.562500000000000000e-01
1.513671875000000000e-01
1.464843750000000000e-01
1.440429687500000000e-01
1.391601562500000000e-01
1.489257812500000000e-01
1.513671875000000000e-01
1.489257812500000000e-01
1.416015625000000000e-01
1.318359375000000000e-01
1.318359375000000000e-01
1.440429687500000000e-01
1.464843750000000000e-01
1.489257812500000000e-01
1.513671875000000000e-01
1.513671875000000000e-01
1.391601562500000000e-01
1.464843750000000000e-01
1.391601562500000000e-01
1.293945312500000000e-01
1.489257812500000000e-01
1.489257812500000000e-01
1.318359375000000000e-01
1.367187500000000000e-01
1.489257812500000000e-01
1.513671875000000000e-01
1.440429687500000000e-01
1.464843750000000000e-01
1.513671875000000000e-01
1.513671875000000000e-01
1.489257812500000000e-01
1.416015625000000000e-01
1.318359375000000000e-01
1.293945312500000000e-01
1.464843750000000000e-01
1.513671875000000000e-01
1.513671875000000000e-01
1.391601562500000000e-01
1.293945312500000000e-01
1.464843750000000000e-01
1.391601562500000000e-01
1.513671875000000000e-01
1.562500000000000000e-01
1.489257812500000000e-01
1.513671875000000000e-01
1.440429687500000000e-01
1.489257812500000000e-01
1.562500000000000000e-01
1.562500000000000000e-01
1.513671875000000000e-01
1.416015625000000000e-01
1.318359375000000000e-01
1.367187500000000000e-01
1.342773437500000000e-01
1.416015625000000000e-01
1.416015625000000000e-01
1.416015625000000000e-01
1.513671875000000000e-01
1.416015625000000000e-01
1.367187500000000000e-01
1.464843750000000000e-01
1.416015625000000000e-01
1.391601562500000000e-01
1.416015625000000000e-01
1.440429687500000000e-01
1.342773437500000000e-01
1.391601562500000000e-01
1.562500000000000000e-01
1.513671875000000000e-01
1.586914062500000000e-01
1.538085937500000000e-01
1.391601562500000000e-01
1.342773437500000000e-01
1.416015625000000000e-01
1.538085937500000000e-01
1.513671875000000000e-01
1.635742187500000000e-01
1.464843750000000000e-01
1.562500000000000000e-01
1.391601562500000000e-01
1.489257812500000000e-01
1.611328125000000000e-01
1.464843750000000000e-01
1.489257812500000000e-01
1.464843750000000000e-01
1.416015625000000000e-01
1.440429687500000000e-01
1.416015625000000000e-01
1.440429687500000000e-01
1.586914062500000000e-01
1.513671875000000000e-01
1.586914062500000000e-01
1.391601562500000000e-01
1.464843750000000000e-01
1.367187500000000000e-01
1.391601562500000000e-01
1.440429687500000000e-01
1.367187500000000000e-01
1.367187500000000000e-01
1.538085937500000000e-01
1.489257812500000000e-01
1.562500000000000000e-01
1.440429687500000000e-01
1.538085937500000000e-01
1.586914062500000000e-01
1.440429687500000000e-01
1.342773437500000000e-01
1.318359375000000000e-01
1.342773437500000000e-01
1.391601562500000000e-01
1.489257812500000000e-01
1.391601562500000000e-01
1.293945312500000000e-01
1.342773437500000000e-01
1.391601562500000000e-01
1.440429687500000000e-01
1.416015625000000000e-01
1.391601562500000000e-01
1.367187500000000000e-01
1.171875000000000000e-01
1.367187500000000000e-01
1.440429687500000000e-01
1.489257812500000000e-01
1.367187500000000000e-01
1.367187500000000000e-01
1.367187500000000000e-01
1.440429687500000000e-01
1.538085937500000000e-01
1.489257812500000000e-01
1.416015625000000000e-01
1.440429687500000000e-01
1.489257812500000000e-01
1.513671875000000000e-01
1.562500000000000000e-01
1.440429687500000000e-01
1.440429687500000000e-01
1.391601562500000000e-01
1.391601562500000000e-01
1.513671875000000000e-01
1.440429687500000000e-01
1.440429687500000000e-01
1.293945312500000000e-01
1.318359375000000000e-01
1.391601562500000000e-01
1.318359375000000000e-01
1.269531250000000000e-01
1.464843750000000000e-01
1.489257812500000000e-01
1.391601562500000000e-01
1.318359375000000000e-01
1.318359375000000000e-01
1.342773437500000000e-01
1.416015625000000000e-01
1.464843750000000000e-01
1.489257812500000000e-01
1.538085937500000000e-01
1.513671875000000000e-01
1.440429687500000000e-01
1.318359375000000000e-01
1.440429687500000000e-01
1.586914062500000000e-01
1.489257812500000000e-01
1.513671875000000000e-01
1.464843750000000000e-01
1.489257812500000000e-01
1.391601562500000000e-01
1.342773437500000000e-01
1.342773437500000000e-01
1.318359375000000000e-01
1.367187500000000000e-01
1.489257812500000000e-01
1.611328125000000000e-01
1.538085937500000000e-01
1.440429687500000000e-01
1.416015625000000000e-01
1.416015625000000000e-01
1.416015625000000000e-01
1.489257812500000000e-01
1.489257812500000000e-01
1.196289062500000000e-01
1.196289062500000000e-01
1.367187500000000000e-01
1.391601562500000000e-01
1.367187500000000000e-01
1.416015625000000000e-01
1.391601562500000000e-01
1.416015625000000000e-01
1.367187500000000000e-01
1.391601562500000000e-01
1.367187500000000000e-01
1.464843750000000000e-01
1.367187500000000000e-01
1.513671875000000000e-01
1.538085937500000000e-01
1.586914062500000000e-01
1.538085937500000000e-01
1.391601562500000000e-01
1.318359375000000000e-01
1.391601562500000000e-01
1.513671875000000000e-01
1.538085937500000000e-01
1.464843750000000000e-01
1.562500000000000000e-01
1.464843750000000000e-01
1.367187500000000000e-01
1.269531250000000000e-01
1.318359375000000000e-01
1.367187500000000000e-01
1.342773437500000000e-01
1.391601562500000000e-01
1.416015625000000000e-01
1.489257812500000000e-01
1.416015625000000000e-01
1.391601562500000000e-01
1.489257812500000000e-01
1.440429687500000000e-01
1.538085937500000000e-01
1.562500000000000000e-01
1.391601562500000000e-01
1.269531250000000000e-01
1.269531250000000000e-01
1.391601562500000000e-01
1.342773437500000000e-01
1.367187500000000000e-01
1.367187500000000000e-01
1.367187500000000000e-01
1.416015625000000000e-01
1.440429687500000000e-01
1.489257812500000000e-01
1.367187500000000000e-01
1.562500000000000000e-01
1.611328125000000000e-01
1.562500000000000000e-01
1.440429687500000000e-01
1.513671875000000000e-01
1.538085937500000000e-01
1.489257812500000000e-01
1.513671875000000000e-01
1.464843750000000000e-01
1.562500000000000000e-01
1.538085937500000000e-01
1.342773437500000000e-01
1.269531250000000000e-01
1.367187500000000000e-01
1.269531250000000000e-01
1.293945312500000000e-01
1.342773437500000000e-01
1.464843750000000000e-01
1.538085937500000000e-01
1.562500000000000000e-01
1.513671875000000000e-01
1.635742187500000000e-01
1.538085937500000000e-01
1.464843750000000000e-01
1.416015625000000000e-01
1.367187500000000000e-01
1.391601562500000000e-01
1.513671875000000000e-01
1.440429687500000000e-01
1.220703125000000000e-01
1.464843750000000000e-01
1.440429687500000000e-01
1.318359375000000000e-01
1.391601562500000000e-01
1.440429687500000000e-01
1.440429687500000000e-01
1.440429687500000000e-01
1.513671875000000000e-01
1.464843750000000000e-01
1.464843750000000000e-01
1.464843750000000000e-01
1.464843750000000000e-01
1.342773437500000000e-01
1.538085937500000000e-01
1.562500000000000000e-01
1.489257812500000000e-01
1.513671875000000000e-01
1.538085937500000000e-01
1.440429687500000000e-01
1.293945312500000000e-01
1.342773437500000000e-01
1.416015625000000000e-01
1.342773437500000000e-01
1.342773437500000000e-01
1.367187500000000000e-01
1.464843750000000000e-01
1.611328125000000000e-01
1.513671875000000000e-01
1.562500000000000000e-01
1.586914062500000000e-01
1.538085937500000000e-01
1.269531250000000000e-01
1.342773437500000000e-01
1.538085937500000000e-01
1.391601562500000000e-01
1.489257812500000000e-01
1.586914062500000000e-01
1.513671875000000000e-01
1.391601562500000000e-01
1.513671875000000000e-01
1.513671875000000000e-01
1.367187500000000000e-01
1.513671875000000000e-01
1.489257812500000000e-01
1.538085937500000000e-01
1.440429687500000000e-01
1.440429687500000000e-01
1.440429687500000000e-01
1.513671875000000000e-01
1.440429687500000000e-01
1.464843750000000000e-01
1.538085937500000000e-01
1.611328125000000000e-01
1.464843750000000000e-01
1.416015625000000000e-01
1.416015625000000000e-01
1.342773437500000000e-01
1.342773437500000000e-01
1.464843750000000000e-01
1.367187500000000000e-01
1.440429687500000000e-01
1.464843750000000000e-01
1.489257812500000000e-01
1.562500000000000000e-01
1.489257812500000000e-01
1.538085937500000000e-01
1.440429687500000000e-01
1.367187500000000000e-01
1.391601562500000000e-01
1.440429687500000000e-01
1.367187500000000000e-01
1.342773437500000000e-01
1.562500000000000000e-01
1.391601562500000000e-01
1.562500000000000000e-01
1.464843750000000000e-01
1.440429687500000000e-01
1.562500000000000000e-01
1.635742187500000000e-01
1.513671875000000000e-01
1.391601562500000000e-01
1.391601562500000000e-01
1.391601562500000000e-01
1.464843750000000000e-01
1.586914062500000000e-01
1.464843750000000000e-01
1.513671875000000000e-01
1.538085937500000000e-01
1.391601562500000000e-01
1.489257812500000000e-01
1.342773437500000000e-01
1.245117187500000000e-01
1.562500000000000000e-01
1.440429687500000000e-01
1.416015625000000000e-01
1.245117187500000000e-01
1.171875000000000000e-01
1.269531250000000000e-01
1.367187500000000000e-01
1.293945312500000000e-01
1.464843750000000000e-01
1.538085937500000000e-01
1.464843750000000000e-01
1.464843750000000000e-01
1.464843750000000000e-01
1.513671875000000000e-01
1.416015625000000000e-01
1.489257812500000000e-01
1.391601562500000000e-01
1.391601562500000000e-01
1.245117187500000000e-01
1.245117187500000000e-01
1.440429687500000000e-01
1.538085937500000000e-01
1.464843750000000000e-01
1.416015625000000000e-01
1.440429687500000000e-01
1.513671875000000000e-01
1.464843750000000000e-01
1.391601562500000000e-01
1.367187500000000000e-01
1.416015625000000000e-01
1.489257812500000000e-01
1.464843750000000000e-01
1.269531250000000000e-01
1.269531250000000000e-01
1.269531250000000000e-01
1.538085937500000000e-01
1.367187500000000000e-01
1.440429687500000000e-01
1.513671875000000000e-01
1.367187500000000000e-01
1.367187500000000000e-01
1.464843750000000000e-01
1.416015625000000000e-01
1.538085937500000000e-01
1.318359375000000000e-01
1.342773437500000000e-01
1.391601562500000000e-01
1.440429687500000000e-01
1.464843750000000000e-01
1.538085937500000000e-01
1.464843750000000000e-01
1.464843750000000000e-01
1.293945312500000000e-01
1.293945312500000000e-01
1.367187500000000000e-01
1.416015625000000000e-01
1.440429687500000000e-01
1.391601562500000000e-01
1.464843750000000000e-01
1.416015625000000000e-01
1.416015625000000000e-01
1.391601562500000000e-01
1.245117187500000000e-01
1.293945312500000000e-01
1.440429687500000000e-01
1.464843750000000000e-01
1.513671875000000000e-01
1.440429687500000000e-01
1.464843750000000000e-01
1.367187500000000000e-01
1.513671875000000000e-01
1.562500000000000000e-01
1.367187500000000000e-01
1.367187500000000000e-01
1.391601562500000000e-01
1.538085937500000000e-01
1.513671875000000000e-01
1.416015625000000000e-01
1.293945312500000000e-01
1.342773437500000000e-01
1.416015625000000000e-01
1.440429687500000000e-01
1.367187500000000000e-01
1.416015625000000000e-01
1.464843750000000000e-01
1.342773437500000000e-01
1.416015625000000000e-01
1.562500000000000000e-01
1.416015625000000000e-01
1.318359375000000000e-01
1.464843750000000000e-01
1.367187500000000000e-01
1.293945312500000000e-01
1.440429687500000000e-01
1.416015625000000000e-01
1.342773437500000000e-01
1.464843750000000000e-01
1.367187500000000000e-01
1.342773437500000000e-01
1.440429687500000000e-01
1.318359375000000000e-01
1.391601562500000000e-01
1.513671875000000000e-01
1.489257812500000000e-01
1.416015625000000000e-01
1.342773437500000000e-01
1.416015625000000000e-01
1.513671875000000000e-01
1.391601562500000000e-01
1.318359375000000000e-01
1.318359375000000000e-01
1.513671875000000000e-01
1.513671875000000000e-01
1.391601562500000000e-01
1.391601562500000000e-01
1.440429687500000000e-01
1.245117187500000000e-01
1.489257812500000000e-01
1.416015625000000000e-01
1.464843750000000000e-01
1.489257812500000000e-01
1.538085937500000000e-01
1.513671875000000000e-01
1.367187500000000000e-01
1.489257812500000000e-01
1.440429687500000000e-01
1.562500000000000000e-01
1.586914062500000000e-01
1.513671875000000000e-01
1.171875000000000000e-01
1.440429687500000000e-01
1.513671875000000000e-01
1.391601562500000000e-01
1.489257812500000000e-01
1.416015625000000000e-01
1.367187500000000000e-01
1.489257812500000000e-01
1.440429687500000000e-01
1.489257812500000000e-01
1.391601562500000000e-01
1.342773437500000000e-01
1.391601562500000000e-01
1.489257812500000000e-01
1.391601562500000000e-01
1.538085937500000000e-01
1.513671875000000000e-01
1.416015625000000000e-01
1.171875000000000000e-01
1.367187500000000000e-01
1.391601562500000000e-01
1.611328125000000000e-01
1.635742187500000000e-01
1.367187500000000000e-01
1.440429687500000000e-01
1.586914062500000000e-01
1.611328125000000000e-01
1.440429687500000000e-01
1.489257812500000000e-01
1.586914062500000000e-01
1.562500000000000000e-01
1.489257812500000000e-01
1.538085937500000000e-01
1.489257812500000000e-01
1.562500000000000000e-01
1.464843750000000000e-01
1.513671875000000000e-01
1.489257812500000000e-01
1.489257812500000000e-01
1.391601562500000000e-01
1.416015625000000000e-01
1.416015625000000000e-01
1.367187500000000000e-01
1.513671875000000000e-01
1.147460937500000000e-01
1.318359375000000000e-01
1.489257812500000000e-01
1.342773437500000000e-01
1.416015625000000000e-01
1.489257812500000000e-01
1.562500000000000000e-01
1.489257812500000000e-01
1.391601562500000000e-01
1.586914062500000000e-01
1.538085937500000000e-01
1.440429687500000000e-01
1.367187500000000000e-01
1.513671875000000000e-01
1.611328125000000000e-01
1.171875000000000000e-01
1.391601562500000000e-01
1.440429687500000000e-01
1.562500000000000000e-01
1.586914062500000000e-01
1.562500000000000000e-01
1.367187500000000000e-01
1.562500000000000000e-01
1.586914062500000000e-01
1.489257812500000000e-01
1.562500000000000000e-01
1.513671875000000000e-01
1.440429687500000000e-01
1.562500000000000000e-01
1.538085937500000000e-01
1.513671875000000000e-01
1.416015625000000000e-01
1.342773437500000000e-01
1.391601562500000000e-01
1.562500000000000000e-01
1.513671875000000000e-01
1.440429687500000000e-01
1.391601562500000000e-01
1.513671875000000000e-01
1.416015625000000000e-01
1.391601562500000000e-01
1.440429687500000000e-01
1.318359375000000000e-01
1.440429687500000000e-01
1.464843750000000000e-01
1.342773437500000000e-01
1.367187500000000000e-01
1.489257812500000000e-01
1.391601562500000000e-01
1.391601562500000000e-01
1.513671875000000000e-01
1.513671875000000000e-01
1.318359375000000000e-01
1.440429687500000000e-01
1.562500000000000000e-01
1.269531250000000000e-01
1.464843750000000000e-01
1.562500000000000000e-01
1.464843750000000000e-01
1.440429687500000000e-01
1.342773437500000000e-01
1.513671875000000000e-01
1.611328125000000000e-01
1.440429687500000000e-01
1.586914062500000000e-01
1.513671875000000000e-01
1.513671875000000000e-01
1.464843750000000000e-01
1.513671875000000000e-01
1.489257812500000000e-01
1.416015625000000000e-01
1.318359375000000000e-01
1.440429687500000000e-01
1.562500000000000000e-01
1.342773437500000000e-01
1.464843750000000000e-01
1.391601562500000000e-01
1.586914062500000000e-01
1.416015625000000000e-01
1.440429687500000000e-01
1.464843750000000000e-01
1.342773437500000000e-01
1.513671875000000000e-01
1.562500000000000000e-01
1.391601562500000000e-01
1.293945312500000000e-01
1.513671875000000000e-01
1.538085937500000000e-01
1.342773437500000000e-01
1.489257812500000000e-01
1.586914062500000000e-01
1.635742187500000000e-01
1.440429687500000000e-01
1.562500000000000000e-01
1.513671875000000000e-01
1.464843750000000000e-01
1.538085937500000000e-01
1.391601562500000000e-01
1.538085937500000000e-01
1.416015625000000000e-01
1.391601562500000000e-01
1.538085937500000000e-01
1.513671875000000000e-01
1.464843750000000000e-01
1.538085937500000000e-01
1.342773437500000000e-01
1.464843750000000000e-01
1.367187500000000000e-01
1.245117187500000000e-01
1.489257812500000000e-01
1.440429687500000000e-01
1.318359375000000000e-01
1.464843750000000000e-01
1.538085937500000000e-01
1.489257812500000000e-01
1.489257812500000000e-01
1.416015625000000000e-01
1.538085937500000000e-01
1.440429687500000000e-01
1.440429687500000000e-01
1.293945312500000000e-01
1.269531250000000000e-01
1.391601562500000000e-01
1.416015625000000000e-01
1.293945312500000000e-01
1.171875000000000000e-01
1.440429687500000000e-01
1.538085937500000000e-01
1.391601562500000000e-01
1.489257812500000000e-01
1.538085937500000000e-01
1.440429687500000000e-01
1.367187500000000000e-01
1.513671875000000000e-01
1.538085937500000000e-01
1.464843750000000000e-01
1.367187500000000000e-01
1.464843750000000000e-01
1.367187500000000000e-01
1.269531250000000000e-01
1.416015625000000000e-01
1.220703125000000000e-01
1.171875000000000000e-01
1.391601562500000000e-01
1.464843750000000000e-01
1.293945312500000000e-01
1.489257812500000000e-01
1.416015625000000000e-01
1.416015625000000000e-01
1.562500000000000000e-01
1.367187500000000000e-01
1.293945312500000000e-01
1.538085937500000000e-01
1.416015625000000000e-01
1.489257812500000000e-01
1.464843750000000000e-01
1.489257812500000000e-01
1.464843750000000000e-01
1.513671875000000000e-01
1.171875000000000000e-01
1.464843750000000000e-01
1.489257812500000000e-01
1.391601562500000000e-01
1.245117187500000000e-01
1.464843750000000000e-01
1.513671875000000000e-01
1.269531250000000000e-01
1.269531250000000000e-01
1.464843750000000000e-01
1.416015625000000000e-01
1.440429687500000000e-01
1.074218750000000000e-01
1.342773437500000000e-01
1.367187500000000000e-01
1.440429687500000000e-01
1.464843750000000000e-01
1.367187500000000000e-01
1.440429687500000000e-01
1.538085937500000000e-01
1.367187500000000000e-01
1.440429687500000000e-01
