2.441406250000000000e-02
1.953125000000000000e-02
2.929687500000000000e-02
3.906250000000000000e-02
2.929687500000000000e-02
3.417968750000000000e-02
2.441406250000000000e-02
2.441406250000000000e-02
3.906250000000000000e-02
2.929687500000000000e-02
2.441406250000000000e-02
4.394531250000000000e-02
2.441406250000000000e-02
2.929687500000000000e-02
2.441406250000000000e-02
2.441406250000000000e-02
2.929687500000000000e-02
2.441406250000000000e-02
3.906250000000000000e-02
2.929687500000000000e-02
2.929687500000000000e-02
3.417968750000000000e-02
2.929687500000000000e-02
2.929687500000000000e-02
2.929687500000000000e-02
2.929687500000000000e-02
3.417968750000000000e-02
2.929687500000000000e-02
2.929687500000000000e-02
3.417968750000000000e-02
3.417968750000000000e-02
2.441406250000000000e-02
2.441406250000000000e-02
2.929687500000000000e-02
2.929687500000000000e-02
2.929687500000000000e-02
2.929687500000000000e-02
1.953125000000000000e-02
2.929687500000000000e-02
2.929687500000000000e-02
3.417968750000000000e-02
3.417968750000000000e-02
3.906250000000000000e-02
2.929687500000000000e-02
2.441406250000000000e-02
3.417968750000000000e-02
2.929687500000000000e-02
2.929687500000000000e-02
3.906250000000000000e-02
2.929687500000000000e-02
2.441406250000000000e-02
1.953125000000000000e-02
2.929687500000000000e-02
1.953125000000000000e-02
1.953125000000000000e-02
3.417968750000000000e-02
2.441406250000000000e-02
2.929687500000000000e-02
3.906250000000000000e-02
2.441406250000000000e-02
3.417968750000000000e-02
2.441406250000000000e-02
2.441406250000000000e-02
2.441406250000000000e-02
1.953125000000000000e-02
2.929687500000000000e-02
2.929687500000000000e-02
2.929687500000000000e-02
2.441406250000000000e-02
1.953125000000000000e-02
2.441406250000000000e-02
2.929687500000000000e-02
2.929687500000000000e-02
2.929687500000000000e-02
2.929687500000000000e-02
3.417968750000000000e-02
2.441406250000000000e-02
2.441406250000000000e-02
2.441406250000000000e-02
3.417968750000000000e-02
2.441406250000000000e-02
1.953125000000000000e-02
2.929687500000000000e-02
1.953125000000000000e-02
2.441406250000000000e-02
2.441406250000000000e-02
3.417968750000000000e-02
2.929687500000000000e-02
2.441406250000000000e-02
4.394531250000000000e-02
3.417968750000000000e-02
2.929687500000000000e-02
3.417968750000000000e-02
2.929687500000000000e-02
2.929687500000000000e-02
2.929687500000000000e-02
2.929687500000000000e-02
2.441406250000000000e-02
2.929687500000000000e-02
3.417968750000000000e-02
4.394531250000000000e-02
2.929687500000000000e-02
2.441406250000000000e-02
2.929687500000000000e-02
2.441406250000000000e-02
2.441406250000000000e-02
2.441406250000000000e-02
2.929687500000000000e-02
2.929687500000000000e-02
3.417968750000000000e-02
2.441406250000000000e-02
2.441406250000000000e-02
2.441406250000000000e-02
2.441406250000000000e-02
2.929687500000000000e-02
2.929687500000000000e-02
2.929687500000000000e-02
2.441406250000000000e-02
2.929687500000000000e-02
2.929687500000000000e-02
2.441406250000000000e-02
2.441406250000000000e-02
3.417968750000000000e-02
2.929687500000000000e-02
2.441406250000000000e-02
1.953125000000000000e-02
4.882812500000000000e-02
3.417968750000000000e-02
2.929687500000000000e-02
4.394531250000000000e-02
3.417968750000000000e-02
2.929687500000000000e-02
3.417968750000000000e-02
3.417968750000000000e-02
4.394531250000000000e-02
3.906250000000000000e-02
3.417968750000000000e-02
3.906250000000000000e-02
3.906250000000000000e-02
2.929687500000000000e-02
2.929687500000000000e-02
2.441406250000000000e-02
3.906250000000000000e-02
4.394531250000000000e-02
2.441406250000000000e-02
3.906250000000000000e-02
3.417968750000000000e-02
2.441406250000000000e-02
2.441406250000000000e-02
1.953125000000000000e-02
2.929687500000000000e-02
2.929687500000000000e-02
2.929687500000000000e-02
2.929687500000000000e-02
1.953125000000000000e-02
2.441406250000000000e-02
2.441406250000000000e-02
1.953125000000000000e-02
2.929687500000000000e-02
3.906250000000000000e-02
3.417968750000000000e-02
3.417968750000000000e-02
2.441406250000000000e-02
2.441406250000000000e-02
3.906250000000000000e-02
2.441406250000000000e-02
3.417968750000000000e-02
2.441406250000000000e-02
3.417968750000000000e-02
3.906250000000000000e-02
4.394531250000000000e-02
3.417968750000000000e-02
2.929687500000000000e-02
3.906250000000000000e-02
2.929687500000000000e-02
2.441406250000000000e-02
2.929687500000000000e-02
2.441406250000000000e-02
2.929687500000000000e-02
2.929687500000000000e-02
2.929687500000000000e-02
3.906250000000000000e-02
2.441406250000000000e-02
3.417968750000000000e-02
2.929687500000000000e-02
2.441406250000000000e-02
1.953125000000000000e-02
2.441406250000000000e-02
2.929687500000000000e-02
1.953125000000000000e-02
2.929687500000000000e-02
2.929687500000000000e-02
1.953125000000000000e-02
2.929687500000000000e-02
2.929687500000000000e-02
3.417968750000000000e-02
1.953125000000000000e-02
4.394531250000000000e-02
3.906250000000000000e-02
1.953125000000000000e-02
2.929687500000000000e-02
2.441406250000000000e-02
3.417968750000000000e-02
3.417968750000000000e-02
4.394531250000000000e-02
2.441406250000000000e-02
1.953125000000000000e-02
2.441406250000000000e-02
3.417968750000000000e-02
2.929687500000000000e-02
2.929687500000000000e-02
2.929687500000000000e-02
3.417968750000000000e-02
3.417968750000000000e-02
2.929687500000000000e-02
2.441406250000000000e-02
1.953125000000000000e-02
3.906250000000000000e-02
3.417968750000000000e-02
3.417968750000000000e-02
2.929687500000000000e-02
4.394531250000000000e-02
3.417968750000000000e-02
3.417968750000000000e-02
2.929687500000000000e-02
3.906250000000000000e-02
2.441406250000000000e-02
2.441406250000000000e-02
3.417968750000000000e-02
2.929687500000000000e-02
2.441406250000000000e-02
2.929687500000000000e-02
2.929687500000000000e-02
1.953125000000000000e-02
3.906250000000000000e-02
2.441406250000000000e-02
2.929687500000000000e-02
4.882812500000000000e-02
2.929687500000000000e-02
3.906250000000000000e-02
3.906250000000000000e-02
3.906250000000000000e-02
2.441406250000000000e-02
3.417968750000000000e-02
2.929687500000000000e-02
2.929687500000000000e-02
3.417968750000000000e-02
3.417968750000000000e-02
2.929687500000000000e-02
2.929687500000000000e-02
2.929687500000000000e-02
2.929687500000000000e-02
2.929687500000000000e-02
3.417968750000000000e-02
2.929687500000000000e-02
2.929687500000000000e-02
2.441406250000000000e-02
3.906250000000000000e-02
2.441406250000000000e-02
1.953125000000000000e-02
3.417968750000000000e-02
3.417968750000000000e-02
3.906250000000000000e-02
2.929687500000000000e-02
3.417968750000000000e-02
3.417968750000000000e-02
3.417968750000000000e-02
3.906250000000000000e-02
3.417968750000000000e-02
2.441406250000000000e-02
2.441406250000000000e-02
2.441406250000000000e-02
3.417968750000000000e-02
3.906250000000000000e-02
3.417968750000000000e-02
2.929687500000000000e-02
3.417968750000000000e-02
3.417968750000000000e-02
3.417968750000000000e-02
2.441406250000000000e-02
2.929687500000000000e-02
2.929687500000000000e-02
2.441406250000000000e-02
4.394531250000000000e-02
2.441406250000000000e-02
2.929687500000000000e-02
4.394531250000000000e-02
1.953125000000000000e-02
3.417968750000000000e-02
3.417968750000000000e-02
4.394531250000000000e-02
2.441406250000000000e-02
2.929687500000000000e-02
2.929687500000000000e-02
2.929687500000000000e-02
3.417968750000000000e-02
2.929687500000000000e-02
3.417968750000000000e-02
2.929687500000000000e-02
3.906250000000000000e-02
3.417968750000000000e-02
2.929687500000000000e-02
3.906250000000000000e-02
2.929687500000000000e-02
2.441406250000000000e-02
2.929687500000000000e-02
3.417968750000000000e-02
3.417968750000000000e-02
3.417968750000000000e-02
2.441406250000000000e-02
3.906250000000000000e-02
3.417968750000000000e-02
3.417968750000000000e-02
3.417968750000000000e-02
2.929687500000000000e-02
2.929687500000000000e-02
4.882812500000000000e-02
3.417968750000000000e-02
3.906250000000000000e-02
2.929687500000000000e-02
3.417968750000000000e-02
4.394531250000000000e-02
1.953125000000000000e-02
2.929687500000000000e-02
2.929687500000000000e-02
4.394531250000000000e-02
3.906250000000000000e-02
4.394531250000000000e-02
3.417968750000000000e-02
3.417968750000000000e-02
1.953125000000000000e-02
3.906250000000000000e-02
4.394531250000000000e-02
3.906250000000000000e-02
3.417968750000000000e-02
3.906250000000000000e-02
3.906250000000000000e-02
3.417968750000000000e-02
3.417968750000000000e-02
3.906250000000000000e-02
3.906250000000000000e-02
2.929687500000000000e-02
2.929687500000000000e-02
3.417968750000000000e-02
4.394531250000000000e-02
3.906250000000000000e-02
2.929687500000000000e-02
3.906250000000000000e-02
3.906250000000000000e-02
2.929687500000000000e-02
3.417968750000000000e-02
3.417968750000000000e-02
2.929687500000000000e-02
2.929687500000000000e-02
2.929687500000000000e-02
3.417968750000000000e-02
3.417968750000000000e-02
3.906250000000000000e-02
4.882812500000000000e-02
4.394531250000000000e-02
2.929687500000000000e-02
3.906250000000000000e-02
3.906250000000000000e-02
4.394531250000000000e-02
3.417968750000000000e-02
3.417968750000000000e-02
3.417968750000000000e-02
2.929687500000000000e-02
2.929687500000000000e-02
2.929687500000000000e-02
4.394531250000000000e-02
3.417968750000000000e-02
2.929687500000000000e-02
2.441406250000000000e-02
2.441406250000000000e-02
2.929687500000000000e-02
3.417968750000000000e-02
2.929687500000000000e-02
2.929687500000000000e-02
2.929687500000000000e-02
2.441406250000000000e-02
2.929687500000000000e-02
4.394531250000000000e-02
2.929687500000000000e-02
3.906250000000000000e-02
3.906250000000000000e-02
2.441406250000000000e-02
4.882812500000000000e-02
3.417968750000000000e-02
2.929687500000000000e-02
2.929687500000000000e-02
2.441406250000000000e-02
3.417968750000000000e-02
4.882812500000000000e-02
2.441406250000000000e-02
4.882812500000000000e-02
2.441406250000000000e-02
2.441406250000000000e-02
2.929687500000000000e-02
4.394531250000000000e-02
3.417968750000000000e-02
3.417968750000000000e-02
3.417968750000000000e-02
3.417968750000000000e-02
3.417968750000000000e-02
3.417968750000000000e-02
1.953125000000000000e-02
3.417968750000000000e-02
2.929687500000000000e-02
2.441406250000000000e-02
3.417968750000000000e-02
3.417968750000000000e-02
4.394531250000000000e-02
2.929687500000000000e-02
3.906250000000000000e-02
3.417968750000000000e-02
3.417968750000000000e-02
3.417968750000000000e-02
4.882812500000000000e-02
3.417968750000000000e-02
4.394531250000000000e-02
2.441406250000000000e-02
2.929687500000000000e-02
4.394531250000000000e-02
3.906250000000000000e-02
2.929687500000000000e-02
3.906250000000000000e-02
2.929687500000000000e-02
2.929687500000000000e-02
3.417968750000000000e-02
1.953125000000000000e-02
2.929687500000000000e-02
3.417968750000000000e-02
3.906250000000000000e-02
2.929687500000000000e-02
3.417968750000000000e-02
3.417968750000000000e-02
2.929687500000000000e-02
5.371093750000000000e-02
3.906250000000000000e-02
4.394531250000000000e-02
3.417968750000000000e-02
3.417968750000000000e-02
4.882812500000000000e-02
3.417968750000000000e-02
2.441406250000000000e-02
3.906250000000000000e-02
3.417968750000000000e-02
3.417968750000000000e-02
3.417968750000000000e-02
2.929687500000000000e-02
4.394531250000000000e-02
3.906250000000000000e-02
2.929687500000000000e-02
2.929687500000000000e-02
1.953125000000000000e-02
3.906250000000000000e-02
3.417968750000000000e-02
2.929687500000000000e-02
3.906250000000000000e-02
4.394531250000000000e-02
3.906250000000000000e-02
2.929687500000000000e-02
2.929687500000000000e-02
2.929687500000000000e-02
4.394531250000000000e-02
2.441406250000000000e-02
3.417968750000000000e-02
2.929687500000000000e-02
3.417968750000000000e-02
2.929687500000000000e-02
3.906250000000000000e-02
2.441406250000000000e-02
4.394531250000000000e-02
1.953125000000000000e-02
3.906250000000000000e-02
2.929687500000000000e-02
3.417968750000000000e-02
4.394531250000000000e-02
3.906250000000000000e-02
3.417968750000000000e-02
3.417968750000000000e-02
3.417968750000000000e-02
3.417968750000000000e-02
3.417968750000000000e-02
2.929687500000000000e-02
4.394531250000000000e-02
3.417968750000000000e-02
3.417968750000000000e-02
4.394531250000000000e-02
9.765625000000000000e-03
8.056640625000000000e-02
-4.882812500000000000e-03
5.615234375000000000e-02
2.929687500000000000e-02
3.906250000000000000e-02
3.906250000000000000e-02
1.953125000000000000e-02
3.906250000000000000e-02
3.906250000000000000e-02
2.441406250000000000e-02
4.394531250000000000e-02
3.417968750000000000e-02
3.906250000000000000e-02
3.417968750000000000e-02
2.929687500000000000e-02
2.929687500000000000e-02
3.417968750000000000e-02
2.929687500000000000e-02
3.417968750000000000e-02
4.394531250000000000e-02
2.929687500000000000e-02
3.906250000000000000e-02
4.882812500000000000e-02
3.417968750000000000e-02
3.417968750000000000e-02
2.929687500000000000e-02
3.417968750000000000e-02
3.417968750000000000e-02
3.906250000000000000e-02
3.417968750000000000e-02
4.882812500000000000e-02
2.929687500000000000e-02
6.591796875000000000e-02
0.000000000000000000e+00
6.103515625000000000e-02
1.953125000000000000e-02
5.126953125000000000e-02
2.441406250000000000e-02
3.417968750000000000e-02
4.394531250000000000e-02
2.441406250000000000e-02
3.906250000000000000e-02
3.417968750000000000e-02
2.929687500000000000e-02
3.906250000000000000e-02
3.906250000000000000e-02
3.417968750000000000e-02
3.906250000000000000e-02
4.394531250000000000e-02
4.394531250000000000e-02
2.929687500000000000e-02
2.929687500000000000e-02
4.882812500000000000e-02
3.906250000000000000e-02
3.417968750000000000e-02
2.929687500000000000e-02
3.906250000000000000e-02
2.929687500000000000e-02
2.441406250000000000e-02
5.371093750000000000e-02
2.441406250000000000e-02
1.953125000000000000e-02
2.929687500000000000e-02
3.906250000000000000e-02
3.906250000000000000e-02
4.882812500000000000e-02
2.441406250000000000e-02
2.441406250000000000e-02
2.929687500000000000e-02
2.929687500000000000e-02
3.417968750000000000e-02
3.906250000000000000e-02
3.906250000000000000e-02
3.417968750000000000e-02
4.394531250000000000e-02
2.929687500000000000e-02
3.906250000000000000e-02
3.906250000000000000e-02
4.882812500000000000e-02
2.929687500000000000e-02
2.929687500000000000e-02
2.929687500000000000e-02
3.906250000000000000e-02
2.441406250000000000e-02
4.394531250000000000e-02
2.441406250000000000e-02
4.394531250000000000e-02
3.906250000000000000e-02
3.906250000000000000e-02
3.417968750000000000e-02
4.394531250000000000e-02
3.417968750000000000e-02
3.417968750000000000e-02
3.906250000000000000e-02
3.906250000000000000e-02
3.906250000000000000e-02
3.906250000000000000e-02
3.417968750000000000e-02
3.906250000000000000e-02
4.394531250000000000e-02
4.394531250000000000e-02
3.906250000000000000e-02
4.882812500000000000e-02
3.906250000000000000e-02
2.929687500000000000e-02
2.441406250000000000e-02
2.929687500000000000e-02
2.929687500000000000e-02
2.929687500000000000e-02
4.394531250000000000e-02
3.906250000000000000e-02
2.929687500000000000e-02
1.953125000000000000e-02
2.929687500000000000e-02
4.882812500000000000e-02
3.906250000000000000e-02
2.929687500000000000e-02
4.394531250000000000e-02
3.417968750000000000e-02
3.417968750000000000e-02
1.953125000000000000e-02
2.441406250000000000e-02
2.441406250000000000e-02
4.394531250000000000e-02
3.906250000000000000e-02
4.394531250000000000e-02
3.906250000000000000e-02
3.906250000000000000e-02
3.417968750000000000e-02
2.929687500000000000e-02
3.417968750000000000e-02
4.394531250000000000e-02
2.929687500000000000e-02
2.441406250000000000e-02
2.929687500000000000e-02
2.929687500000000000e-02
2.441406250000000000e-02
3.417968750000000000e-02
3.906250000000000000e-02
3.417968750000000000e-02
4.394531250000000000e-02
5.371093750000000000e-02
4.394531250000000000e-02
4.882812500000000000e-02
4.882812500000000000e-02
3.906250000000000000e-02
3.906250000000000000e-02
2.441406250000000000e-02
3.906250000000000000e-02
4.394531250000000000e-02
4.394531250000000000e-02
4.882812500000000000e-02
4.394531250000000000e-02
2.929687500000000000e-02
3.417968750000000000e-02
3.417968750000000000e-02
2.929687500000000000e-02
5.371093750000000000e-02
4.882812500000000000e-02
3.906250000000000000e-02
3.906250000000000000e-02
3.906250000000000000e-02
4.882812500000000000e-02
4.394531250000000000e-02
3.906250000000000000e-02
4.394531250000000000e-02
3.906250000000000000e-02
2.441406250000000000e-02
3.417968750000000000e-02
2.929687500000000000e-02
3.417968750000000000e-02
3.417968750000000000e-02
3.417968750000000000e-02
2.441406250000000000e-02
3.417968750000000000e-02
3.417968750000000000e-02
3.417968750000000000e-02
3.417968750000000000e-02
2.929687500000000000e-02
3.417968750000000000e-02
3.417968750000000000e-02
2.929687500000000000e-02
3.417968750000000000e-02
3.417968750000000000e-02
3.417968750000000000e-02
3.417968750000000000e-02
2.929687500000000000e-02
3.417968750000000000e-02
3.417968750000000000e-02
3.417968750000000000e-02
3.417968750000000000e-02
2.441406250000000000e-02
2.929687500000000000e-02
3.417968750000000000e-02
3.417968750000000000e-02
3.417968750000000000e-02
3.906250000000000000e-02
2.441406250000000000e-02
4.394531250000000000e-02
3.417968750000000000e-02
2.929687500000000000e-02
2.929687500000000000e-02
3.417968750000000000e-02
2.929687500000000000e-02
3.417968750000000000e-02
5.371093750000000000e-02
2.441406250000000000e-02
2.929687500000000000e-02
2.441406250000000000e-02
3.417968750000000000e-02
4.394531250000000000e-02
3.906250000000000000e-02
3.417968750000000000e-02
4.394531250000000000e-02
3.417968750000000000e-02
3.417968750000000000e-02
3.417968750000000000e-02
4.882812500000000000e-02
3.417968750000000000e-02
2.929687500000000000e-02
2.929687500000000000e-02
4.394531250000000000e-02
3.417968750000000000e-02
3.417968750000000000e-02
3.906250000000000000e-02
3.417968750000000000e-02
2.929687500000000000e-02
3.417968750000000000e-02
2.441406250000000000e-02
3.906250000000000000e-02
3.906250000000000000e-02
2.929687500000000000e-02
2.929687500000000000e-02
3.906250000000000000e-02
2.441406250000000000e-02
3.417968750000000000e-02
3.906250000000000000e-02
2.441406250000000000e-02
4.394531250000000000e-02
2.929687500000000000e-02
3.417968750000000000e-02
1.953125000000000000e-02
3.906250000000000000e-02
3.906250000000000000e-02
3.906250000000000000e-02
4.394531250000000000e-02
2.929687500000000000e-02
3.417968750000000000e-02
4.394531250000000000e-02
3.906250000000000000e-02
2.929687500000000000e-02
3.906250000000000000e-02
2.929687500000000000e-02
5.371093750000000000e-02
3.906250000000000000e-02
2.441406250000000000e-02
3.417968750000000000e-02
2.929687500000000000e-02
2.441406250000000000e-02
2.929687500000000000e-02
3.906250000000000000e-02
3.417968750000000000e-02
2.441406250000000000e-02
3.417968750000000000e-02
3.417968750000000000e-02
2.929687500000000000e-02
2.441406250000000000e-02
3.417968750000000000e-02
1.953125000000000000e-02
3.417968750000000000e-02
2.929687500000000000e-02
3.906250000000000000e-02
3.417968750000000000e-02
2.929687500000000000e-02
2.441406250000000000e-02
2.929687500000000000e-02
2.441406250000000000e-02
3.417968750000000000e-02
2.441406250000000000e-02
3.906250000000000000e-02
1.953125000000000000e-02
3.417968750000000000e-02
2.929687500000000000e-02
1.953125000000000000e-02
3.906250000000000000e-02
3.906250000000000000e-02
1.953125000000000000e-02
4.394531250000000000e-02
2.929687500000000000e-02
3.906250000000000000e-02
2.929687500000000000e-02
2.929687500000000000e-02
2.929687500000000000e-02
3.906250000000000000e-02
2.441406250000000000e-02
3.417968750000000000e-02
2.929687500000000000e-02
2.929687500000000000e-02
2.929687500000000000e-02
2.929687500000000000e-02
2.441406250000000000e-02
3.417968750000000000e-02
3.417968750000000000e-02
3.906250000000000000e-02
2.929687500000000000e-02
2.441406250000000000e-02
3.906250000000000000e-02
2.929687500000000000e-02
3.417968750000000000e-02
2.441406250000000000e-02
3.417968750000000000e-02
3.417968750000000000e-02
1.953125000000000000e-02
2.929687500000000000e-02
3.906250000000000000e-02
4.394531250000000000e-02
2.929687500000000000e-02
3.417968750000000000e-02
3.906250000000000000e-02
3.906250000000000000e-02
3.417968750000000000e-02
3.417968750000000000e-02
3.417968750000000000e-02
2.929687500000000000e-02
3.906250000000000000e-02
3.417968750000000000e-02
3.906250000000000000e-02
2.929687500000000000e-02
3.417968750000000000e-02
2.929687500000000000e-02
2.929687500000000000e-02
3.906250000000000000e-02
3.417968750000000000e-02
2.441406250000000000e-02
3.417968750000000000e-02
3.417968750000000000e-02
2.929687500000000000e-02
3.417968750000000000e-02
2.929687500000000000e-02
1.953125000000000000e-02
2.441406250000000000e-02
2.441406250000000000e-02
2.441406250000000000e-02
3.417968750000000000e-02
1.953125000000000000e-02
2.441406250000000000e-02
3.417968750000000000e-02
2.929687500000000000e-02
1.953125000000000000e-02
3.906250000000000000e-02
4.394531250000000000e-02
2.929687500000000000e-02
2.929687500000000000e-02
3.906250000000000000e-02
3.417968750000000000e-02
2.441406250000000000e-02
2.929687500000000000e-02
1.953125000000000000e-02
3.417968750000000000e-02
3.417968750000000000e-02
3.417968750000000000e-02
2.929687500000000000e-02
3.906250000000000000e-02
3.417968750000000000e-02
3.417968750000000000e-02
3.906250000000000000e-02
3.906250000000000000e-02
2.929687500000000000e-02
3.417968750000000000e-02
3.417968750000000000e-02
2.929687500000000000e-02
2.441406250000000000e-02
3.417968750000000000e-02
2.441406250000000000e-02
2.441406250000000000e-02
2.929687500000000000e-02
2.441406250000000000e-02
3.906250000000000000e-02
2.441406250000000000e-02
3.417968750000000000e-02
3.417968750000000000e-02
2.929687500000000000e-02
2.441406250000000000e-02
3.417968750000000000e-02
2.441406250000000000e-02
2.441406250000000000e-02
2.929687500000000000e-02
3.906250000000000000e-02
1.953125000000000000e-02
3.417968750000000000e-02
3.906250000000000000e-02
1.953125000000000000e-02
3.417968750000000000e-02
4.394531250000000000e-02
2.441406250000000000e-02
3.417968750000000000e-02
3.906250000000000000e-02
2.929687500000000000e-02
3.906250000000000000e-02
2.929687500000000000e-02
2.929687500000000000e-02
2.441406250000000000e-02
2.441406250000000000e-02
1.953125000000000000e-02
2.441406250000000000e-02
3.906250000000000000e-02
2.929687500000000000e-02
1.953125000000000000e-02
3.417968750000000000e-02
2.929687500000000000e-02
2.929687500000000000e-02
3.906250000000000000e-02
2.441406250000000000e-02
2.929687500000000000e-02
1.953125000000000000e-02
2.929687500000000000e-02
2.929687500000000000e-02
4.394531250000000000e-02
3.906250000000000000e-02
2.441406250000000000e-02
2.441406250000000000e-02
3.417968750000000000e-02
2.929687500000000000e-02
3.906250000000000000e-02
3.906250000000000000e-02
3.417968750000000000e-02
2.929687500000000000e-02
1.953125000000000000e-02
2.929687500000000000e-02
4.394531250000000000e-02
2.441406250000000000e-02
2.929687500000000000e-02
3.906250000000000000e-02
1.953125000000000000e-02
2.441406250000000000e-02
2.441406250000000000e-02
3.417968750000000000e-02
2.929687500000000000e-02
2.929687500000000000e-02
2.929687500000000000e-02
2.929687500000000000e-02
3.906250000000000000e-02
3.417968750000000000e-02
2.929687500000000000e-02
3.906250000000000000e-02
2.929687500000000000e-02
2.929687500000000000e-02
3.417968750000000000e-02
2.929687500000000000e-02
3.906250000000000000e-02
2.441406250000000000e-02
2.929687500000000000e-02
2.441406250000000000e-02
2.929687500000000000e-02
3.417968750000000000e-02
4.394531250000000000e-02
4.882812500000000000e-02
3.417968750000000000e-02
2.929687500000000000e-02
2.441406250000000000e-02
1.953125000000000000e-02
3.417968750000000000e-02
3.417968750000000000e-02
3.417968750000000000e-02
2.441406250000000000e-02
3.906250000000000000e-02
3.906250000000000000e-02
3.906250000000000000e-02
2.929687500000000000e-02
4.394531250000000000e-02
3.417968750000000000e-02
2.441406250000000000e-02
4.394531250000000000e-02
3.417968750000000000e-02
3.906250000000000000e-02
2.441406250000000000e-02
3.417968750000000000e-02
2.929687500000000000e-02
3.417968750000000000e-02
3.906250000000000000e-02
3.417968750000000000e-02
2.929687500000000000e-02
3.417968750000000000e-02
3.417968750000000000e-02
2.929687500000000000e-02
3.906250000000000000e-02
3.906250000000000000e-02
2.929687500000000000e-02
2.441406250000000000e-02
2.441406250000000000e-02
2.929687500000000000e-02
2.929687500000000000e-02
2.441406250000000000e-02
2.441406250000000000e-02
2.929687500000000000e-02
3.417968750000000000e-02
2.929687500000000000e-02
4.394531250000000000e-02
5.371093750000000000e-02
3.906250000000000000e-02
2.441406250000000000e-02
1.953125000000000000e-02
3.906250000000000000e-02
3.906250000000000000e-02
2.929687500000000000e-02
3.417968750000000000e-02
3.417968750000000000e-02
2.929687500000000000e-02
3.417968750000000000e-02
1.953125000000000000e-02
2.441406250000000000e-02
3.417968750000000000e-02
2.441406250000000000e-02
3.417968750000000000e-02
2.441406250000000000e-02
3.417968750000000000e-02
2.929687500000000000e-02
3.417968750000000000e-02
1.953125000000000000e-02
2.441406250000000000e-02
3.417968750000000000e-02
3.417968750000000000e-02
2.929687500000000000e-02
3.417968750000000000e-02
3.906250000000000000e-02
2.441406250000000000e-02
2.929687500000000000e-02
2.441406250000000000e-02
2.441406250000000000e-02
2.929687500000000000e-02
1.953125000000000000e-02
2.929687500000000000e-02
3.417968750000000000e-02
3.417968750000000000e-02
3.417968750000000000e-02
1.953125000000000000e-02
3.906250000000000000e-02
3.906250000000000000e-02
2.929687500000000000e-02
2.929687500000000000e-02
4.882812500000000000e-02
4.394531250000000000e-02
2.929687500000000000e-02
3.417968750000000000e-02
4.394531250000000000e-02
3.906250000000000000e-02
2.929687500000000000e-02
3.906250000000000000e-02
3.417968750000000000e-02
2.929687500000000000e-02
4.394531250000000000e-02
3.417968750000000000e-02
2.929687500000000000e-02
1.953125000000000000e-02
2.929687500000000000e-02
3.417968750000000000e-02
2.441406250000000000e-02
2.929687500000000000e-02
2.441406250000000000e-02
1.953125000000000000e-02
2.441406250000000000e-02
3.417968750000000000e-02
1.953125000000000000e-02
3.906250000000000000e-02
1.953125000000000000e-02
2.929687500000000000e-02
3.906250000000000000e-02
2.441406250000000000e-02
2.441406250000000000e-02
3.906250000000000000e-02
2.929687500000000000e-02
2.441406250000000000e-02
3.417968750000000000e-02
2.441406250000000000e-02
1.953125000000000000e-02
3.906250000000000000e-02
3.906250000000000000e-02
1.953125000000000000e-02
2.929687500000000000e-02
2.441406250000000000e-02
2.441406250000000000e-02
1.953125000000000000e-02
2.929687500000000000e-02
2.929687500000000000e-02
2.441406250000000000e-02
3.417968750000000000e-02
2.441406250000000000e-02
5.371093750000000000e-02
3.417968750000000000e-02
3.417968750000000000e-02
2.929687500000000000e-02
2.441406250000000000e-02
2.929687500000000000e-02
3.417968750000000000e-02
2.441406250000000000e-02
3.417968750000000000e-02
2.441406250000000000e-02
3.906250000000000000e-02
3.417968750000000000e-02
3.906250000000000000e-02
1.953125000000000000e-02
3.417968750000000000e-02
3.906250000000000000e-02
2.441406250000000000e-02
2.929687500000000000e-02
1.953125000000000000e-02
2.441406250000000000e-02
1.953125000000000000e-02
1.953125000000000000e-02
1.953125000000000000e-02
3.906250000000000000e-02
2.441406250000000000e-02
2.929687500000000000e-02
2.929687500000000000e-02
1.953125000000000000e-02
2.929687500000000000e-02
3.417968750000000000e-02
3.417968750000000000e-02
2.929687500000000000e-02
3.906250000000000000e-02
4.394531250000000000e-02
3.906250000000000000e-02
1.953125000000000000e-02
2.441406250000000000e-02
3.417968750000000000e-02
4.394531250000000000e-02
3.906250000000000000e-02
1.953125000000000000e-02
1.464843750000000000e-02
2.441406250000000000e-02
4.882812500000000000e-02
1.953125000000000000e-02
2.441406250000000000e-02
5.371093750000000000e-02
2.929687500000000000e-02
2.929687500000000000e-02
2.929687500000000000e-02
2.929687500000000000e-02
1.953125000000000000e-02
1.953125000000000000e-02
3.417968750000000000e-02
2.929687500000000000e-02
2.929687500000000000e-02
2.929687500000000000e-02
3.906250000000000000e-02
2.929687500000000000e-02
1.464843750000000000e-02
1.953125000000000000e-02
2.441406250000000000e-02
3.417968750000000000e-02
2.929687500000000000e-02
1.953125000000000000e-02
2.441406250000000000e-02
4.394531250000000000e-02
2.929687500000000000e-02
1.953125000000000000e-02
3.906250000000000000e-02
5.371093750000000000e-02
4.394531250000000000e-02
2.441406250000000000e-02
1.953125000000000000e-02
1.953125000000000000e-02
2.441406250000000000e-02
1.953125000000000000e-02
2.929687500000000000e-02
5.371093750000000000e-02
2.929687500000000000e-02
2.929687500000000000e-02
2.929687500000000000e-02
2.929687500000000000e-02
3.417968750000000000e-02
2.441406250000000000e-02
1.953125000000000000e-02
2.441406250000000000e-02
2.441406250000000000e-02
4.882812500000000000e-02
6.103515625000000000e-02
6.103515625000000000e-02
3.417968750000000000e-02
2.441406250000000000e-02
1.953125000000000000e-02
9.765625000000000000e-03
1.464843750000000000e-02
2.929687500000000000e-02
5.371093750000000000e-02
4.882812500000000000e-02
4.882812500000000000e-02
3.906250000000000000e-02
3.417968750000000000e-02
3.417968750000000000e-02
2.441406250000000000e-02
0.000000000000000000e+00
-9.765625000000000000e-03
-4.882812500000000000e-03
4.394531250000000000e-02
5.859375000000000000e-02
5.859375000000000000e-02
5.859375000000000000e-02
3.906250000000000000e-02
3.417968750000000000e-02
1.953125000000000000e-02
9.765625000000000000e-03
-1.464843750000000000e-02
-1.464843750000000000e-02
2.929687500000000000e-02
7.080078125000000000e-02
7.568359375000000000e-02
7.080078125000000000e-02
7.568359375000000000e-02
3.906250000000000000e-02
0.000000000000000000e+00
-2.441406250000000000e-02
-1.953125000000000000e-02
-2.441406250000000000e-02
9.765625000000000000e-03
6.591796875000000000e-02
1.196289062500000000e-01
1.489257812500000000e-01
5.126953125000000000e-02
-1.269531250000000000e-01
-1.416015625000000000e-01
2.685546875000000000e-02
1.635742187500000000e-01
7.568359375000000000e-02
-9.765625000000000000e-02
-1.318359375000000000e-01
2.197265625000000000e-02
3.002929687500000000e-01
3.979492187500000000e-01
1.147460937500000000e-01
-3.515625000000000000e-01
-5.078125000000000000e-01
-1.293945312500000000e-01
3.930664062500000000e-01
4.956054687500000000e-01
2.075195312500000000e-01
-4.394531250000000000e-02
-8.789062500000000000e-02
-1.953125000000000000e-01
-2.050781250000000000e-01
1.098632812500000000e-01
3.637695312500000000e-01
1.196289062500000000e-01
-1.855468750000000000e-01
-1.025390625000000000e-01
1.147460937500000000e-01
1.000976562500000000e-01
-4.394531250000000000e-02
-3.906250000000000000e-02
3.906250000000000000e-02
2.929687500000000000e-02
1.953125000000000000e-02
5.126953125000000000e-02
9.521484375000000000e-02
5.126953125000000000e-02
-9.765625000000000000e-03
-9.765625000000000000e-03
5.615234375000000000e-02
6.103515625000000000e-02
3.417968750000000000e-02
1.953125000000000000e-02
3.906250000000000000e-02
3.417968750000000000e-02
3.417968750000000000e-02
3.417968750000000000e-02
3.906250000000000000e-02
1.953125000000000000e-02
-4.882812500000000000e-03
0.000000000000000000e+00
7.080078125000000000e-02
1.098632812500000000e-01
5.126953125000000000e-02
-3.417968750000000000e-02
-5.371093750000000000e-02
1.464843750000000000e-02
1.000976562500000000e-01
8.544921875000000000e-02
-9.765625000000000000e-03
-1.074218750000000000e-01
-8.300781250000000000e-02
1.440429687500000000e-01
2.465820312500000000e-01
2.197265625000000000e-02
-1.757812500000000000e-01
-8.789062500000000000e-02
1.440429687500000000e-01
1.782226562500000000e-01
5.615234375000000000e-02
-4.882812500000000000e-03
4.394531250000000000e-02
3.906250000000000000e-02
-7.324218750000000000e-02
-6.347656250000000000e-02
1.196289062500000000e-01
1.831054687500000000e-01
3.662109375000000000e-02
-1.025390625000000000e-01
4.150390625000000000e-02
2.197265625000000000e-02
6.591796875000000000e-02
-3.906250000000000000e-02
3.417968750000000000e-02
1.464843750000000000e-02
3.906250000000000000e-02
6.103515625000000000e-02
2.441406250000000000e-02
9.765625000000000000e-03
-9.765625000000000000e-03
0.000000000000000000e+00
1.953125000000000000e-02
4.882812500000000000e-02
8.056640625000000000e-02
1.000976562500000000e-01
3.662109375000000000e-02
-8.300781250000000000e-02
-6.347656250000000000e-02
9.033203125000000000e-02
1.293945312500000000e-01
2.197265625000000000e-02
-1.464843750000000000e-02
7.080078125000000000e-02
1.196289062500000000e-01
3.662109375000000000e-02
-2.929687500000000000e-02
-4.394531250000000000e-02
1.953125000000000000e-02
6.103515625000000000e-02
1.000976562500000000e-01
6.591796875000000000e-02
0.000000000000000000e+00
-3.906250000000000000e-02
2.685546875000000000e-02
3.173828125000000000e-02
7.568359375000000000e-02
1.464843750000000000e-02
4.882812500000000000e-03
2.441406250000000000e-02
3.906250000000000000e-02
2.441406250000000000e-02
4.882812500000000000e-03
3.906250000000000000e-02
5.859375000000000000e-02
1.953125000000000000e-02
-2.441406250000000000e-02
2.441406250000000000e-02
9.521484375000000000e-02
8.056640625000000000e-02
2.441406250000000000e-02
0.000000000000000000e+00
3.417968750000000000e-02
4.394531250000000000e-02
2.929687500000000000e-02
3.417968750000000000e-02
5.371093750000000000e-02
5.859375000000000000e-02
4.394531250000000000e-02
1.953125000000000000e-02
3.417968750000000000e-02
4.394531250000000000e-02
5.859375000000000000e-02
6.103515625000000000e-02
5.371093750000000000e-02
2.929687500000000000e-02
1.953125000000000000e-02
-4.882812500000000000e-03
-4.882812500000000000e-03
-9.765625000000000000e-03
4.394531250000000000e-02
9.033203125000000000e-02
7.080078125000000000e-02
5.371093750000000000e-02
2.929687500000000000e-02
2.441406250000000000e-02
4.882812500000000000e-03
-9.765625000000000000e-03
2.929687500000000000e-02
7.080078125000000000e-02
6.591796875000000000e-02
1.953125000000000000e-02
3.906250000000000000e-02
9.033203125000000000e-02
7.568359375000000000e-02
-3.906250000000000000e-02
-1.757812500000000000e-01
-1.708984375000000000e-01
-2.441406250000000000e-02
1.733398437500000000e-01
2.856445312500000000e-01
1.977539062500000000e-01
-2.929687500000000000e-02
-1.464843750000000000e-01
2.441406250000000000e-03
2.368164062500000000e-01
3.051757812500000000e-01
8.544921875000000000e-02
-2.392578125000000000e-01
-4.199218750000000000e-01
-1.806640625000000000e-01
2.856445312500000000e-01
5.249023437500000000e-01
2.221679687500000000e-01
-3.320312500000000000e-01
-6.835937500000000000e-01
-2.856445312500000000e-01
7.983398437500000000e-01
1.286621093750000000e+00
3.002929687500000000e-01
-8.056640625000000000e-01
-4.736328125000000000e-01
5.102539062500000000e-01
4.663085937500000000e-01
-2.294921875000000000e-01
-3.710937500000000000e-01
-2.441406250000000000e-03
8.544921875000000000e-02
-1.806640625000000000e-01
-1.367187500000000000e-01
2.319335937500000000e-01
2.563476562500000000e-01
2.441406250000000000e-03
-1.171875000000000000e-01
9.765625000000000000e-03
1.147460937500000000e-01
1.489257812500000000e-01
1.586914062500000000e-01
-2.441406250000000000e-03
-1.855468750000000000e-01
-2.392578125000000000e-01
-8.789062500000000000e-02
6.591796875000000000e-02
4.882812500000000000e-02
-2.929687500000000000e-02
-3.417968750000000000e-02
8.056640625000000000e-02
2.172851562500000000e-01
2.124023437500000000e-01
4.638671875000000000e-02
-4.394531250000000000e-02
0.000000000000000000e+00
1.098632812500000000e-01
1.733398437500000000e-01
1.147460937500000000e-01
3.906250000000000000e-02
4.882812500000000000e-03
-4.394531250000000000e-02
-1.416015625000000000e-01
-2.685546875000000000e-02
3.100585937500000000e-01
3.442382812500000000e-01
-3.662109375000000000e-02
-2.587890625000000000e-01
-1.708984375000000000e-02
2.465820312500000000e-01
1.391601562500000000e-01
-6.347656250000000000e-02
-9.277343750000000000e-02
0.000000000000000000e+00
7.568359375000000000e-02
1.635742187500000000e-01
2.075195312500000000e-01
1.000976562500000000e-01
-8.789062500000000000e-02
-7.324218750000000000e-02
1.245117187500000000e-01
1.733398437500000000e-01
1.708984375000000000e-02
-1.269531250000000000e-01
-6.347656250000000000e-02
-1.953125000000000000e-02
-2.441406250000000000e-02
2.685546875000000000e-02
1.977539062500000000e-01
2.026367187500000000e-01
-3.662109375000000000e-02
-2.099609375000000000e-01
-6.103515625000000000e-02
2.075195312500000000e-01
1.586914062500000000e-01
-8.300781250000000000e-02
-9.277343750000000000e-02
2.441406250000000000e-02
6.103515625000000000e-02
6.103515625000000000e-02
4.882812500000000000e-02
5.859375000000000000e-02
9.033203125000000000e-02
8.544921875000000000e-02
7.080078125000000000e-02
-4.882812500000000000e-03
-1.953125000000000000e-02
-2.929687500000000000e-02
-2.441406250000000000e-02
-9.765625000000000000e-03
3.417968750000000000e-02
8.056640625000000000e-02
9.033203125000000000e-02
5.126953125000000000e-02
1.953125000000000000e-02
-9.765625000000000000e-03
1.464843750000000000e-02
2.441406250000000000e-02
9.033203125000000000e-02
1.245117187500000000e-01
9.521484375000000000e-02
-4.882812500000000000e-03
-3.417968750000000000e-02
-3.417968750000000000e-02
2.929687500000000000e-02
6.591796875000000000e-02
7.568359375000000000e-02
3.906250000000000000e-02
3.417968750000000000e-02
5.859375000000000000e-02
8.056640625000000000e-02
7.080078125000000000e-02
5.371093750000000000e-02
5.371093750000000000e-02
4.882812500000000000e-02
3.906250000000000000e-02
9.765625000000000000e-03
-1.953125000000000000e-02
-1.953125000000000000e-02
1.464843750000000000e-02
4.394531250000000000e-02
5.859375000000000000e-02
7.568359375000000000e-02
6.591796875000000000e-02
5.859375000000000000e-02
4.394531250000000000e-02
4.394531250000000000e-02
5.371093750000000000e-02
3.417968750000000000e-02
0.000000000000000000e+00
-4.882812500000000000e-03
4.882812500000000000e-03
0.000000000000000000e+00
3.906250000000000000e-02
4.882812500000000000e-02
5.859375000000000000e-02
6.103515625000000000e-02
9.521484375000000000e-02
9.521484375000000000e-02
7.080078125000000000e-02
4.882812500000000000e-02
9.765625000000000000e-03
-3.417968750000000000e-02
-2.929687500000000000e-02
-9.765625000000000000e-03
3.417968750000000000e-02
4.394531250000000000e-02
3.417968750000000000e-02
5.371093750000000000e-02
7.568359375000000000e-02
7.568359375000000000e-02
6.103515625000000000e-02
3.906250000000000000e-02
1.953125000000000000e-02
4.882812500000000000e-03
0.000000000000000000e+00
-9.765625000000000000e-03
-9.765625000000000000e-03
-9.765625000000000000e-03
1.953125000000000000e-02
1.953125000000000000e-02
6.103515625000000000e-02
7.568359375000000000e-02
1.098632812500000000e-01
8.544921875000000000e-02
1.953125000000000000e-02
-3.417968750000000000e-02
-5.859375000000000000e-02
2.685546875000000000e-02
1.293945312500000000e-01
1.733398437500000000e-01
1.196289062500000000e-01
4.882812500000000000e-03
-1.953125000000000000e-02
-2.441406250000000000e-02
-1.464843750000000000e-02
0.000000000000000000e+00
3.906250000000000000e-02
6.103515625000000000e-02
9.033203125000000000e-02
3.906250000000000000e-02
3.906250000000000000e-02
5.371093750000000000e-02
2.929687500000000000e-02
-4.882812500000000000e-03
-1.953125000000000000e-02
-1.953125000000000000e-02
-1.953125000000000000e-02
-9.765625000000000000e-03
-4.882812500000000000e-03
2.929687500000000000e-02
3.417968750000000000e-02
6.591796875000000000e-02
5.859375000000000000e-02
4.882812500000000000e-02
5.371093750000000000e-02
5.859375000000000000e-02
6.103515625000000000e-02
5.859375000000000000e-02
4.882812500000000000e-02
4.882812500000000000e-02
5.371093750000000000e-02
2.929687500000000000e-02
4.882812500000000000e-02
8.056640625000000000e-02
9.521484375000000000e-02
7.568359375000000000e-02
5.371093750000000000e-02
6.103515625000000000e-02
2.441406250000000000e-02
1.464843750000000000e-02
1.953125000000000000e-02
2.929687500000000000e-02
4.394531250000000000e-02
1.464843750000000000e-02
1.953125000000000000e-02
2.929687500000000000e-02
4.882812500000000000e-02
1.464843750000000000e-02
-1.464843750000000000e-02
4.394531250000000000e-02
8.056640625000000000e-02
0.000000000000000000e+00
-6.835937500000000000e-02
2.685546875000000000e-02
9.521484375000000000e-02
4.150390625000000000e-02
4.882812500000000000e-03
5.126953125000000000e-02
5.371093750000000000e-02
4.882812500000000000e-03
2.441406250000000000e-02
4.882812500000000000e-02
8.056640625000000000e-02
3.662109375000000000e-02
1.953125000000000000e-02
1.464843750000000000e-02
2.929687500000000000e-02
0.000000000000000000e+00
-9.765625000000000000e-03
2.441406250000000000e-02
5.371093750000000000e-02
4.882812500000000000e-02
2.441406250000000000e-02
4.882812500000000000e-02
5.371093750000000000e-02
2.929687500000000000e-02
1.953125000000000000e-02
7.080078125000000000e-02
7.080078125000000000e-02
2.441406250000000000e-02
-4.882812500000000000e-02
-4.882812500000000000e-03
4.394531250000000000e-02
1.293945312500000000e-01
9.033203125000000000e-02
9.765625000000000000e-03
-1.953125000000000000e-02
0.000000000000000000e+00
1.953125000000000000e-02
2.441406250000000000e-02
5.859375000000000000e-02
6.591796875000000000e-02
5.615234375000000000e-02
4.882812500000000000e-03
1.953125000000000000e-02
1.953125000000000000e-02
-4.882812500000000000e-03
4.882812500000000000e-03
4.882812500000000000e-02
3.906250000000000000e-02
2.929687500000000000e-02
-1.464843750000000000e-02
0.000000000000000000e+00
7.568359375000000000e-02
1.000976562500000000e-01
2.441406250000000000e-02
2.929687500000000000e-02
-4.882812500000000000e-03
4.882812500000000000e-03
9.765625000000000000e-03
2.441406250000000000e-02
5.859375000000000000e-02
2.441406250000000000e-02
2.929687500000000000e-02
4.638671875000000000e-02
5.859375000000000000e-02
5.859375000000000000e-02
4.394531250000000000e-02
5.859375000000000000e-02
5.371093750000000000e-02
5.859375000000000000e-02
3.906250000000000000e-02
4.394531250000000000e-02
4.882812500000000000e-02
1.464843750000000000e-02
0.000000000000000000e+00
1.953125000000000000e-02
2.929687500000000000e-02
3.417968750000000000e-02
6.103515625000000000e-02
3.906250000000000000e-02
-9.765625000000000000e-03
1.464843750000000000e-02
4.882812500000000000e-03
7.568359375000000000e-02
9.521484375000000000e-02
5.615234375000000000e-02
1.953125000000000000e-02
1.953125000000000000e-02
2.929687500000000000e-02
4.882812500000000000e-03
3.906250000000000000e-02
3.906250000000000000e-02
6.591796875000000000e-02
5.126953125000000000e-02
9.765625000000000000e-03
-4.882812500000000000e-03
4.882812500000000000e-02
6.591796875000000000e-02
1.098632812500000000e-01
1.000976562500000000e-01
5.126953125000000000e-02
9.765625000000000000e-03
-1.464843750000000000e-02
3.906250000000000000e-02
3.906250000000000000e-02
1.464843750000000000e-02
-9.765625000000000000e-03
2.441406250000000000e-02
4.882812500000000000e-02
3.417968750000000000e-02
9.765625000000000000e-03
1.953125000000000000e-02
2.929687500000000000e-02
4.394531250000000000e-02
9.765625000000000000e-03
3.906250000000000000e-02
8.544921875000000000e-02
5.371093750000000000e-02
4.394531250000000000e-02
1.464843750000000000e-02
-9.765625000000000000e-03
1.464843750000000000e-02
6.103515625000000000e-02
1.953125000000000000e-02
3.417968750000000000e-02
1.464843750000000000e-02
-1.464843750000000000e-02
-4.882812500000000000e-03
1.464843750000000000e-02
3.417968750000000000e-02
4.394531250000000000e-02
4.394531250000000000e-02
9.521484375000000000e-02
5.126953125000000000e-02
4.882812500000000000e-02
3.417968750000000000e-02
9.765625000000000000e-03
6.591796875000000000e-02
4.638671875000000000e-02
4.638671875000000000e-02
8.056640625000000000e-02
0.000000000000000000e+00
-4.394531250000000000e-02
4.882812500000000000e-03
-4.882812500000000000e-03
5.615234375000000000e-02
1.342773437500000000e-01
1.000976562500000000e-01
4.882812500000000000e-02
2.441406250000000000e-02
9.765625000000000000e-03
-9.765625000000000000e-03
1.953125000000000000e-02
2.441406250000000000e-02
8.056640625000000000e-02
1.000976562500000000e-01
9.033203125000000000e-02
2.685546875000000000e-02
-3.906250000000000000e-02
-4.882812500000000000e-02
4.150390625000000000e-02
5.615234375000000000e-02
8.056640625000000000e-02
5.615234375000000000e-02
6.103515625000000000e-02
4.882812500000000000e-03
-2.441406250000000000e-02
-7.812500000000000000e-02
-3.417968750000000000e-02
4.150390625000000000e-02
1.538085937500000000e-01
1.000976562500000000e-01
4.394531250000000000e-02
-6.347656250000000000e-02
-1.074218750000000000e-01
-3.906250000000000000e-02
-1.464843750000000000e-02
1.147460937500000000e-01
1.391601562500000000e-01
1.196289062500000000e-01
3.662109375000000000e-02
-8.300781250000000000e-02
-9.765625000000000000e-02
-6.347656250000000000e-02
3.173828125000000000e-02
8.056640625000000000e-02
7.080078125000000000e-02
2.441406250000000000e-02
6.591796875000000000e-02
1.831054687500000000e-01
1.635742187500000000e-01
-2.929687500000000000e-02
-8.789062500000000000e-02
-4.882812500000000000e-02
2.026367187500000000e-01
3.149414062500000000e-01
8.056640625000000000e-02
-2.685546875000000000e-01
-5.468750000000000000e-01
-3.417968750000000000e-01
2.368164062500000000e-01
8.129882812500000000e-01
7.983398437500000000e-01
8.056640625000000000e-02
-7.763671875000000000e-01
-9.570312500000000000e-01
-7.568359375000000000e-02
9.594726562500000000e-01
8.813476562500000000e-01
-3.247070312500000000e-01
-1.293945312500000000e+00
-8.886718750000000000e-01
5.297851562500000000e-01
1.281738281250000000e+00
5.053710937500000000e-01
-6.005859375000000000e-01
-5.566406250000000000e-01
6.518554687500000000e-01
1.203613281250000000e+00
2.075195312500000000e-01
-1.069335937500000000e+00
-1.240234375000000000e+00
-5.126953125000000000e-02
8.911132812500000000e-01
5.200195312500000000e-01
-4.443359375000000000e-01
-6.835937500000000000e-01
2.709960937500000000e-01
1.325683593750000000e+00
1.159667968750000000e+00
1.708984375000000000e-02
-6.982421875000000000e-01
-5.078125000000000000e-01
8.544921875000000000e-02
5.615234375000000000e-02
-3.906250000000000000e-01
-7.324218750000000000e-01
-4.687500000000000000e-01
1.831054687500000000e-01
5.493164062500000000e-01
5.688476562500000000e-01
3.540039062500000000e-01
2.416992187500000000e-01
3.051757812500000000e-01
2.807617187500000000e-01
6.103515625000000000e-02
-3.125000000000000000e-01
-6.054687500000000000e-01
-6.542968750000000000e-01
-4.785156250000000000e-01
-2.685546875000000000e-01
7.568359375000000000e-02
4.614257812500000000e-01
7.006835937500000000e-01
8.520507812500000000e-01
7.592773437500000000e-01
4.125976562500000000e-01
-2.441406250000000000e-03
-3.320312500000000000e-01
-3.955078125000000000e-01
-5.419921875000000000e-01
-8.203125000000000000e-01
-9.326171875000000000e-01
-6.787109375000000000e-01
3.173828125000000000e-02
5.102539062500000000e-01
8.764648437500000000e-01
9.887695312500000000e-01
9.985351562500000000e-01
1.115722656250000000e+00
8.227539062500000000e-01
3.051757812500000000e-01
-1.660156250000000000e-01
-6.835937500000000000e-01
-1.113281250000000000e+00
-1.469726562500000000e+00
-1.103515625000000000e+00
1.391601562500000000e-01
-1.635742187500000000e-01
2.954101562500000000e-01
9.936523437500000000e-01
1.442871093750000000e+00
1.486816406250000000e+00
1.262207031250000000e+00
