1.269531250000000000e-01
1.245117187500000000e-01
1.293945312500000000e-01
1.269531250000000000e-01
1.342773437500000000e-01
1.245117187500000000e-01
1.196289062500000000e-01
1.269531250000000000e-01
1.269531250000000000e-01
1.171875000000000000e-01
1.196289062500000000e-01
1.293945312500000000e-01
1.245117187500000000e-01
1.269531250000000000e-01
1.269531250000000000e-01
1.318359375000000000e-01
1.245117187500000000e-01
1.196289062500000000e-01
1.269531250000000000e-01
1.269531250000000000e-01
1.196289062500000000e-01
1.293945312500000000e-01
1.171875000000000000e-01
1.245117187500000000e-01
1.269531250000000000e-01
1.220703125000000000e-01
1.293945312500000000e-01
1.293945312500000000e-01
1.245117187500000000e-01
1.245117187500000000e-01
1.293945312500000000e-01
1.269531250000000000e-01
1.293945312500000000e-01
1.318359375000000000e-01
1.269531250000000000e-01
1.245117187500000000e-01
1.293945312500000000e-01
1.269531250000000000e-01
1.196289062500000000e-01
1.220703125000000000e-01
1.171875000000000000e-01
1.269531250000000000e-01
1.196289062500000000e-01
1.269531250000000000e-01
1.220703125000000000e-01
1.245117187500000000e-01
1.318359375000000000e-01
1.245117187500000000e-01
1.269531250000000000e-01
1.269531250000000000e-01
1.196289062500000000e-01
1.220703125000000000e-01
1.245117187500000000e-01
1.269531250000000000e-01
1.220703125000000000e-01
1.245117187500000000e-01
1.196289062500000000e-01
1.220703125000000000e-01
1.367187500000000000e-01
1.293945312500000000e-01
1.293945312500000000e-01
1.293945312500000000e-01
1.220703125000000000e-01
1.293945312500000000e-01
1.293945312500000000e-01
1.196289062500000000e-01
1.293945312500000000e-01
1.269531250000000000e-01
1.293945312500000000e-01
1.269531250000000000e-01
1.293945312500000000e-01
1.293945312500000000e-01
1.269531250000000000e-01
1.245117187500000000e-01
1.293945312500000000e-01
1.269531250000000000e-01
1.269531250000000000e-01
1.269531250000000000e-01
1.269531250000000000e-01
1.269531250000000000e-01
1.245117187500000000e-01
1.196289062500000000e-01
1.293945312500000000e-01
1.293945312500000000e-01
1.269531250000000000e-01
1.318359375000000000e-01
1.269531250000000000e-01
1.293945312500000000e-01
1.269531250000000000e-01
1.245117187500000000e-01
1.220703125000000000e-01
1.171875000000000000e-01
1.220703125000000000e-01
1.318359375000000000e-01
1.245117187500000000e-01
1.245117187500000000e-01
1.245117187500000000e-01
1.318359375000000000e-01
1.245117187500000000e-01
1.220703125000000000e-01
1.245117187500000000e-01
1.245117187500000000e-01
1.269531250000000000e-01
1.318359375000000000e-01
1.245117187500000000e-01
1.196289062500000000e-01
1.269531250000000000e-01
1.220703125000000000e-01
1.220703125000000000e-01
1.269531250000000000e-01
1.220703125000000000e-01
1.293945312500000000e-01
1.293945312500000000e-01
1.318359375000000000e-01
1.245117187500000000e-01
1.220703125000000000e-01
1.318359375000000000e-01
1.245117187500000000e-01
1.293945312500000000e-01
1.293945312500000000e-01
1.245117187500000000e-01
1.220703125000000000e-01
1.220703125000000000e-01
1.293945312500000000e-01
1.269531250000000000e-01
1.245117187500000000e-01
1.318359375000000000e-01
1.318359375000000000e-01
1.269531250000000000e-01
1.245117187500000000e-01
1.245117187500000000e-01
1.318359375000000000e-01
1.293945312500000000e-01
1.196289062500000000e-01
1.367187500000000000e-01
1.318359375000000000e-01
1.293945312500000000e-01
1.318359375000000000e-01
1.342773437500000000e-01
1.318359375000000000e-01
1.293945312500000000e-01
1.245117187500000000e-01
1.367187500000000000e-01
1.245117187500000000e-01
1.269531250000000000e-01
1.318359375000000000e-01
1.269531250000000000e-01
1.318359375000000000e-01
1.293945312500000000e-01
1.318359375000000000e-01
1.367187500000000000e-01
1.318359375000000000e-01
1.220703125000000000e-01
1.269531250000000000e-01
1.293945312500000000e-01
1.269531250000000000e-01
1.245117187500000000e-01
1.293945312500000000e-01
1.342773437500000000e-01
1.391601562500000000e-01
1.293945312500000000e-01
1.367187500000000000e-01
1.269531250000000000e-01
1.367187500000000000e-01
1.342773437500000000e-01
1.367187500000000000e-01
1.269531250000000000e-01
1.416015625000000000e-01
1.293945312500000000e-01
1.318359375000000000e-01
1.342773437500000000e-01
1.293945312500000000e-01
1.342773437500000000e-01
1.293945312500000000e-01
1.367187500000000000e-01
1.269531250000000000e-01
1.367187500000000000e-01
1.367187500000000000e-01
1.269531250000000000e-01
1.293945312500000000e-01
1.342773437500000000e-01
1.416015625000000000e-01
1.367187500000000000e-01
1.342773437500000000e-01
1.269531250000000000e-01
1.342773437500000000e-01
1.342773437500000000e-01
1.293945312500000000e-01
1.367187500000000000e-01
1.342773437500000000e-01
1.293945312500000000e-01
1.293945312500000000e-01
1.318359375000000000e-01
1.318359375000000000e-01
1.318359375000000000e-01
1.318359375000000000e-01
1.318359375000000000e-01
1.318359375000000000e-01
1.293945312500000000e-01
1.318359375000000000e-01
1.318359375000000000e-01
1.293945312500000000e-01
1.342773437500000000e-01
1.293945312500000000e-01
1.342773437500000000e-01
1.342773437500000000e-01
1.342773437500000000e-01
1.269531250000000000e-01
1.318359375000000000e-01
1.318359375000000000e-01
1.342773437500000000e-01
1.416015625000000000e-01
1.318359375000000000e-01
1.367187500000000000e-01
1.293945312500000000e-01
1.245117187500000000e-01
1.293945312500000000e-01
1.342773437500000000e-01
1.342773437500000000e-01
1.318359375000000000e-01
1.293945312500000000e-01
1.391601562500000000e-01
1.318359375000000000e-01
1.367187500000000000e-01
1.318359375000000000e-01
1.245117187500000000e-01
1.269531250000000000e-01
1.293945312500000000e-01
1.245117187500000000e-01
1.293945312500000000e-01
1.293945312500000000e-01
1.245117187500000000e-01
1.293945312500000000e-01
1.269531250000000000e-01
1.293945312500000000e-01
1.245117187500000000e-01
1.367187500000000000e-01
1.342773437500000000e-01
1.318359375000000000e-01
1.342773437500000000e-01
1.269531250000000000e-01
1.342773437500000000e-01
1.293945312500000000e-01
1.269531250000000000e-01
1.318359375000000000e-01
1.318359375000000000e-01
1.293945312500000000e-01
1.293945312500000000e-01
1.342773437500000000e-01
1.293945312500000000e-01
1.318359375000000000e-01
1.367187500000000000e-01
1.269531250000000000e-01
1.293945312500000000e-01
1.293945312500000000e-01
1.293945312500000000e-01
1.342773437500000000e-01
1.293945312500000000e-01
1.342773437500000000e-01
1.293945312500000000e-01
1.293945312500000000e-01
1.293945312500000000e-01
1.318359375000000000e-01
1.318359375000000000e-01
1.220703125000000000e-01
1.318359375000000000e-01
1.318359375000000000e-01
1.269531250000000000e-01
1.269531250000000000e-01
1.342773437500000000e-01
1.269531250000000000e-01
1.220703125000000000e-01
1.318359375000000000e-01
1.269531250000000000e-01
1.293945312500000000e-01
1.293945312500000000e-01
1.342773437500000000e-01
1.342773437500000000e-01
1.367187500000000000e-01
1.293945312500000000e-01
1.196289062500000000e-01
1.245117187500000000e-01
1.318359375000000000e-01
1.318359375000000000e-01
1.269531250000000000e-01
1.318359375000000000e-01
1.367187500000000000e-01
1.318359375000000000e-01
1.318359375000000000e-01
1.391601562500000000e-01
1.342773437500000000e-01
1.220703125000000000e-01
1.342773437500000000e-01
1.171875000000000000e-01
1.269531250000000000e-01
1.342773437500000000e-01
1.269531250000000000e-01
1.196289062500000000e-01
1.220703125000000000e-01
1.245117187500000000e-01
1.318359375000000000e-01
1.269531250000000000e-01
1.293945312500000000e-01
1.293945312500000000e-01
1.318359375000000000e-01
1.342773437500000000e-01
1.245117187500000000e-01
1.293945312500000000e-01
1.367187500000000000e-01
1.245117187500000000e-01
1.342773437500000000e-01
1.147460937500000000e-01
1.367187500000000000e-01
1.245117187500000000e-01
1.269531250000000000e-01
1.245117187500000000e-01
1.293945312500000000e-01
1.269531250000000000e-01
1.293945312500000000e-01
1.220703125000000000e-01
1.293945312500000000e-01
1.196289062500000000e-01
1.293945312500000000e-01
1.269531250000000000e-01
1.269531250000000000e-01
1.293945312500000000e-01
1.293945312500000000e-01
1.245117187500000000e-01
1.269531250000000000e-01
1.293945312500000000e-01
1.245117187500000000e-01
1.269531250000000000e-01
1.220703125000000000e-01
1.220703125000000000e-01
1.367187500000000000e-01
1.318359375000000000e-01
1.245117187500000000e-01
1.318359375000000000e-01
1.245117187500000000e-01
1.342773437500000000e-01
1.318359375000000000e-01
1.318359375000000000e-01
1.318359375000000000e-01
1.293945312500000000e-01
1.269531250000000000e-01
1.245117187500000000e-01
1.293945312500000000e-01
1.318359375000000000e-01
1.293945312500000000e-01
1.293945312500000000e-01
1.318359375000000000e-01
1.269531250000000000e-01
1.293945312500000000e-01
1.269531250000000000e-01
1.318359375000000000e-01
1.367187500000000000e-01
1.220703125000000000e-01
1.318359375000000000e-01
1.318359375000000000e-01
1.245117187500000000e-01
1.293945312500000000e-01
1.342773437500000000e-01
1.269531250000000000e-01
1.245117187500000000e-01
1.245117187500000000e-01
1.245117187500000000e-01
1.220703125000000000e-01
1.293945312500000000e-01
1.318359375000000000e-01
1.318359375000000000e-01
1.245117187500000000e-01
1.293945312500000000e-01
1.196289062500000000e-01
1.245117187500000000e-01
1.293945312500000000e-01
1.318359375000000000e-01
1.245117187500000000e-01
1.293945312500000000e-01
1.269531250000000000e-01
1.269531250000000000e-01
1.220703125000000000e-01
1.293945312500000000e-01
1.245117187500000000e-01
1.245117187500000000e-01
1.220703125000000000e-01
1.220703125000000000e-01
1.220703125000000000e-01
1.220703125000000000e-01
1.293945312500000000e-01
1.245117187500000000e-01
1.269531250000000000e-01
1.269531250000000000e-01
1.269531250000000000e-01
1.220703125000000000e-01
1.269531250000000000e-01
1.196289062500000000e-01
1.318359375000000000e-01
1.196289062500000000e-01
1.220703125000000000e-01
1.245117187500000000e-01
1.245117187500000000e-01
1.196289062500000000e-01
1.220703125000000000e-01
1.220703125000000000e-01
1.269531250000000000e-01
1.318359375000000000e-01
1.318359375000000000e-01
1.123046875000000000e-01
1.293945312500000000e-01
1.269531250000000000e-01
1.342773437500000000e-01
1.196289062500000000e-01
1.245117187500000000e-01
1.220703125000000000e-01
1.196289062500000000e-01
1.293945312500000000e-01
1.220703125000000000e-01
1.269531250000000000e-01
1.269531250000000000e-01
1.269531250000000000e-01
1.220703125000000000e-01
1.220703125000000000e-01
1.220703125000000000e-01
1.269531250000000000e-01
1.318359375000000000e-01
1.293945312500000000e-01
1.342773437500000000e-01
1.318359375000000000e-01
1.342773437500000000e-01
1.196289062500000000e-01
1.293945312500000000e-01
1.245117187500000000e-01
1.269531250000000000e-01
1.269531250000000000e-01
1.220703125000000000e-01
1.269531250000000000e-01
1.196289062500000000e-01
1.245117187500000000e-01
1.220703125000000000e-01
1.269531250000000000e-01
1.293945312500000000e-01
1.196289062500000000e-01
1.245117187500000000e-01
1.245117187500000000e-01
1.318359375000000000e-01
1.220703125000000000e-01
1.220703125000000000e-01
1.293945312500000000e-01
1.293945312500000000e-01
1.269531250000000000e-01
1.342773437500000000e-01
1.245117187500000000e-01
1.245117187500000000e-01
1.293945312500000000e-01
1.196289062500000000e-01
1.220703125000000000e-01
1.220703125000000000e-01
1.220703125000000000e-01
1.220703125000000000e-01
1.220703125000000000e-01
1.220703125000000000e-01
1.245117187500000000e-01
1.220703125000000000e-01
1.220703125000000000e-01
1.245117187500000000e-01
1.245117187500000000e-01
1.269531250000000000e-01
1.245117187500000000e-01
1.245117187500000000e-01
1.196289062500000000e-01
1.196289062500000000e-01
1.269531250000000000e-01
1.245117187500000000e-01
1.293945312500000000e-01
1.269531250000000000e-01
1.245117187500000000e-01
1.293945312500000000e-01
1.293945312500000000e-01
1.245117187500000000e-01
1.196289062500000000e-01
1.293945312500000000e-01
1.245117187500000000e-01
1.269531250000000000e-01
1.269531250000000000e-01
1.220703125000000000e-01
1.171875000000000000e-01
1.367187500000000000e-01
1.269531250000000000e-01
1.245117187500000000e-01
1.220703125000000000e-01
1.196289062500000000e-01
1.245117187500000000e-01
1.293945312500000000e-01
1.245117187500000000e-01
1.196289062500000000e-01
1.245117187500000000e-01
1.293945312500000000e-01
1.293945312500000000e-01
1.220703125000000000e-01
1.342773437500000000e-01
1.269531250000000000e-01
1.293945312500000000e-01
1.245117187500000000e-01
1.245117187500000000e-01
1.245117187500000000e-01
1.269531250000000000e-01
1.245117187500000000e-01
1.220703125000000000e-01
1.220703125000000000e-01
1.245117187500000000e-01
1.269531250000000000e-01
1.220703125000000000e-01
1.245117187500000000e-01
1.220703125000000000e-01
1.269531250000000000e-01
1.269531250000000000e-01
1.245117187500000000e-01
1.269531250000000000e-01
1.293945312500000000e-01
1.245117187500000000e-01
1.293945312500000000e-01
1.342773437500000000e-01
1.293945312500000000e-01
1.293945312500000000e-01
1.293945312500000000e-01
1.293945312500000000e-01
1.318359375000000000e-01
1.269531250000000000e-01
1.269531250000000000e-01
1.342773437500000000e-01
1.269531250000000000e-01
1.293945312500000000e-01
1.293945312500000000e-01
1.318359375000000000e-01
1.293945312500000000e-01
1.269531250000000000e-01
1.318359375000000000e-01
1.293945312500000000e-01
1.269531250000000000e-01
1.269531250000000000e-01
1.367187500000000000e-01
1.318359375000000000e-01
1.269531250000000000e-01
1.367187500000000000e-01
1.318359375000000000e-01
1.367187500000000000e-01
1.416015625000000000e-01
1.342773437500000000e-01
1.342773437500000000e-01
1.342773437500000000e-01
1.318359375000000000e-01
1.293945312500000000e-01
1.269531250000000000e-01
1.318359375000000000e-01
1.342773437500000000e-01
1.318359375000000000e-01
1.245117187500000000e-01
1.342773437500000000e-01
1.318359375000000000e-01
1.269531250000000000e-01
1.342773437500000000e-01
1.318359375000000000e-01
1.220703125000000000e-01
1.293945312500000000e-01
1.269531250000000000e-01
1.293945312500000000e-01
1.342773437500000000e-01
1.342773437500000000e-01
1.220703125000000000e-01
1.293945312500000000e-01
1.367187500000000000e-01
1.318359375000000000e-01
1.269531250000000000e-01
1.318359375000000000e-01
1.293945312500000000e-01
1.367187500000000000e-01
1.367187500000000000e-01
1.269531250000000000e-01
1.318359375000000000e-01
1.293945312500000000e-01
1.318359375000000000e-01
1.293945312500000000e-01
1.293945312500000000e-01
1.367187500000000000e-01
1.293945312500000000e-01
1.342773437500000000e-01
1.293945312500000000e-01
1.245117187500000000e-01
1.293945312500000000e-01
1.293945312500000000e-01
1.416015625000000000e-01
1.416015625000000000e-01
1.342773437500000000e-01
1.318359375000000000e-01
1.391601562500000000e-01
1.342773437500000000e-01
1.318359375000000000e-01
1.367187500000000000e-01
1.342773437500000000e-01
1.318359375000000000e-01
1.342773437500000000e-01
1.318359375000000000e-01
1.416015625000000000e-01
1.293945312500000000e-01
1.293945312500000000e-01
1.391601562500000000e-01
1.269531250000000000e-01
1.293945312500000000e-01
1.342773437500000000e-01
1.269531250000000000e-01
1.440429687500000000e-01
1.269531250000000000e-01
1.342773437500000000e-01
1.342773437500000000e-01
1.391601562500000000e-01
1.416015625000000000e-01
1.293945312500000000e-01
1.367187500000000000e-01
1.293945312500000000e-01
1.318359375000000000e-01
1.318359375000000000e-01
1.269531250000000000e-01
1.342773437500000000e-01
1.269531250000000000e-01
1.342773437500000000e-01
1.318359375000000000e-01
1.342773437500000000e-01
1.342773437500000000e-01
1.342773437500000000e-01
1.293945312500000000e-01
1.367187500000000000e-01
1.293945312500000000e-01
1.318359375000000000e-01
1.367187500000000000e-01
1.318359375000000000e-01
1.318359375000000000e-01
1.245117187500000000e-01
1.245117187500000000e-01
1.342773437500000000e-01
1.196289062500000000e-01
1.220703125000000000e-01
1.269531250000000000e-01
1.269531250000000000e-01
1.342773437500000000e-01
1.318359375000000000e-01
1.293945312500000000e-01
1.245117187500000000e-01
1.367187500000000000e-01
1.196289062500000000e-01
1.318359375000000000e-01
1.342773437500000000e-01
1.318359375000000000e-01
1.367187500000000000e-01
1.293945312500000000e-01
1.318359375000000000e-01
1.245117187500000000e-01
1.269531250000000000e-01
1.367187500000000000e-01
1.293945312500000000e-01
1.293945312500000000e-01
1.342773437500000000e-01
1.342773437500000000e-01
1.318359375000000000e-01
1.318359375000000000e-01
1.342773437500000000e-01
1.245117187500000000e-01
1.269531250000000000e-01
1.293945312500000000e-01
1.342773437500000000e-01
1.269531250000000000e-01
1.269531250000000000e-01
1.342773437500000000e-01
1.245117187500000000e-01
1.245117187500000000e-01
1.293945312500000000e-01
1.293945312500000000e-01
1.342773437500000000e-01
1.318359375000000000e-01
1.367187500000000000e-01
1.318359375000000000e-01
1.293945312500000000e-01
1.269531250000000000e-01
1.245117187500000000e-01
1.440429687500000000e-01
1.318359375000000000e-01
1.318359375000000000e-01
1.318359375000000000e-01
1.342773437500000000e-01
1.220703125000000000e-01
1.293945312500000000e-01
1.220703125000000000e-01
1.171875000000000000e-01
1.245117187500000000e-01
1.318359375000000000e-01
1.196289062500000000e-01
1.318359375000000000e-01
1.220703125000000000e-01
1.318359375000000000e-01
1.367187500000000000e-01
1.318359375000000000e-01
1.220703125000000000e-01
1.269531250000000000e-01
1.220703125000000000e-01
1.367187500000000000e-01
1.342773437500000000e-01
1.293945312500000000e-01
1.391601562500000000e-01
1.342773437500000000e-01
1.342773437500000000e-01
1.342773437500000000e-01
1.318359375000000000e-01
1.367187500000000000e-01
1.342773437500000000e-01
1.318359375000000000e-01
1.293945312500000000e-01
1.293945312500000000e-01
1.318359375000000000e-01
1.245117187500000000e-01
1.367187500000000000e-01
1.220703125000000000e-01
1.269531250000000000e-01
1.318359375000000000e-01
1.318359375000000000e-01
1.269531250000000000e-01
1.293945312500000000e-01
1.293945312500000000e-01
1.318359375000000000e-01
1.293945312500000000e-01
1.342773437500000000e-01
1.269531250000000000e-01
1.318359375000000000e-01
1.293945312500000000e-01
1.293945312500000000e-01
1.318359375000000000e-01
1.293945312500000000e-01
1.342773437500000000e-01
1.318359375000000000e-01
1.220703125000000000e-01
1.416015625000000000e-01
1.293945312500000000e-01
1.293945312500000000e-01
1.269531250000000000e-01
1.220703125000000000e-01
1.269531250000000000e-01
1.367187500000000000e-01
1.342773437500000000e-01
1.245117187500000000e-01
1.293945312500000000e-01
1.245117187500000000e-01
1.245117187500000000e-01
1.318359375000000000e-01
1.269531250000000000e-01
1.245117187500000000e-01
1.220703125000000000e-01
1.245117187500000000e-01
1.220703125000000000e-01
1.245117187500000000e-01
1.269531250000000000e-01
1.220703125000000000e-01
1.269531250000000000e-01
1.318359375000000000e-01
1.147460937500000000e-01
1.245117187500000000e-01
1.269531250000000000e-01
1.269531250000000000e-01
1.245117187500000000e-01
1.269531250000000000e-01
1.220703125000000000e-01
1.245117187500000000e-01
1.269531250000000000e-01
1.245117187500000000e-01
1.293945312500000000e-01
1.220703125000000000e-01
1.269531250000000000e-01
1.196289062500000000e-01
1.245117187500000000e-01
1.293945312500000000e-01
1.220703125000000000e-01
1.220703125000000000e-01
1.293945312500000000e-01
1.220703125000000000e-01
1.269531250000000000e-01
1.245117187500000000e-01
1.269531250000000000e-01
1.245117187500000000e-01
1.220703125000000000e-01
1.220703125000000000e-01
1.293945312500000000e-01
1.220703125000000000e-01
1.293945312500000000e-01
1.342773437500000000e-01
1.245117187500000000e-01
1.220703125000000000e-01
1.269531250000000000e-01
1.245117187500000000e-01
1.245117187500000000e-01
1.269531250000000000e-01
1.245117187500000000e-01
1.293945312500000000e-01
1.367187500000000000e-01
1.171875000000000000e-01
1.196289062500000000e-01
1.269531250000000000e-01
1.171875000000000000e-01
1.318359375000000000e-01
1.098632812500000000e-01
1.269531250000000000e-01
1.196289062500000000e-01
1.147460937500000000e-01
1.293945312500000000e-01
1.342773437500000000e-01
1.293945312500000000e-01
1.245117187500000000e-01
1.196289062500000000e-01
1.342773437500000000e-01
1.220703125000000000e-01
1.245117187500000000e-01
1.245117187500000000e-01
1.245117187500000000e-01
1.293945312500000000e-01
1.196289062500000000e-01
1.220703125000000000e-01
1.220703125000000000e-01
1.269531250000000000e-01
1.220703125000000000e-01
1.318359375000000000e-01
1.220703125000000000e-01
1.245117187500000000e-01
1.293945312500000000e-01
1.318359375000000000e-01
1.220703125000000000e-01
1.171875000000000000e-01
1.293945312500000000e-01
1.269531250000000000e-01
1.269531250000000000e-01
1.220703125000000000e-01
1.196289062500000000e-01
1.196289062500000000e-01
1.220703125000000000e-01
1.342773437500000000e-01
1.220703125000000000e-01
1.245117187500000000e-01
1.269531250000000000e-01
1.245117187500000000e-01
1.342773437500000000e-01
1.245117187500000000e-01
1.147460937500000000e-01
1.269531250000000000e-01
1.293945312500000000e-01
1.220703125000000000e-01
1.342773437500000000e-01
1.098632812500000000e-01
1.220703125000000000e-01
1.245117187500000000e-01
1.098632812500000000e-01
1.245117187500000000e-01
1.342773437500000000e-01
1.293945312500000000e-01
1.318359375000000000e-01
1.342773437500000000e-01
1.147460937500000000e-01
1.293945312500000000e-01
1.318359375000000000e-01
1.269531250000000000e-01
1.171875000000000000e-01
1.342773437500000000e-01
1.318359375000000000e-01
1.245117187500000000e-01
1.269531250000000000e-01
1.293945312500000000e-01
1.318359375000000000e-01
1.293945312500000000e-01
1.342773437500000000e-01
1.245117187500000000e-01
1.269531250000000000e-01
1.245117187500000000e-01
1.269531250000000000e-01
1.367187500000000000e-01
1.318359375000000000e-01
1.293945312500000000e-01
1.269531250000000000e-01
1.220703125000000000e-01
1.293945312500000000e-01
1.318359375000000000e-01
1.318359375000000000e-01
1.342773437500000000e-01
1.318359375000000000e-01
1.293945312500000000e-01
1.196289062500000000e-01
1.318359375000000000e-01
1.196289062500000000e-01
1.171875000000000000e-01
1.342773437500000000e-01
1.123046875000000000e-01
1.147460937500000000e-01
1.269531250000000000e-01
1.220703125000000000e-01
1.293945312500000000e-01
1.342773437500000000e-01
1.342773437500000000e-01
1.196289062500000000e-01
1.171875000000000000e-01
1.293945312500000000e-01
1.293945312500000000e-01
1.269531250000000000e-01
1.269531250000000000e-01
1.318359375000000000e-01
1.416015625000000000e-01
1.342773437500000000e-01
1.293945312500000000e-01
1.293945312500000000e-01
1.220703125000000000e-01
1.269531250000000000e-01
1.293945312500000000e-01
1.342773437500000000e-01
1.293945312500000000e-01
1.318359375000000000e-01
1.293945312500000000e-01
1.171875000000000000e-01
1.245117187500000000e-01
1.269531250000000000e-01
1.245117187500000000e-01
1.293945312500000000e-01
1.220703125000000000e-01
1.269531250000000000e-01
1.318359375000000000e-01
1.367187500000000000e-01
1.367187500000000000e-01
1.220703125000000000e-01
1.367187500000000000e-01
1.391601562500000000e-01
1.220703125000000000e-01
1.245117187500000000e-01
1.342773437500000000e-01
1.391601562500000000e-01
1.245117187500000000e-01
1.367187500000000000e-01
1.440429687500000000e-01
1.293945312500000000e-01
1.342773437500000000e-01
1.147460937500000000e-01
1.293945312500000000e-01
1.293945312500000000e-01
1.245117187500000000e-01
1.293945312500000000e-01
1.293945312500000000e-01
1.293945312500000000e-01
1.416015625000000000e-01
1.342773437500000000e-01
1.367187500000000000e-01
1.391601562500000000e-01
1.367187500000000000e-01
1.293945312500000000e-01
1.342773437500000000e-01
1.318359375000000000e-01
1.171875000000000000e-01
1.147460937500000000e-01
1.318359375000000000e-01
1.318359375000000000e-01
1.269531250000000000e-01
1.147460937500000000e-01
1.147460937500000000e-01
1.245117187500000000e-01
1.293945312500000000e-01
1.269531250000000000e-01
1.196289062500000000e-01
1.391601562500000000e-01
1.293945312500000000e-01
1.196289062500000000e-01
1.367187500000000000e-01
1.318359375000000000e-01
1.171875000000000000e-01
1.269531250000000000e-01
1.391601562500000000e-01
1.342773437500000000e-01
1.293945312500000000e-01
1.245117187500000000e-01
1.196289062500000000e-01
1.342773437500000000e-01
1.416015625000000000e-01
1.464843750000000000e-01
1.318359375000000000e-01
1.342773437500000000e-01
1.464843750000000000e-01
1.318359375000000000e-01
1.220703125000000000e-01
1.342773437500000000e-01
1.342773437500000000e-01
1.342773437500000000e-01
1.367187500000000000e-01
1.342773437500000000e-01
1.245117187500000000e-01
1.171875000000000000e-01
1.293945312500000000e-01
1.391601562500000000e-01
1.342773437500000000e-01
1.245117187500000000e-01
1.147460937500000000e-01
1.293945312500000000e-01
1.416015625000000000e-01
1.416015625000000000e-01
1.318359375000000000e-01
1.342773437500000000e-01
1.342773437500000000e-01
1.245117187500000000e-01
1.171875000000000000e-01
1.171875000000000000e-01
1.245117187500000000e-01
1.293945312500000000e-01
1.293945312500000000e-01
1.245117187500000000e-01
1.245117187500000000e-01
1.342773437500000000e-01
1.293945312500000000e-01
1.391601562500000000e-01
1.269531250000000000e-01
1.171875000000000000e-01
1.269531250000000000e-01
1.367187500000000000e-01
1.416015625000000000e-01
1.318359375000000000e-01
1.196289062500000000e-01
1.220703125000000000e-01
1.416015625000000000e-01
1.367187500000000000e-01
1.367187500000000000e-01
1.416015625000000000e-01
1.367187500000000000e-01
1.196289062500000000e-01
1.269531250000000000e-01
1.342773437500000000e-01
1.416015625000000000e-01
1.342773437500000000e-01
1.245117187500000000e-01
1.220703125000000000e-01
1.220703125000000000e-01
1.269531250000000000e-01
1.391601562500000000e-01
1.489257812500000000e-01
1.416015625000000000e-01
1.318359375000000000e-01
1.245117187500000000e-01
1.293945312500000000e-01
1.342773437500000000e-01
1.367187500000000000e-01
1.196289062500000000e-01
1.074218750000000000e-01
1.123046875000000000e-01
1.196289062500000000e-01
1.318359375000000000e-01
1.269531250000000000e-01
1.220703125000000000e-01
1.171875000000000000e-01
1.293945312500000000e-01
1.293945312500000000e-01
1.342773437500000000e-01
1.147460937500000000e-01
1.171875000000000000e-01
1.293945312500000000e-01
1.318359375000000000e-01
1.318359375000000000e-01
1.245117187500000000e-01
1.269531250000000000e-01
1.416015625000000000e-01
1.293945312500000000e-01
1.220703125000000000e-01
1.269531250000000000e-01
1.318359375000000000e-01
1.391601562500000000e-01
1.391601562500000000e-01
1.342773437500000000e-01
1.196289062500000000e-01
1.147460937500000000e-01
1.123046875000000000e-01
1.123046875000000000e-01
1.196289062500000000e-01
1.416015625000000000e-01
1.293945312500000000e-01
1.245117187500000000e-01
1.391601562500000000e-01
1.245117187500000000e-01
1.171875000000000000e-01
1.220703125000000000e-01
1.220703125000000000e-01
1.220703125000000000e-01
1.123046875000000000e-01
1.196289062500000000e-01
1.171875000000000000e-01
1.293945312500000000e-01
1.440429687500000000e-01
1.538085937500000000e-01
1.416015625000000000e-01
1.416015625000000000e-01
1.391601562500000000e-01
1.269531250000000000e-01
1.220703125000000000e-01
1.196289062500000000e-01
1.342773437500000000e-01
1.245117187500000000e-01
1.318359375000000000e-01
1.416015625000000000e-01
1.196289062500000000e-01
1.147460937500000000e-01
1.220703125000000000e-01
1.269531250000000000e-01
1.220703125000000000e-01
1.269531250000000000e-01
1.171875000000000000e-01
1.293945312500000000e-01
1.220703125000000000e-01
1.342773437500000000e-01
1.293945312500000000e-01
1.196289062500000000e-01
1.171875000000000000e-01
1.147460937500000000e-01
1.171875000000000000e-01
1.245117187500000000e-01
1.220703125000000000e-01
1.293945312500000000e-01
1.245117187500000000e-01
1.220703125000000000e-01
1.196289062500000000e-01
1.245117187500000000e-01
1.269531250000000000e-01
1.025390625000000000e-01
9.521484375000000000e-02
1.049804687500000000e-01
1.196289062500000000e-01
1.391601562500000000e-01
1.220703125000000000e-01
1.245117187500000000e-01
1.293945312500000000e-01
1.245117187500000000e-01
1.269531250000000000e-01
1.318359375000000000e-01
1.318359375000000000e-01
1.318359375000000000e-01
1.318359375000000000e-01
1.245117187500000000e-01
1.318359375000000000e-01
1.342773437500000000e-01
1.293945312500000000e-01
1.293945312500000000e-01
1.416015625000000000e-01
1.391601562500000000e-01
1.293945312500000000e-01
1.269531250000000000e-01
1.220703125000000000e-01
1.147460937500000000e-01
1.342773437500000000e-01
1.245117187500000000e-01
1.196289062500000000e-01
1.123046875000000000e-01
1.245117187500000000e-01
1.245117187500000000e-01
1.245117187500000000e-01
1.220703125000000000e-01
1.318359375000000000e-01
1.245117187500000000e-01
1.293945312500000000e-01
1.245117187500000000e-01
1.196289062500000000e-01
1.171875000000000000e-01
1.025390625000000000e-01
1.074218750000000000e-01
1.000976562500000000e-01
1.293945312500000000e-01
1.220703125000000000e-01
1.367187500000000000e-01
1.220703125000000000e-01
1.293945312500000000e-01
1.318359375000000000e-01
1.342773437500000000e-01
1.416015625000000000e-01
1.269531250000000000e-01
1.391601562500000000e-01
1.367187500000000000e-01
1.464843750000000000e-01
1.293945312500000000e-01
1.171875000000000000e-01
1.318359375000000000e-01
1.367187500000000000e-01
1.367187500000000000e-01
1.293945312500000000e-01
1.147460937500000000e-01
1.074218750000000000e-01
1.196289062500000000e-01
1.293945312500000000e-01
1.220703125000000000e-01
1.269531250000000000e-01
1.245117187500000000e-01
1.245117187500000000e-01
1.318359375000000000e-01
1.342773437500000000e-01
1.342773437500000000e-01
1.318359375000000000e-01
1.293945312500000000e-01
1.342773437500000000e-01
1.318359375000000000e-01
1.220703125000000000e-01
1.245117187500000000e-01
1.220703125000000000e-01
1.220703125000000000e-01
1.171875000000000000e-01
1.147460937500000000e-01
1.293945312500000000e-01
1.269531250000000000e-01
1.245117187500000000e-01
1.245117187500000000e-01
1.171875000000000000e-01
1.367187500000000000e-01
1.489257812500000000e-01
1.342773437500000000e-01
1.342773437500000000e-01
1.342773437500000000e-01
1.391601562500000000e-01
1.245117187500000000e-01
1.098632812500000000e-01
1.220703125000000000e-01
1.342773437500000000e-01
1.342773437500000000e-01
1.489257812500000000e-01
1.562500000000000000e-01
1.416015625000000000e-01
1.171875000000000000e-01
1.098632812500000000e-01
1.220703125000000000e-01
1.245117187500000000e-01
1.171875000000000000e-01
1.391601562500000000e-01
1.245117187500000000e-01
1.293945312500000000e-01
1.489257812500000000e-01
1.391601562500000000e-01
1.416015625000000000e-01
1.269531250000000000e-01
1.293945312500000000e-01
1.245117187500000000e-01
1.318359375000000000e-01
1.367187500000000000e-01
1.367187500000000000e-01
1.318359375000000000e-01
1.245117187500000000e-01
1.293945312500000000e-01
1.293945312500000000e-01
1.440429687500000000e-01
1.367187500000000000e-01
1.293945312500000000e-01
1.293945312500000000e-01
1.440429687500000000e-01
1.416015625000000000e-01
1.391601562500000000e-01
1.318359375000000000e-01
1.464843750000000000e-01
1.293945312500000000e-01
1.171875000000000000e-01
1.171875000000000000e-01
1.171875000000000000e-01
1.245117187500000000e-01
1.367187500000000000e-01
1.464843750000000000e-01
1.440429687500000000e-01
1.318359375000000000e-01
1.269531250000000000e-01
1.171875000000000000e-01
1.196289062500000000e-01
1.318359375000000000e-01
1.367187500000000000e-01
1.367187500000000000e-01
1.416015625000000000e-01
1.367187500000000000e-01
1.367187500000000000e-01
1.489257812500000000e-01
1.293945312500000000e-01
1.269531250000000000e-01
1.196289062500000000e-01
1.196289062500000000e-01
1.123046875000000000e-01
1.196289062500000000e-01
1.440429687500000000e-01
1.489257812500000000e-01
1.416015625000000000e-01
1.416015625000000000e-01
1.391601562500000000e-01
1.391601562500000000e-01
1.318359375000000000e-01
1.440429687500000000e-01
1.489257812500000000e-01
1.318359375000000000e-01
1.367187500000000000e-01
1.416015625000000000e-01
1.293945312500000000e-01
1.318359375000000000e-01
1.367187500000000000e-01
1.245117187500000000e-01
1.245117187500000000e-01
1.342773437500000000e-01
1.293945312500000000e-01
1.464843750000000000e-01
1.464843750000000000e-01
1.416015625000000000e-01
1.367187500000000000e-01
1.245117187500000000e-01
1.293945312500000000e-01
1.367187500000000000e-01
1.269531250000000000e-01
1.391601562500000000e-01
1.391601562500000000e-01
1.367187500000000000e-01
1.367187500000000000e-01
1.464843750000000000e-01
1.440429687500000000e-01
1.391601562500000000e-01
1.269531250000000000e-01
1.074218750000000000e-01
1.049804687500000000e-01
1.000976562500000000e-01
1.171875000000000000e-01
1.513671875000000000e-01
1.513671875000000000e-01
1.293945312500000000e-01
1.318359375000000000e-01
1.391601562500000000e-01
1.342773437500000000e-01
1.416015625000000000e-01
1.538085937500000000e-01
1.342773437500000000e-01
1.416015625000000000e-01
1.489257812500000000e-01
1.269531250000000000e-01
1.391601562500000000e-01
1.513671875000000000e-01
1.440429687500000000e-01
1.318359375000000000e-01
1.416015625000000000e-01
1.440429687500000000e-01
1.269531250000000000e-01
1.171875000000000000e-01
1.342773437500000000e-01
1.196289062500000000e-01
1.196289062500000000e-01
1.293945312500000000e-01
1.269531250000000000e-01
1.245117187500000000e-01
1.196289062500000000e-01
1.293945312500000000e-01
1.318359375000000000e-01
1.342773437500000000e-01
1.367187500000000000e-01
1.196289062500000000e-01
1.123046875000000000e-01
1.147460937500000000e-01
1.220703125000000000e-01
1.147460937500000000e-01
8.056640625000000000e-02
1.074218750000000000e-01
1.171875000000000000e-01
1.196289062500000000e-01
1.489257812500000000e-01
1.513671875000000000e-01
1.391601562500000000e-01
1.489257812500000000e-01
1.562500000000000000e-01
1.464843750000000000e-01
1.416015625000000000e-01
1.342773437500000000e-01
1.367187500000000000e-01
1.342773437500000000e-01
1.440429687500000000e-01
1.416015625000000000e-01
1.293945312500000000e-01
1.245117187500000000e-01
1.464843750000000000e-01
1.391601562500000000e-01
1.293945312500000000e-01
1.440429687500000000e-01
1.318359375000000000e-01
1.171875000000000000e-01
1.318359375000000000e-01
1.342773437500000000e-01
1.293945312500000000e-01
1.318359375000000000e-01
1.416015625000000000e-01
1.293945312500000000e-01
1.196289062500000000e-01
1.318359375000000000e-01
1.293945312500000000e-01
1.318359375000000000e-01
1.171875000000000000e-01
1.171875000000000000e-01
1.293945312500000000e-01
1.318359375000000000e-01
1.147460937500000000e-01
1.147460937500000000e-01
1.049804687500000000e-01
1.049804687500000000e-01
1.196289062500000000e-01
1.416015625000000000e-01
1.489257812500000000e-01
1.489257812500000000e-01
1.367187500000000000e-01
1.391601562500000000e-01
1.367187500000000000e-01
1.269531250000000000e-01
1.342773437500000000e-01
1.513671875000000000e-01
1.367187500000000000e-01
1.220703125000000000e-01
1.342773437500000000e-01
1.269531250000000000e-01
1.391601562500000000e-01
1.245117187500000000e-01
1.171875000000000000e-01
1.318359375000000000e-01
1.367187500000000000e-01
1.342773437500000000e-01
1.293945312500000000e-01
1.293945312500000000e-01
1.367187500000000000e-01
1.342773437500000000e-01
1.293945312500000000e-01
1.147460937500000000e-01
1.391601562500000000e-01
1.367187500000000000e-01
1.196289062500000000e-01
1.269531250000000000e-01
1.367187500000000000e-01
1.196289062500000000e-01
1.196289062500000000e-01
1.196289062500000000e-01
1.318359375000000000e-01
1.318359375000000000e-01
1.220703125000000000e-01
1.245117187500000000e-01
1.293945312500000000e-01
1.391601562500000000e-01
1.440429687500000000e-01
1.269531250000000000e-01
1.269531250000000000e-01
1.440429687500000000e-01
1.367187500000000000e-01
1.293945312500000000e-01
1.171875000000000000e-01
1.049804687500000000e-01
1.245117187500000000e-01
1.440429687500000000e-01
1.416015625000000000e-01
1.342773437500000000e-01
1.318359375000000000e-01
1.293945312500000000e-01
1.342773437500000000e-01
1.074218750000000000e-01
1.269531250000000000e-01
1.220703125000000000e-01
1.293945312500000000e-01
1.269531250000000000e-01
1.196289062500000000e-01
1.318359375000000000e-01
1.318359375000000000e-01
1.269531250000000000e-01
1.293945312500000000e-01
1.416015625000000000e-01
1.293945312500000000e-01
1.245117187500000000e-01
1.342773437500000000e-01
1.123046875000000000e-01
1.293945312500000000e-01
1.342773437500000000e-01
1.342773437500000000e-01
1.098632812500000000e-01
1.318359375000000000e-01
1.269531250000000000e-01
1.318359375000000000e-01
1.440429687500000000e-01
1.342773437500000000e-01
1.196289062500000000e-01
1.391601562500000000e-01
1.464843750000000000e-01
1.220703125000000000e-01
1.245117187500000000e-01
1.318359375000000000e-01
1.367187500000000000e-01
1.171875000000000000e-01
9.765625000000000000e-02
1.245117187500000000e-01
1.342773437500000000e-01
1.196289062500000000e-01
1.293945312500000000e-01
1.245117187500000000e-01
1.416015625000000000e-01
1.269531250000000000e-01
1.123046875000000000e-01
1.123046875000000000e-01
1.147460937500000000e-01
1.416015625000000000e-01
1.367187500000000000e-01
1.245117187500000000e-01
1.147460937500000000e-01
1.220703125000000000e-01
1.147460937500000000e-01
1.342773437500000000e-01
1.293945312500000000e-01
1.342773437500000000e-01
1.293945312500000000e-01
1.391601562500000000e-01
1.440429687500000000e-01
1.147460937500000000e-01
1.196289062500000000e-01
1.245117187500000000e-01
1.269531250000000000e-01
1.245117187500000000e-01
1.245117187500000000e-01
1.318359375000000000e-01
1.391601562500000000e-01
1.513671875000000000e-01
1.391601562500000000e-01
1.318359375000000000e-01
1.342773437500000000e-01
1.464843750000000000e-01
1.318359375000000000e-01
1.000976562500000000e-01
1.049804687500000000e-01
1.293945312500000000e-01
1.489257812500000000e-01
1.293945312500000000e-01
1.440429687500000000e-01
1.269531250000000000e-01
1.416015625000000000e-01
1.391601562500000000e-01
1.391601562500000000e-01
1.342773437500000000e-01
1.318359375000000000e-01
1.293945312500000000e-01
1.147460937500000000e-01
1.171875000000000000e-01
1.391601562500000000e-01
1.416015625000000000e-01
1.293945312500000000e-01
1.293945312500000000e-01
1.147460937500000000e-01
1.220703125000000000e-01
1.318359375000000000e-01
1.293945312500000000e-01
1.025390625000000000e-01
9.277343750000000000e-02
1.245117187500000000e-01
1.245117187500000000e-01
1.049804687500000000e-01
1.245117187500000000e-01
1.293945312500000000e-01
1.293945312500000000e-01
1.342773437500000000e-01
1.635742187500000000e-01
1.464843750000000000e-01
1.269531250000000000e-01
1.245117187500000000e-01
1.342773437500000000e-01
1.171875000000000000e-01
1.196289062500000000e-01
1.171875000000000000e-01
1.391601562500000000e-01
9.521484375000000000e-02
9.765625000000000000e-02
1.293945312500000000e-01
1.123046875000000000e-01
1.416015625000000000e-01
1.318359375000000000e-01
1.293945312500000000e-01
1.293945312500000000e-01
1.196289062500000000e-01
1.196289062500000000e-01
1.342773437500000000e-01
1.269531250000000000e-01
1.074218750000000000e-01
1.049804687500000000e-01
1.342773437500000000e-01
1.269531250000000000e-01
1.049804687500000000e-01
1.318359375000000000e-01
1.342773437500000000e-01
1.123046875000000000e-01
1.074218750000000000e-01
1.220703125000000000e-01
1.367187500000000000e-01
1.269531250000000000e-01
1.269531250000000000e-01
1.416015625000000000e-01
1.196289062500000000e-01
1.293945312500000000e-01
1.464843750000000000e-01
1.245117187500000000e-01
1.196289062500000000e-01
1.391601562500000000e-01
1.440429687500000000e-01
1.586914062500000000e-01
1.049804687500000000e-01
1.025390625000000000e-01
1.391601562500000000e-01
1.293945312500000000e-01
1.171875000000000000e-01
9.033203125000000000e-02
1.269531250000000000e-01
1.245117187500000000e-01
1.342773437500000000e-01
1.293945312500000000e-01
1.464843750000000000e-01
1.513671875000000000e-01
1.171875000000000000e-01
1.416015625000000000e-01
1.513671875000000000e-01
1.220703125000000000e-01
1.489257812500000000e-01
1.342773437500000000e-01
1.538085937500000000e-01
1.123046875000000000e-01
1.293945312500000000e-01
1.098632812500000000e-01
1.147460937500000000e-01
8.300781250000000000e-02
9.277343750000000000e-02
1.220703125000000000e-01
1.293945312500000000e-01
1.342773437500000000e-01
9.277343750000000000e-02
1.367187500000000000e-01
1.269531250000000000e-01
1.098632812500000000e-01
1.049804687500000000e-01
1.098632812500000000e-01
6.591796875000000000e-02
9.033203125000000000e-02
1.074218750000000000e-01
1.342773437500000000e-01
1.196289062500000000e-01
1.440429687500000000e-01
1.757812500000000000e-01
1.074218750000000000e-01
1.708984375000000000e-01
1.440429687500000000e-01
1.318359375000000000e-01
1.416015625000000000e-01
1.416015625000000000e-01
1.513671875000000000e-01
1.098632812500000000e-01
1.367187500000000000e-01
1.098632812500000000e-01
1.171875000000000000e-01
1.049804687500000000e-01
1.367187500000000000e-01
1.513671875000000000e-01
1.440429687500000000e-01
1.318359375000000000e-01
1.293945312500000000e-01
1.318359375000000000e-01
1.000976562500000000e-01
1.293945312500000000e-01
1.049804687500000000e-01
1.049804687500000000e-01
1.220703125000000000e-01
1.123046875000000000e-01
1.098632812500000000e-01
1.049804687500000000e-01
1.049804687500000000e-01
1.245117187500000000e-01
1.196289062500000000e-01
1.269531250000000000e-01
1.196289062500000000e-01
1.245117187500000000e-01
1.293945312500000000e-01
1.464843750000000000e-01
1.196289062500000000e-01
1.611328125000000000e-01
1.660156250000000000e-01
7.324218750000000000e-02
1.171875000000000000e-01
1.367187500000000000e-01
1.416015625000000000e-01
1.220703125000000000e-01
1.293945312500000000e-01
1.342773437500000000e-01
1.464843750000000000e-01
1.245117187500000000e-01
1.049804687500000000e-01
1.513671875000000000e-01
1.318359375000000000e-01
1.684570312500000000e-01
1.220703125000000000e-01
1.391601562500000000e-01
1.342773437500000000e-01
