1.464843750000000000e-02
1.464843750000000000e-02
1.953125000000000000e-02
2.441406250000000000e-02
1.953125000000000000e-02
1.953125000000000000e-02
1.464843750000000000e-02
1.953125000000000000e-02
1.464843750000000000e-02
1.953125000000000000e-02
1.464843750000000000e-02
1.464843750000000000e-02
1.953125000000000000e-02
1.953125000000000000e-02
1.953125000000000000e-02
2.441406250000000000e-02
2.441406250000000000e-02
1.953125000000000000e-02
2.441406250000000000e-02
1.953125000000000000e-02
1.953125000000000000e-02
1.953125000000000000e-02
1.953125000000000000e-02
1.953125000000000000e-02
1.953125000000000000e-02
1.953125000000000000e-02
2.441406250000000000e-02
1.953125000000000000e-02
1.953125000000000000e-02
1.953125000000000000e-02
1.953125000000000000e-02
1.953125000000000000e-02
1.953125000000000000e-02
1.953125000000000000e-02
1.953125000000000000e-02
1.953125000000000000e-02
1.953125000000000000e-02
1.464843750000000000e-02
1.464843750000000000e-02
1.953125000000000000e-02
1.953125000000000000e-02
1.464843750000000000e-02
2.441406250000000000e-02
1.953125000000000000e-02
1.953125000000000000e-02
1.953125000000000000e-02
1.953125000000000000e-02
1.953125000000000000e-02
1.953125000000000000e-02
1.953125000000000000e-02
1.953125000000000000e-02
1.953125000000000000e-02
1.953125000000000000e-02
1.953125000000000000e-02
1.953125000000000000e-02
2.441406250000000000e-02
1.953125000000000000e-02
1.953125000000000000e-02
1.953125000000000000e-02
1.464843750000000000e-02
2.441406250000000000e-02
1.953125000000000000e-02
1.953125000000000000e-02
1.953125000000000000e-02
1.953125000000000000e-02
1.464843750000000000e-02
2.441406250000000000e-02
1.953125000000000000e-02
1.953125000000000000e-02
1.953125000000000000e-02
1.953125000000000000e-02
1.953125000000000000e-02
1.953125000000000000e-02
2.441406250000000000e-02
1.953125000000000000e-02
1.953125000000000000e-02
1.464843750000000000e-02
2.441406250000000000e-02
1.953125000000000000e-02
1.953125000000000000e-02
1.953125000000000000e-02
1.464843750000000000e-02
1.953125000000000000e-02
1.953125000000000000e-02
1.953125000000000000e-02
1.953125000000000000e-02
1.953125000000000000e-02
1.953125000000000000e-02
1.953125000000000000e-02
1.953125000000000000e-02
1.953125000000000000e-02
9.765625000000000000e-03
1.953125000000000000e-02
1.953125000000000000e-02
1.953125000000000000e-02
1.953125000000000000e-02
1.953125000000000000e-02
1.953125000000000000e-02
1.953125000000000000e-02
1.953125000000000000e-02
1.953125000000000000e-02
1.464843750000000000e-02
1.953125000000000000e-02
1.953125000000000000e-02
1.464843750000000000e-02
2.441406250000000000e-02
1.953125000000000000e-02
1.953125000000000000e-02
1.953125000000000000e-02
1.953125000000000000e-02
2.441406250000000000e-02
1.953125000000000000e-02
1.953125000000000000e-02
1.464843750000000000e-02
1.953125000000000000e-02
1.953125000000000000e-02
1.464843750000000000e-02
1.953125000000000000e-02
1.464843750000000000e-02
1.953125000000000000e-02
1.953125000000000000e-02
1.953125000000000000e-02
1.953125000000000000e-02
1.953125000000000000e-02
2.441406250000000000e-02
1.953125000000000000e-02
1.953125000000000000e-02
1.953125000000000000e-02
1.953125000000000000e-02
1.464843750000000000e-02
2.441406250000000000e-02
2.441406250000000000e-02
1.953125000000000000e-02
1.953125000000000000e-02
1.953125000000000000e-02
1.953125000000000000e-02
1.464843750000000000e-02
1.953125000000000000e-02
2.441406250000000000e-02
1.464843750000000000e-02
1.953125000000000000e-02
1.953125000000000000e-02
1.953125000000000000e-02
1.953125000000000000e-02
1.464843750000000000e-02
1.953125000000000000e-02
1.953125000000000000e-02
1.953125000000000000e-02
1.953125000000000000e-02
9.765625000000000000e-03
2.441406250000000000e-02
1.953125000000000000e-02
1.464843750000000000e-02
1.953125000000000000e-02
1.953125000000000000e-02
1.953125000000000000e-02
1.464843750000000000e-02
1.953125000000000000e-02
1.953125000000000000e-02
1.953125000000000000e-02
1.464843750000000000e-02
1.953125000000000000e-02
2.441406250000000000e-02
1.953125000000000000e-02
1.953125000000000000e-02
1.953125000000000000e-02
1.953125000000000000e-02
1.953125000000000000e-02
1.953125000000000000e-02
1.953125000000000000e-02
1.953125000000000000e-02
2.441406250000000000e-02
9.765625000000000000e-03
1.953125000000000000e-02
1.464843750000000000e-02
1.953125000000000000e-02
1.953125000000000000e-02
2.441406250000000000e-02
1.953125000000000000e-02
1.464843750000000000e-02
1.464843750000000000e-02
1.953125000000000000e-02
1.953125000000000000e-02
9.765625000000000000e-03
1.953125000000000000e-02
1.953125000000000000e-02
1.464843750000000000e-02
1.464843750000000000e-02
2.441406250000000000e-02
1.953125000000000000e-02
1.953125000000000000e-02
2.441406250000000000e-02
1.953125000000000000e-02
1.953125000000000000e-02
1.953125000000000000e-02
1.953125000000000000e-02
1.953125000000000000e-02
1.953125000000000000e-02
1.464843750000000000e-02
1.953125000000000000e-02
1.953125000000000000e-02
1.464843750000000000e-02
1.953125000000000000e-02
2.441406250000000000e-02
2.441406250000000000e-02
1.953125000000000000e-02
1.953125000000000000e-02
1.953125000000000000e-02
1.953125000000000000e-02
1.953125000000000000e-02
1.953125000000000000e-02
1.464843750000000000e-02
1.953125000000000000e-02
1.953125000000000000e-02
1.953125000000000000e-02
1.464843750000000000e-02
1.953125000000000000e-02
1.953125000000000000e-02
2.441406250000000000e-02
1.953125000000000000e-02
2.441406250000000000e-02
1.953125000000000000e-02
1.953125000000000000e-02
1.953125000000000000e-02
1.953125000000000000e-02
1.953125000000000000e-02
1.953125000000000000e-02
1.953125000000000000e-02
1.953125000000000000e-02
1.953125000000000000e-02
1.953125000000000000e-02
1.953125000000000000e-02
1.953125000000000000e-02
1.953125000000000000e-02
1.953125000000000000e-02
1.953125000000000000e-02
1.953125000000000000e-02
2.441406250000000000e-02
1.953125000000000000e-02
1.953125000000000000e-02
1.464843750000000000e-02
1.953125000000000000e-02
1.953125000000000000e-02
1.464843750000000000e-02
1.464843750000000000e-02
1.953125000000000000e-02
1.464843750000000000e-02
1.464843750000000000e-02
1.953125000000000000e-02
1.953125000000000000e-02
1.953125000000000000e-02
1.953125000000000000e-02
1.953125000000000000e-02
1.464843750000000000e-02
1.953125000000000000e-02
1.953125000000000000e-02
1.953125000000000000e-02
1.953125000000000000e-02
1.953125000000000000e-02
1.953125000000000000e-02
1.953125000000000000e-02
1.953125000000000000e-02
1.953125000000000000e-02
1.953125000000000000e-02
2.441406250000000000e-02
1.953125000000000000e-02
1.953125000000000000e-02
1.953125000000000000e-02
1.953125000000000000e-02
1.953125000000000000e-02
2.441406250000000000e-02
1.953125000000000000e-02
1.953125000000000000e-02
2.441406250000000000e-02
1.953125000000000000e-02
1.953125000000000000e-02
1.464843750000000000e-02
1.953125000000000000e-02
1.953125000000000000e-02
1.953125000000000000e-02
1.953125000000000000e-02
1.953125000000000000e-02
1.953125000000000000e-02
1.953125000000000000e-02
1.953125000000000000e-02
1.953125000000000000e-02
1.464843750000000000e-02
1.953125000000000000e-02
1.953125000000000000e-02
1.953125000000000000e-02
1.464843750000000000e-02
1.953125000000000000e-02
1.464843750000000000e-02
1.953125000000000000e-02
1.953125000000000000e-02
1.953125000000000000e-02
1.953125000000000000e-02
1.953125000000000000e-02
1.953125000000000000e-02
1.953125000000000000e-02
1.953125000000000000e-02
1.464843750000000000e-02
1.953125000000000000e-02
1.953125000000000000e-02
1.953125000000000000e-02
1.953125000000000000e-02
1.953125000000000000e-02
1.953125000000000000e-02
1.953125000000000000e-02
1.953125000000000000e-02
1.953125000000000000e-02
1.953125000000000000e-02
1.953125000000000000e-02
1.953125000000000000e-02
1.953125000000000000e-02
1.464843750000000000e-02
1.953125000000000000e-02
1.953125000000000000e-02
1.953125000000000000e-02
1.953125000000000000e-02
1.953125000000000000e-02
1.464843750000000000e-02
1.464843750000000000e-02
1.953125000000000000e-02
1.464843750000000000e-02
1.953125000000000000e-02
1.953125000000000000e-02
1.464843750000000000e-02
1.953125000000000000e-02
1.953125000000000000e-02
1.953125000000000000e-02
1.953125000000000000e-02
1.953125000000000000e-02
1.953125000000000000e-02
1.953125000000000000e-02
2.441406250000000000e-02
9.765625000000000000e-03
1.953125000000000000e-02
1.953125000000000000e-02
1.953125000000000000e-02
1.953125000000000000e-02
1.953125000000000000e-02
1.953125000000000000e-02
1.953125000000000000e-02
2.441406250000000000e-02
1.953125000000000000e-02
1.953125000000000000e-02
1.953125000000000000e-02
1.953125000000000000e-02
1.953125000000000000e-02
1.953125000000000000e-02
9.765625000000000000e-03
1.953125000000000000e-02
1.953125000000000000e-02
1.953125000000000000e-02
1.953125000000000000e-02
1.464843750000000000e-02
1.953125000000000000e-02
1.953125000000000000e-02
1.953125000000000000e-02
1.464843750000000000e-02
1.953125000000000000e-02
1.464843750000000000e-02
1.953125000000000000e-02
1.953125000000000000e-02
1.464843750000000000e-02
1.953125000000000000e-02
1.953125000000000000e-02
1.953125000000000000e-02
2.441406250000000000e-02
1.464843750000000000e-02
1.953125000000000000e-02
1.953125000000000000e-02
1.953125000000000000e-02
1.464843750000000000e-02
1.953125000000000000e-02
1.953125000000000000e-02
1.953125000000000000e-02
1.953125000000000000e-02
1.953125000000000000e-02
1.953125000000000000e-02
1.953125000000000000e-02
1.953125000000000000e-02
1.953125000000000000e-02
1.953125000000000000e-02
1.464843750000000000e-02
1.953125000000000000e-02
1.953125000000000000e-02
1.464843750000000000e-02
1.953125000000000000e-02
1.953125000000000000e-02
1.953125000000000000e-02
1.953125000000000000e-02
1.464843750000000000e-02
1.953125000000000000e-02
1.953125000000000000e-02
1.953125000000000000e-02
1.953125000000000000e-02
1.953125000000000000e-02
2.441406250000000000e-02
1.953125000000000000e-02
1.953125000000000000e-02
1.464843750000000000e-02
1.953125000000000000e-02
1.953125000000000000e-02
1.464843750000000000e-02
1.953125000000000000e-02
1.464843750000000000e-02
1.953125000000000000e-02
1.953125000000000000e-02
1.953125000000000000e-02
1.953125000000000000e-02
1.953125000000000000e-02
1.953125000000000000e-02
1.953125000000000000e-02
1.953125000000000000e-02
1.953125000000000000e-02
1.953125000000000000e-02
1.953125000000000000e-02
2.441406250000000000e-02
1.953125000000000000e-02
1.953125000000000000e-02
1.953125000000000000e-02
1.953125000000000000e-02
1.953125000000000000e-02
1.953125000000000000e-02
1.953125000000000000e-02
1.953125000000000000e-02
1.953125000000000000e-02
1.464843750000000000e-02
1.953125000000000000e-02
1.464843750000000000e-02
1.953125000000000000e-02
1.953125000000000000e-02
1.464843750000000000e-02
1.953125000000000000e-02
1.953125000000000000e-02
1.953125000000000000e-02
1.953125000000000000e-02
1.953125000000000000e-02
2.441406250000000000e-02
1.953125000000000000e-02
1.464843750000000000e-02
1.464843750000000000e-02
1.464843750000000000e-02
1.464843750000000000e-02
1.953125000000000000e-02
1.953125000000000000e-02
1.953125000000000000e-02
1.464843750000000000e-02
1.953125000000000000e-02
1.953125000000000000e-02
1.953125000000000000e-02
1.953125000000000000e-02
1.953125000000000000e-02
1.953125000000000000e-02
1.953125000000000000e-02
1.953125000000000000e-02
1.953125000000000000e-02
1.953125000000000000e-02
2.441406250000000000e-02
1.953125000000000000e-02
1.953125000000000000e-02
1.953125000000000000e-02
1.953125000000000000e-02
1.953125000000000000e-02
1.953125000000000000e-02
1.953125000000000000e-02
1.953125000000000000e-02
1.464843750000000000e-02
1.953125000000000000e-02
1.464843750000000000e-02
1.953125000000000000e-02
1.953125000000000000e-02
1.953125000000000000e-02
1.953125000000000000e-02
1.953125000000000000e-02
9.765625000000000000e-03
1.953125000000000000e-02
1.464843750000000000e-02
1.953125000000000000e-02
9.765625000000000000e-03
1.464843750000000000e-02
1.953125000000000000e-02
1.953125000000000000e-02
1.953125000000000000e-02
1.953125000000000000e-02
1.953125000000000000e-02
1.953125000000000000e-02
1.953125000000000000e-02
1.953125000000000000e-02
1.464843750000000000e-02
1.953125000000000000e-02
1.953125000000000000e-02
1.464843750000000000e-02
1.953125000000000000e-02
1.464843750000000000e-02
1.953125000000000000e-02
1.953125000000000000e-02
1.464843750000000000e-02
1.953125000000000000e-02
1.464843750000000000e-02
1.464843750000000000e-02
1.953125000000000000e-02
2.441406250000000000e-02
9.765625000000000000e-03
1.953125000000000000e-02
1.953125000000000000e-02
1.953125000000000000e-02
1.464843750000000000e-02
9.765625000000000000e-03
1.953125000000000000e-02
1.953125000000000000e-02
1.953125000000000000e-02
1.464843750000000000e-02
1.464843750000000000e-02
1.953125000000000000e-02
1.953125000000000000e-02
1.464843750000000000e-02
1.953125000000000000e-02
1.464843750000000000e-02
1.953125000000000000e-02
1.953125000000000000e-02
1.464843750000000000e-02
1.464843750000000000e-02
1.953125000000000000e-02
1.953125000000000000e-02
1.953125000000000000e-02
1.953125000000000000e-02
1.953125000000000000e-02
1.953125000000000000e-02
1.953125000000000000e-02
1.953125000000000000e-02
1.464843750000000000e-02
1.464843750000000000e-02
1.953125000000000000e-02
1.464843750000000000e-02
1.953125000000000000e-02
1.464843750000000000e-02
1.953125000000000000e-02
1.953125000000000000e-02
1.953125000000000000e-02
1.953125000000000000e-02
1.953125000000000000e-02
1.953125000000000000e-02
1.464843750000000000e-02
1.953125000000000000e-02
1.464843750000000000e-02
1.953125000000000000e-02
1.953125000000000000e-02
1.464843750000000000e-02
1.464843750000000000e-02
1.953125000000000000e-02
1.953125000000000000e-02
2.441406250000000000e-02
1.464843750000000000e-02
1.953125000000000000e-02
1.953125000000000000e-02
1.953125000000000000e-02
1.953125000000000000e-02
1.953125000000000000e-02
1.464843750000000000e-02
1.464843750000000000e-02
1.464843750000000000e-02
1.464843750000000000e-02
1.464843750000000000e-02
1.953125000000000000e-02
1.953125000000000000e-02
1.464843750000000000e-02
9.765625000000000000e-03
1.464843750000000000e-02
1.464843750000000000e-02
1.953125000000000000e-02
1.464843750000000000e-02
1.953125000000000000e-02
1.464843750000000000e-02
1.953125000000000000e-02
1.464843750000000000e-02
1.464843750000000000e-02
1.464843750000000000e-02
1.953125000000000000e-02
1.953125000000000000e-02
1.464843750000000000e-02
1.953125000000000000e-02
1.953125000000000000e-02
1.953125000000000000e-02
1.464843750000000000e-02
1.953125000000000000e-02
1.953125000000000000e-02
1.953125000000000000e-02
2.441406250000000000e-02
1.953125000000000000e-02
1.953125000000000000e-02
1.464843750000000000e-02
1.953125000000000000e-02
1.464843750000000000e-02
1.953125000000000000e-02
1.953125000000000000e-02
9.765625000000000000e-03
1.953125000000000000e-02
1.464843750000000000e-02
9.765625000000000000e-03
2.441406250000000000e-02
1.953125000000000000e-02
1.464843750000000000e-02
1.953125000000000000e-02
1.953125000000000000e-02
1.953125000000000000e-02
1.953125000000000000e-02
1.953125000000000000e-02
9.765625000000000000e-03
1.953125000000000000e-02
1.953125000000000000e-02
9.765625000000000000e-03
1.953125000000000000e-02
1.953125000000000000e-02
1.953125000000000000e-02
1.953125000000000000e-02
1.953125000000000000e-02
1.953125000000000000e-02
1.953125000000000000e-02
1.953125000000000000e-02
1.953125000000000000e-02
1.953125000000000000e-02
1.953125000000000000e-02
1.464843750000000000e-02
1.464843750000000000e-02
1.953125000000000000e-02
1.953125000000000000e-02
1.953125000000000000e-02
1.464843750000000000e-02
1.953125000000000000e-02
1.953125000000000000e-02
1.953125000000000000e-02
1.953125000000000000e-02
1.464843750000000000e-02
1.953125000000000000e-02
1.953125000000000000e-02
1.953125000000000000e-02
1.953125000000000000e-02
1.953125000000000000e-02
1.953125000000000000e-02
9.765625000000000000e-03
1.953125000000000000e-02
1.953125000000000000e-02
1.953125000000000000e-02
1.953125000000000000e-02
1.464843750000000000e-02
1.464843750000000000e-02
1.464843750000000000e-02
1.464843750000000000e-02
1.953125000000000000e-02
1.953125000000000000e-02
1.464843750000000000e-02
1.464843750000000000e-02
1.953125000000000000e-02
1.464843750000000000e-02
2.441406250000000000e-02
1.953125000000000000e-02
1.953125000000000000e-02
9.765625000000000000e-03
1.953125000000000000e-02
1.953125000000000000e-02
1.953125000000000000e-02
1.464843750000000000e-02
1.953125000000000000e-02
1.464843750000000000e-02
1.953125000000000000e-02
1.953125000000000000e-02
1.464843750000000000e-02
1.953125000000000000e-02
1.464843750000000000e-02
1.953125000000000000e-02
1.953125000000000000e-02
1.953125000000000000e-02
1.953125000000000000e-02
1.953125000000000000e-02
1.464843750000000000e-02
1.953125000000000000e-02
1.953125000000000000e-02
9.765625000000000000e-03
1.953125000000000000e-02
1.953125000000000000e-02
1.953125000000000000e-02
1.953125000000000000e-02
1.464843750000000000e-02
1.953125000000000000e-02
1.953125000000000000e-02
1.464843750000000000e-02
1.953125000000000000e-02
1.953125000000000000e-02
1.953125000000000000e-02
1.953125000000000000e-02
1.953125000000000000e-02
1.464843750000000000e-02
2.441406250000000000e-02
1.464843750000000000e-02
1.953125000000000000e-02
1.953125000000000000e-02
1.953125000000000000e-02
9.765625000000000000e-03
1.953125000000000000e-02
1.464843750000000000e-02
1.953125000000000000e-02
1.464843750000000000e-02
1.464843750000000000e-02
1.464843750000000000e-02
1.464843750000000000e-02
1.953125000000000000e-02
1.953125000000000000e-02
1.953125000000000000e-02
9.765625000000000000e-03
1.953125000000000000e-02
1.953125000000000000e-02
1.953125000000000000e-02
1.953125000000000000e-02
1.953125000000000000e-02
1.953125000000000000e-02
1.953125000000000000e-02
1.953125000000000000e-02
1.464843750000000000e-02
1.953125000000000000e-02
1.464843750000000000e-02
1.953125000000000000e-02
1.953125000000000000e-02
1.953125000000000000e-02
1.464843750000000000e-02
1.953125000000000000e-02
1.464843750000000000e-02
1.953125000000000000e-02
1.464843750000000000e-02
9.765625000000000000e-03
1.953125000000000000e-02
1.953125000000000000e-02
1.953125000000000000e-02
1.953125000000000000e-02
1.953125000000000000e-02
1.464843750000000000e-02
9.765625000000000000e-03
1.953125000000000000e-02
1.464843750000000000e-02
1.953125000000000000e-02
1.464843750000000000e-02
9.765625000000000000e-03
9.765625000000000000e-03
1.953125000000000000e-02
1.953125000000000000e-02
1.464843750000000000e-02
1.953125000000000000e-02
1.953125000000000000e-02
4.882812500000000000e-03
1.953125000000000000e-02
1.464843750000000000e-02
2.441406250000000000e-02
1.953125000000000000e-02
1.953125000000000000e-02
1.464843750000000000e-02
1.953125000000000000e-02
1.953125000000000000e-02
1.464843750000000000e-02
1.953125000000000000e-02
1.953125000000000000e-02
1.953125000000000000e-02
1.953125000000000000e-02
1.953125000000000000e-02
1.464843750000000000e-02
1.953125000000000000e-02
1.953125000000000000e-02
1.953125000000000000e-02
1.464843750000000000e-02
1.953125000000000000e-02
1.953125000000000000e-02
1.953125000000000000e-02
1.953125000000000000e-02
9.765625000000000000e-03
1.464843750000000000e-02
1.953125000000000000e-02
1.953125000000000000e-02
1.953125000000000000e-02
1.953125000000000000e-02
1.464843750000000000e-02
4.882812500000000000e-03
1.953125000000000000e-02
1.953125000000000000e-02
1.953125000000000000e-02
1.464843750000000000e-02
9.765625000000000000e-03
1.953125000000000000e-02
9.765625000000000000e-03
9.765625000000000000e-03
1.953125000000000000e-02
1.953125000000000000e-02
9.765625000000000000e-03
1.953125000000000000e-02
1.953125000000000000e-02
1.953125000000000000e-02
1.953125000000000000e-02
9.765625000000000000e-03
4.882812500000000000e-03
1.464843750000000000e-02
1.464843750000000000e-02
1.953125000000000000e-02
1.953125000000000000e-02
2.441406250000000000e-02
1.464843750000000000e-02
4.882812500000000000e-03
4.882812500000000000e-03
2.441406250000000000e-02
1.953125000000000000e-02
1.953125000000000000e-02
9.765625000000000000e-03
9.765625000000000000e-03
1.953125000000000000e-02
1.953125000000000000e-02
1.953125000000000000e-02
1.953125000000000000e-02
1.464843750000000000e-02
1.953125000000000000e-02
1.464843750000000000e-02
1.953125000000000000e-02
1.953125000000000000e-02
1.953125000000000000e-02
4.882812500000000000e-03
1.953125000000000000e-02
1.953125000000000000e-02
1.953125000000000000e-02
1.953125000000000000e-02
9.765625000000000000e-03
1.953125000000000000e-02
1.953125000000000000e-02
1.953125000000000000e-02
1.953125000000000000e-02
1.464843750000000000e-02
1.953125000000000000e-02
1.953125000000000000e-02
1.464843750000000000e-02
1.953125000000000000e-02
1.953125000000000000e-02
1.464843750000000000e-02
1.464843750000000000e-02
1.464843750000000000e-02
1.464843750000000000e-02
1.953125000000000000e-02
1.464843750000000000e-02
1.953125000000000000e-02
9.765625000000000000e-03
1.953125000000000000e-02
1.953125000000000000e-02
1.464843750000000000e-02
1.464843750000000000e-02
1.464843750000000000e-02
1.953125000000000000e-02
1.953125000000000000e-02
1.464843750000000000e-02
1.464843750000000000e-02
1.953125000000000000e-02
1.953125000000000000e-02
1.953125000000000000e-02
9.765625000000000000e-03
1.953125000000000000e-02
1.464843750000000000e-02
1.953125000000000000e-02
1.464843750000000000e-02
1.953125000000000000e-02
1.953125000000000000e-02
1.464843750000000000e-02
1.464843750000000000e-02
1.464843750000000000e-02
1.953125000000000000e-02
1.464843750000000000e-02
1.953125000000000000e-02
1.953125000000000000e-02
1.464843750000000000e-02
1.953125000000000000e-02
1.464843750000000000e-02
1.953125000000000000e-02
1.953125000000000000e-02
9.765625000000000000e-03
1.464843750000000000e-02
1.953125000000000000e-02
1.464843750000000000e-02
1.953125000000000000e-02
1.953125000000000000e-02
1.464843750000000000e-02
1.953125000000000000e-02
1.953125000000000000e-02
1.953125000000000000e-02
1.464843750000000000e-02
1.953125000000000000e-02
1.953125000000000000e-02
9.765625000000000000e-03
1.464843750000000000e-02
1.953125000000000000e-02
1.953125000000000000e-02
1.953125000000000000e-02
1.953125000000000000e-02
9.765625000000000000e-03
2.441406250000000000e-02
1.953125000000000000e-02
1.953125000000000000e-02
1.464843750000000000e-02
1.464843750000000000e-02
1.953125000000000000e-02
2.441406250000000000e-02
1.464843750000000000e-02
2.441406250000000000e-02
1.464843750000000000e-02
1.953125000000000000e-02
1.953125000000000000e-02
1.464843750000000000e-02
1.953125000000000000e-02
1.953125000000000000e-02
1.953125000000000000e-02
1.953125000000000000e-02
1.953125000000000000e-02
1.953125000000000000e-02
1.953125000000000000e-02
1.464843750000000000e-02
1.953125000000000000e-02
1.953125000000000000e-02
1.953125000000000000e-02
1.953125000000000000e-02
1.464843750000000000e-02
1.953125000000000000e-02
1.953125000000000000e-02
1.953125000000000000e-02
1.953125000000000000e-02
9.765625000000000000e-03
1.953125000000000000e-02
1.953125000000000000e-02
1.953125000000000000e-02
1.953125000000000000e-02
1.953125000000000000e-02
1.953125000000000000e-02
1.953125000000000000e-02
1.464843750000000000e-02
1.953125000000000000e-02
1.464843750000000000e-02
1.953125000000000000e-02
1.464843750000000000e-02
2.441406250000000000e-02
1.953125000000000000e-02
2.441406250000000000e-02
1.464843750000000000e-02
1.953125000000000000e-02
1.953125000000000000e-02
1.953125000000000000e-02
1.953125000000000000e-02
1.464843750000000000e-02
1.953125000000000000e-02
1.464843750000000000e-02
1.953125000000000000e-02
9.765625000000000000e-03
1.464843750000000000e-02
1.953125000000000000e-02
9.765625000000000000e-03
1.464843750000000000e-02
1.953125000000000000e-02
1.953125000000000000e-02
1.953125000000000000e-02
1.953125000000000000e-02
1.953125000000000000e-02
2.441406250000000000e-02
1.953125000000000000e-02
1.953125000000000000e-02
1.953125000000000000e-02
1.464843750000000000e-02
1.953125000000000000e-02
1.953125000000000000e-02
1.953125000000000000e-02
1.953125000000000000e-02
1.953125000000000000e-02
1.464843750000000000e-02
1.464843750000000000e-02
1.464843750000000000e-02
1.953125000000000000e-02
1.464843750000000000e-02
1.464843750000000000e-02
1.953125000000000000e-02
1.464843750000000000e-02
1.953125000000000000e-02
1.953125000000000000e-02
1.953125000000000000e-02
1.953125000000000000e-02
1.953125000000000000e-02
1.464843750000000000e-02
1.953125000000000000e-02
1.953125000000000000e-02
1.464843750000000000e-02
1.953125000000000000e-02
1.953125000000000000e-02
1.953125000000000000e-02
1.953125000000000000e-02
1.953125000000000000e-02
1.953125000000000000e-02
1.953125000000000000e-02
1.953125000000000000e-02
9.765625000000000000e-03
1.953125000000000000e-02
1.953125000000000000e-02
1.464843750000000000e-02
1.953125000000000000e-02
9.765625000000000000e-03
2.441406250000000000e-02
1.953125000000000000e-02
1.953125000000000000e-02
9.765625000000000000e-03
1.953125000000000000e-02
1.464843750000000000e-02
1.953125000000000000e-02
1.953125000000000000e-02
1.953125000000000000e-02
1.953125000000000000e-02
1.953125000000000000e-02
1.953125000000000000e-02
1.953125000000000000e-02
1.953125000000000000e-02
1.953125000000000000e-02
1.953125000000000000e-02
1.464843750000000000e-02
1.953125000000000000e-02
1.464843750000000000e-02
1.953125000000000000e-02
1.953125000000000000e-02
1.953125000000000000e-02
1.953125000000000000e-02
2.441406250000000000e-02
1.953125000000000000e-02
1.953125000000000000e-02
1.464843750000000000e-02
1.464843750000000000e-02
1.953125000000000000e-02
1.953125000000000000e-02
1.953125000000000000e-02
9.765625000000000000e-03
1.953125000000000000e-02
1.953125000000000000e-02
1.464843750000000000e-02
1.953125000000000000e-02
1.953125000000000000e-02
1.464843750000000000e-02
1.464843750000000000e-02
2.441406250000000000e-02
1.953125000000000000e-02
1.953125000000000000e-02
1.953125000000000000e-02
1.464843750000000000e-02
1.953125000000000000e-02
1.953125000000000000e-02
1.953125000000000000e-02
2.441406250000000000e-02
1.953125000000000000e-02
1.953125000000000000e-02
1.953125000000000000e-02
1.464843750000000000e-02
1.953125000000000000e-02
1.953125000000000000e-02
1.953125000000000000e-02
1.953125000000000000e-02
1.953125000000000000e-02
1.953125000000000000e-02
2.441406250000000000e-02
1.464843750000000000e-02
1.464843750000000000e-02
1.953125000000000000e-02
1.953125000000000000e-02
1.464843750000000000e-02
1.464843750000000000e-02
1.953125000000000000e-02
1.953125000000000000e-02
1.953125000000000000e-02
2.441406250000000000e-02
1.953125000000000000e-02
1.953125000000000000e-02
9.765625000000000000e-03
1.953125000000000000e-02
1.953125000000000000e-02
1.464843750000000000e-02
1.953125000000000000e-02
1.953125000000000000e-02
1.953125000000000000e-02
1.953125000000000000e-02
1.953125000000000000e-02
1.953125000000000000e-02
1.953125000000000000e-02
1.464843750000000000e-02
2.441406250000000000e-02
1.953125000000000000e-02
1.953125000000000000e-02
1.953125000000000000e-02
1.953125000000000000e-02
2.441406250000000000e-02
1.953125000000000000e-02
1.953125000000000000e-02
1.464843750000000000e-02
1.464843750000000000e-02
1.953125000000000000e-02
1.953125000000000000e-02
1.953125000000000000e-02
1.953125000000000000e-02
4.882812500000000000e-03
1.953125000000000000e-02
1.953125000000000000e-02
1.953125000000000000e-02
2.929687500000000000e-02
1.953125000000000000e-02
1.953125000000000000e-02
4.882812500000000000e-03
1.953125000000000000e-02
1.953125000000000000e-02
1.464843750000000000e-02
1.953125000000000000e-02
1.953125000000000000e-02
1.953125000000000000e-02
1.953125000000000000e-02
1.953125000000000000e-02
1.953125000000000000e-02
1.953125000000000000e-02
1.953125000000000000e-02
1.953125000000000000e-02
2.441406250000000000e-02
1.953125000000000000e-02
1.953125000000000000e-02
1.953125000000000000e-02
1.953125000000000000e-02
1.953125000000000000e-02
1.953125000000000000e-02
9.765625000000000000e-03
1.464843750000000000e-02
9.765625000000000000e-03
9.765625000000000000e-03
1.953125000000000000e-02
9.765625000000000000e-03
1.953125000000000000e-02
1.953125000000000000e-02
2.441406250000000000e-02
1.953125000000000000e-02
1.953125000000000000e-02
1.953125000000000000e-02
1.953125000000000000e-02
1.464843750000000000e-02
4.882812500000000000e-03
1.953125000000000000e-02
1.953125000000000000e-02
1.464843750000000000e-02
1.464843750000000000e-02
1.953125000000000000e-02
1.953125000000000000e-02
9.765625000000000000e-03
1.464843750000000000e-02
2.929687500000000000e-02
2.929687500000000000e-02
1.953125000000000000e-02
1.953125000000000000e-02
1.464843750000000000e-02
1.953125000000000000e-02
1.953125000000000000e-02
1.953125000000000000e-02
1.464843750000000000e-02
1.953125000000000000e-02
-4.882812500000000000e-03
4.882812500000000000e-03
1.464843750000000000e-02
1.464843750000000000e-02
1.953125000000000000e-02
2.441406250000000000e-02
2.441406250000000000e-02
1.953125000000000000e-02
2.929687500000000000e-02
1.953125000000000000e-02
1.953125000000000000e-02
0.000000000000000000e+00
1.464843750000000000e-02
9.765625000000000000e-03
9.765625000000000000e-03
9.765625000000000000e-03
1.464843750000000000e-02
9.765625000000000000e-03
1.464843750000000000e-02
1.953125000000000000e-02
3.417968750000000000e-02
5.859375000000000000e-02
3.417968750000000000e-02
9.765625000000000000e-03
-1.464843750000000000e-02
0.000000000000000000e+00
2.441406250000000000e-02
4.882812500000000000e-03
-2.441406250000000000e-02
-1.953125000000000000e-02
-9.765625000000000000e-03
9.765625000000000000e-03
3.417968750000000000e-02
8.056640625000000000e-02
7.568359375000000000e-02
4.882812500000000000e-02
4.394531250000000000e-02
3.417968750000000000e-02
-3.417968750000000000e-02
-8.789062500000000000e-02
-3.906250000000000000e-02
6.103515625000000000e-02
9.521484375000000000e-02
2.441406250000000000e-02
-1.953125000000000000e-02
1.464843750000000000e-02
9.765625000000000000e-03
-3.417968750000000000e-02
-9.765625000000000000e-03
8.056640625000000000e-02
4.150390625000000000e-02
-2.441406250000000000e-02
4.882812500000000000e-03
3.906250000000000000e-02
-2.441406250000000000e-02
-1.464843750000000000e-02
7.080078125000000000e-02
1.000976562500000000e-01
4.882812500000000000e-03
-2.441406250000000000e-02
2.929687500000000000e-02
2.929687500000000000e-02
1.464843750000000000e-02
9.765625000000000000e-03
4.882812500000000000e-02
3.906250000000000000e-02
-9.765625000000000000e-03
-2.441406250000000000e-02
3.417968750000000000e-02
5.859375000000000000e-02
9.765625000000000000e-03
-1.464843750000000000e-02
1.464843750000000000e-02
1.953125000000000000e-02
1.953125000000000000e-02
9.765625000000000000e-03
9.765625000000000000e-03
2.441406250000000000e-02
1.464843750000000000e-02
1.953125000000000000e-02
1.464843750000000000e-02
1.953125000000000000e-02
1.953125000000000000e-02
1.953125000000000000e-02
1.464843750000000000e-02
3.417968750000000000e-02
2.441406250000000000e-02
1.464843750000000000e-02
1.953125000000000000e-02
1.953125000000000000e-02
1.464843750000000000e-02
-4.882812500000000000e-03
1.953125000000000000e-02
1.953125000000000000e-02
9.765625000000000000e-03
-4.882812500000000000e-03
1.953125000000000000e-02
1.953125000000000000e-02
1.953125000000000000e-02
1.464843750000000000e-02
1.953125000000000000e-02
2.441406250000000000e-02
1.953125000000000000e-02
1.953125000000000000e-02
1.953125000000000000e-02
1.953125000000000000e-02
9.765625000000000000e-03
1.953125000000000000e-02
1.464843750000000000e-02
1.464843750000000000e-02
9.765625000000000000e-03
1.464843750000000000e-02
1.464843750000000000e-02
1.953125000000000000e-02
1.953125000000000000e-02
1.953125000000000000e-02
1.953125000000000000e-02
1.464843750000000000e-02
1.953125000000000000e-02
1.953125000000000000e-02
2.441406250000000000e-02
2.441406250000000000e-02
1.464843750000000000e-02
1.953125000000000000e-02
1.464843750000000000e-02
1.464843750000000000e-02
1.464843750000000000e-02
9.765625000000000000e-03
1.953125000000000000e-02
2.441406250000000000e-02
1.464843750000000000e-02
1.953125000000000000e-02
1.464843750000000000e-02
1.953125000000000000e-02
1.464843750000000000e-02
1.464843750000000000e-02
1.464843750000000000e-02
1.953125000000000000e-02
4.882812500000000000e-03
9.765625000000000000e-03
2.929687500000000000e-02
1.953125000000000000e-02
1.464843750000000000e-02
1.464843750000000000e-02
1.464843750000000000e-02
1.953125000000000000e-02
1.464843750000000000e-02
1.464843750000000000e-02
1.953125000000000000e-02
1.464843750000000000e-02
9.765625000000000000e-03
1.464843750000000000e-02
1.953125000000000000e-02
1.953125000000000000e-02
1.464843750000000000e-02
0.000000000000000000e+00
1.953125000000000000e-02
1.464843750000000000e-02
1.464843750000000000e-02
1.464843750000000000e-02
1.953125000000000000e-02
1.953125000000000000e-02
1.953125000000000000e-02
1.953125000000000000e-02
1.953125000000000000e-02
1.953125000000000000e-02
1.953125000000000000e-02
1.953125000000000000e-02
1.953125000000000000e-02
0.000000000000000000e+00
9.765625000000000000e-03
1.464843750000000000e-02
2.441406250000000000e-02
1.464843750000000000e-02
4.882812500000000000e-03
1.953125000000000000e-02
1.953125000000000000e-02
1.953125000000000000e-02
1.953125000000000000e-02
1.953125000000000000e-02
1.953125000000000000e-02
9.765625000000000000e-03
9.765625000000000000e-03
1.953125000000000000e-02
1.953125000000000000e-02
1.953125000000000000e-02
1.464843750000000000e-02
9.765625000000000000e-03
1.464843750000000000e-02
2.441406250000000000e-02
1.953125000000000000e-02
1.953125000000000000e-02
1.953125000000000000e-02
1.953125000000000000e-02
1.464843750000000000e-02
1.464843750000000000e-02
9.765625000000000000e-03
1.464843750000000000e-02
1.953125000000000000e-02
-1.464843750000000000e-02
-1.464843750000000000e-02
-1.464843750000000000e-02
9.765625000000000000e-03
1.953125000000000000e-02
1.953125000000000000e-02
1.953125000000000000e-02
2.929687500000000000e-02
4.394531250000000000e-02
4.882812500000000000e-02
2.929687500000000000e-02
1.953125000000000000e-02
0.000000000000000000e+00
1.464843750000000000e-02
4.882812500000000000e-03
-9.765625000000000000e-03
-9.765625000000000000e-03
0.000000000000000000e+00
-4.882812500000000000e-03
4.882812500000000000e-03
1.464843750000000000e-02
1.953125000000000000e-02
3.417968750000000000e-02
2.929687500000000000e-02
3.906250000000000000e-02
4.394531250000000000e-02
2.441406250000000000e-02
1.464843750000000000e-02
9.765625000000000000e-03
0.000000000000000000e+00
4.882812500000000000e-03
1.953125000000000000e-02
1.953125000000000000e-02
1.953125000000000000e-02
2.929687500000000000e-02
9.765625000000000000e-03
1.953125000000000000e-02
9.765625000000000000e-03
-4.882812500000000000e-03
-9.765625000000000000e-03
1.464843750000000000e-02
2.929687500000000000e-02
4.882812500000000000e-03
-1.953125000000000000e-02
-1.953125000000000000e-02
1.953125000000000000e-02
5.371093750000000000e-02
5.859375000000000000e-02
4.394531250000000000e-02
1.953125000000000000e-02
1.953125000000000000e-02
2.441406250000000000e-02
1.953125000000000000e-02
1.464843750000000000e-02
4.882812500000000000e-03
0.000000000000000000e+00
9.765625000000000000e-03
-4.882812500000000000e-03
-2.929687500000000000e-02
-1.464843750000000000e-02
3.417968750000000000e-02
5.859375000000000000e-02
3.906250000000000000e-02
1.953125000000000000e-02
1.464843750000000000e-02
1.953125000000000000e-02
0.000000000000000000e+00
-1.953125000000000000e-02
-1.953125000000000000e-02
2.929687500000000000e-02
5.371093750000000000e-02
4.394531250000000000e-02
1.953125000000000000e-02
1.953125000000000000e-02
1.953125000000000000e-02
1.953125000000000000e-02
2.441406250000000000e-02
1.953125000000000000e-02
9.765625000000000000e-03
4.882812500000000000e-03
9.765625000000000000e-03
4.882812500000000000e-03
1.464843750000000000e-02
1.953125000000000000e-02
4.882812500000000000e-03
-4.882812500000000000e-03
1.953125000000000000e-02
3.906250000000000000e-02
2.441406250000000000e-02
-9.765625000000000000e-03
-9.765625000000000000e-03
1.464843750000000000e-02
9.765625000000000000e-03
0.000000000000000000e+00
9.765625000000000000e-03
3.417968750000000000e-02
1.464843750000000000e-02
0.000000000000000000e+00
1.464843750000000000e-02
1.953125000000000000e-02
1.953125000000000000e-02
1.464843750000000000e-02
1.953125000000000000e-02
2.441406250000000000e-02
1.953125000000000000e-02
1.953125000000000000e-02
4.882812500000000000e-03
1.953125000000000000e-02
1.464843750000000000e-02
1.464843750000000000e-02
9.765625000000000000e-03
1.953125000000000000e-02
1.464843750000000000e-02
9.765625000000000000e-03
9.765625000000000000e-03
1.464843750000000000e-02
1.953125000000000000e-02
1.953125000000000000e-02
2.441406250000000000e-02
4.882812500000000000e-03
0.000000000000000000e+00
9.765625000000000000e-03
1.953125000000000000e-02
1.464843750000000000e-02
1.953125000000000000e-02
2.441406250000000000e-02
1.953125000000000000e-02
1.464843750000000000e-02
9.765625000000000000e-03
4.882812500000000000e-03
0.000000000000000000e+00
-9.765625000000000000e-03
4.882812500000000000e-03
1.464843750000000000e-02
4.394531250000000000e-02
3.417968750000000000e-02
2.929687500000000000e-02
0.000000000000000000e+00
9.765625000000000000e-03
1.953125000000000000e-02
1.464843750000000000e-02
1.953125000000000000e-02
1.464843750000000000e-02
1.464843750000000000e-02
4.882812500000000000e-03
-1.464843750000000000e-02
-4.882812500000000000e-03
2.441406250000000000e-02
4.394531250000000000e-02
2.441406250000000000e-02
-1.464843750000000000e-02
0.000000000000000000e+00
1.464843750000000000e-02
1.953125000000000000e-02
3.906250000000000000e-02
5.371093750000000000e-02
1.953125000000000000e-02
0.000000000000000000e+00
-4.882812500000000000e-03
1.464843750000000000e-02
1.953125000000000000e-02
9.765625000000000000e-03
1.464843750000000000e-02
1.464843750000000000e-02
2.441406250000000000e-02
1.464843750000000000e-02
-9.765625000000000000e-03
9.765625000000000000e-03
4.882812500000000000e-02
2.929687500000000000e-02
1.953125000000000000e-02
9.765625000000000000e-03
-9.765625000000000000e-03
-9.765625000000000000e-03
4.882812500000000000e-03
1.953125000000000000e-02
1.464843750000000000e-02
9.765625000000000000e-03
1.953125000000000000e-02
2.441406250000000000e-02
1.953125000000000000e-02
1.953125000000000000e-02
0.000000000000000000e+00
9.765625000000000000e-03
1.953125000000000000e-02
1.953125000000000000e-02
2.929687500000000000e-02
2.441406250000000000e-02
1.953125000000000000e-02
1.464843750000000000e-02
-1.953125000000000000e-02
-1.464843750000000000e-02
2.441406250000000000e-02
3.906250000000000000e-02
2.929687500000000000e-02
0.000000000000000000e+00
1.464843750000000000e-02
3.906250000000000000e-02
1.953125000000000000e-02
-4.882812500000000000e-03
-1.464843750000000000e-02
0.000000000000000000e+00
-9.765625000000000000e-03
1.464843750000000000e-02
1.953125000000000000e-02
1.953125000000000000e-02
1.464843750000000000e-02
1.464843750000000000e-02
1.464843750000000000e-02
1.953125000000000000e-02
5.859375000000000000e-02
2.929687500000000000e-02
-1.953125000000000000e-02
-2.441406250000000000e-02
-4.882812500000000000e-03
5.371093750000000000e-02
3.417968750000000000e-02
2.441406250000000000e-02
1.953125000000000000e-02
4.394531250000000000e-02
5.371093750000000000e-02
1.953125000000000000e-02
-1.953125000000000000e-02
-9.765625000000000000e-03
-4.882812500000000000e-03
-9.765625000000000000e-03
9.765625000000000000e-03
1.464843750000000000e-02
2.441406250000000000e-02
-4.882812500000000000e-03
4.882812500000000000e-03
5.615234375000000000e-02
7.568359375000000000e-02
3.662109375000000000e-02
-9.765625000000000000e-03
-1.464843750000000000e-02
4.150390625000000000e-02
2.441406250000000000e-02
0.000000000000000000e+00
0.000000000000000000e+00
9.765625000000000000e-03
1.953125000000000000e-02
2.441406250000000000e-02
1.953125000000000000e-02
1.953125000000000000e-02
3.906250000000000000e-02
5.371093750000000000e-02
4.882812500000000000e-03
-2.929687500000000000e-02
-1.953125000000000000e-02
9.765625000000000000e-03
3.417968750000000000e-02
6.591796875000000000e-02
1.953125000000000000e-02
-9.765625000000000000e-03
0.000000000000000000e+00
1.464843750000000000e-02
3.906250000000000000e-02
2.929687500000000000e-02
3.417968750000000000e-02
2.441406250000000000e-02
1.953125000000000000e-02
-1.464843750000000000e-02
9.765625000000000000e-03
2.929687500000000000e-02
1.464843750000000000e-02
-2.441406250000000000e-02
-4.394531250000000000e-02
1.953125000000000000e-02
3.417968750000000000e-02
5.126953125000000000e-02
3.149414062500000000e-01
7.250976562500000000e-01
9.252929687500000000e-01
9.350585937500000000e-01
8.862304687500000000e-01
8.178710937500000000e-01
7.788085937500000000e-01
7.153320312500000000e-01
6.616210937500000000e-01
6.225585937500000000e-01
5.737304687500000000e-01
5.297851562500000000e-01
4.858398437500000000e-01
4.614257812500000000e-01
4.223632812500000000e-01
3.930664062500000000e-01
3.491210937500000000e-01
3.247070312500000000e-01
2.954101562500000000e-01
2.758789062500000000e-01
2.465820312500000000e-01
2.319335937500000000e-01
2.026367187500000000e-01
1.831054687500000000e-01
1.586914062500000000e-01
1.391601562500000000e-01
1.245117187500000000e-01
1.196289062500000000e-01
9.033203125000000000e-02
8.056640625000000000e-02
6.591796875000000000e-02
5.859375000000000000e-02
3.417968750000000000e-02
2.441406250000000000e-02
1.953125000000000000e-02
1.464843750000000000e-02
0.000000000000000000e+00
-1.953125000000000000e-02
-2.441406250000000000e-02
-2.929687500000000000e-02
-4.394531250000000000e-02
-5.859375000000000000e-02
-5.859375000000000000e-02
-6.347656250000000000e-02
-7.812500000000000000e-02
-7.812500000000000000e-02
-8.789062500000000000e-02
-8.789062500000000000e-02
-9.765625000000000000e-02
-1.025390625000000000e-01
-1.025390625000000000e-01
-1.123046875000000000e-01
-1.123046875000000000e-01
-1.171875000000000000e-01
-1.123046875000000000e-01
-1.220703125000000000e-01
-1.318359375000000000e-01
-1.220703125000000000e-01
-1.318359375000000000e-01
