1.464843750000000000e-01
1.391601562500000000e-01
1.538085937500000000e-01
1.440429687500000000e-01
1.440429687500000000e-01
1.440429687500000000e-01
1.538085937500000000e-01
1.464843750000000000e-01
1.489257812500000000e-01
1.489257812500000000e-01
1.464843750000000000e-01
1.440429687500000000e-01
1.464843750000000000e-01
1.513671875000000000e-01
1.440429687500000000e-01
1.489257812500000000e-01
1.440429687500000000e-01
1.464843750000000000e-01
1.416015625000000000e-01
1.416015625000000000e-01
1.464843750000000000e-01
1.440429687500000000e-01
1.464843750000000000e-01
1.489257812500000000e-01
1.416015625000000000e-01
1.489257812500000000e-01
1.440429687500000000e-01
1.464843750000000000e-01
1.513671875000000000e-01
1.489257812500000000e-01
1.489257812500000000e-01
1.464843750000000000e-01
1.489257812500000000e-01
1.513671875000000000e-01
1.440429687500000000e-01
1.489257812500000000e-01
1.513671875000000000e-01
1.464843750000000000e-01
1.489257812500000000e-01
1.464843750000000000e-01
1.538085937500000000e-01
1.416015625000000000e-01
1.464843750000000000e-01
1.464843750000000000e-01
1.538085937500000000e-01
1.440429687500000000e-01
1.440429687500000000e-01
1.464843750000000000e-01
1.489257812500000000e-01
1.489257812500000000e-01
1.416015625000000000e-01
1.464843750000000000e-01
1.464843750000000000e-01
1.440429687500000000e-01
1.489257812500000000e-01
1.416015625000000000e-01
1.489257812500000000e-01
1.440429687500000000e-01
1.391601562500000000e-01
1.391601562500000000e-01
1.513671875000000000e-01
1.391601562500000000e-01
1.440429687500000000e-01
1.391601562500000000e-01
1.464843750000000000e-01
1.464843750000000000e-01
1.489257812500000000e-01
1.464843750000000000e-01
1.489257812500000000e-01
1.562500000000000000e-01
1.416015625000000000e-01
1.489257812500000000e-01
1.391601562500000000e-01
1.513671875000000000e-01
1.513671875000000000e-01
1.440429687500000000e-01
1.489257812500000000e-01
1.464843750000000000e-01
1.391601562500000000e-01
1.464843750000000000e-01
1.416015625000000000e-01
1.489257812500000000e-01
1.464843750000000000e-01
1.464843750000000000e-01
1.489257812500000000e-01
1.513671875000000000e-01
1.513671875000000000e-01
1.489257812500000000e-01
1.416015625000000000e-01
1.489257812500000000e-01
1.489257812500000000e-01
1.416015625000000000e-01
1.538085937500000000e-01
1.464843750000000000e-01
1.440429687500000000e-01
1.416015625000000000e-01
1.440429687500000000e-01
1.440429687500000000e-01
1.464843750000000000e-01
1.513671875000000000e-01
1.513671875000000000e-01
1.440429687500000000e-01
1.391601562500000000e-01
1.464843750000000000e-01
1.440429687500000000e-01
1.440429687500000000e-01
1.538085937500000000e-01
1.440429687500000000e-01
1.489257812500000000e-01
1.464843750000000000e-01
1.464843750000000000e-01
1.440429687500000000e-01
1.464843750000000000e-01
1.440429687500000000e-01
1.489257812500000000e-01
1.489257812500000000e-01
1.513671875000000000e-01
1.440429687500000000e-01
1.489257812500000000e-01
1.416015625000000000e-01
1.489257812500000000e-01
1.440429687500000000e-01
1.538085937500000000e-01
1.489257812500000000e-01
1.513671875000000000e-01
1.440429687500000000e-01
1.489257812500000000e-01
1.440429687500000000e-01
1.464843750000000000e-01
1.538085937500000000e-01
1.489257812500000000e-01
1.489257812500000000e-01
1.464843750000000000e-01
1.489257812500000000e-01
1.440429687500000000e-01
1.440429687500000000e-01
1.464843750000000000e-01
1.513671875000000000e-01
1.464843750000000000e-01
1.464843750000000000e-01
1.464843750000000000e-01
1.538085937500000000e-01
1.464843750000000000e-01
1.513671875000000000e-01
1.416015625000000000e-01
1.440429687500000000e-01
1.440429687500000000e-01
1.416015625000000000e-01
1.464843750000000000e-01
1.464843750000000000e-01
1.440429687500000000e-01
1.489257812500000000e-01
1.464843750000000000e-01
1.464843750000000000e-01
1.391601562500000000e-01
1.391601562500000000e-01
1.367187500000000000e-01
1.391601562500000000e-01
1.440429687500000000e-01
1.513671875000000000e-01
1.489257812500000000e-01
1.464843750000000000e-01
1.513671875000000000e-01
1.489257812500000000e-01
1.367187500000000000e-01
1.440429687500000000e-01
1.440429687500000000e-01
1.440429687500000000e-01
1.367187500000000000e-01
1.440429687500000000e-01
1.367187500000000000e-01
1.440429687500000000e-01
1.391601562500000000e-01
1.440429687500000000e-01
1.416015625000000000e-01
1.391601562500000000e-01
1.440429687500000000e-01
1.464843750000000000e-01
1.391601562500000000e-01
1.391601562500000000e-01
1.440429687500000000e-01
1.464843750000000000e-01
1.391601562500000000e-01
1.367187500000000000e-01
1.416015625000000000e-01
1.391601562500000000e-01
1.416015625000000000e-01
1.391601562500000000e-01
1.416015625000000000e-01
1.416015625000000000e-01
1.391601562500000000e-01
1.440429687500000000e-01
1.440429687500000000e-01
1.440429687500000000e-01
1.440429687500000000e-01
1.440429687500000000e-01
1.440429687500000000e-01
1.416015625000000000e-01
1.416015625000000000e-01
1.416015625000000000e-01
1.440429687500000000e-01
1.464843750000000000e-01
1.440429687500000000e-01
1.440429687500000000e-01
1.367187500000000000e-01
1.391601562500000000e-01
1.391601562500000000e-01
1.367187500000000000e-01
1.440429687500000000e-01
1.416015625000000000e-01
1.391601562500000000e-01
1.391601562500000000e-01
1.367187500000000000e-01
1.391601562500000000e-01
1.367187500000000000e-01
1.367187500000000000e-01
1.367187500000000000e-01
1.416015625000000000e-01
1.391601562500000000e-01
1.489257812500000000e-01
1.464843750000000000e-01
1.416015625000000000e-01
1.342773437500000000e-01
1.464843750000000000e-01
1.416015625000000000e-01
1.489257812500000000e-01
1.416015625000000000e-01
1.391601562500000000e-01
1.440429687500000000e-01
1.391601562500000000e-01
1.440429687500000000e-01
1.440429687500000000e-01
1.342773437500000000e-01
1.464843750000000000e-01
1.391601562500000000e-01
1.416015625000000000e-01
1.367187500000000000e-01
1.416015625000000000e-01
1.391601562500000000e-01
1.489257812500000000e-01
1.367187500000000000e-01
1.416015625000000000e-01
1.318359375000000000e-01
1.440429687500000000e-01
1.391601562500000000e-01
1.440429687500000000e-01
1.391601562500000000e-01
1.391601562500000000e-01
1.342773437500000000e-01
1.440429687500000000e-01
1.391601562500000000e-01
1.489257812500000000e-01
1.391601562500000000e-01
1.391601562500000000e-01
1.391601562500000000e-01
1.489257812500000000e-01
1.440429687500000000e-01
1.416015625000000000e-01
1.391601562500000000e-01
1.391601562500000000e-01
1.416015625000000000e-01
1.440429687500000000e-01
1.464843750000000000e-01
1.416015625000000000e-01
1.416015625000000000e-01
1.513671875000000000e-01
1.416015625000000000e-01
1.416015625000000000e-01
1.391601562500000000e-01
1.416015625000000000e-01
1.489257812500000000e-01
1.464843750000000000e-01
1.391601562500000000e-01
1.416015625000000000e-01
1.391601562500000000e-01
1.416015625000000000e-01
1.416015625000000000e-01
1.464843750000000000e-01
1.489257812500000000e-01
1.464843750000000000e-01
1.440429687500000000e-01
1.391601562500000000e-01
1.416015625000000000e-01
1.489257812500000000e-01
1.416015625000000000e-01
1.464843750000000000e-01
1.489257812500000000e-01
1.391601562500000000e-01
1.464843750000000000e-01
1.416015625000000000e-01
1.391601562500000000e-01
1.440429687500000000e-01
1.416015625000000000e-01
1.440429687500000000e-01
1.489257812500000000e-01
1.464843750000000000e-01
1.416015625000000000e-01
1.464843750000000000e-01
1.440429687500000000e-01
1.489257812500000000e-01
1.489257812500000000e-01
1.464843750000000000e-01
1.416015625000000000e-01
1.416015625000000000e-01
1.440429687500000000e-01
1.416015625000000000e-01
1.464843750000000000e-01
1.440429687500000000e-01
1.489257812500000000e-01
1.464843750000000000e-01
1.367187500000000000e-01
1.489257812500000000e-01
1.440429687500000000e-01
1.269531250000000000e-01
1.196289062500000000e-01
1.220703125000000000e-01
1.391601562500000000e-01
1.367187500000000000e-01
1.196289062500000000e-01
8.789062500000000000e-02
9.521484375000000000e-02
1.489257812500000000e-01
2.368164062500000000e-01
3.735351562500000000e-01
6.079101562500000000e-01
5.297851562500000000e-01
-7.080078125000000000e-02
-4.809570312500000000e-01
-1.391601562500000000e-01
5.371093750000000000e-01
5.957031250000000000e-01
2.050781250000000000e-01
-4.370117187500000000e-01
3.027343750000000000e-01
5.981445312500000000e-01
3.588867187500000000e-01
4.077148437500000000e-01
3.149414062500000000e-01
-2.661132812500000000e-01
-3.759765625000000000e-01
-1.708984375000000000e-01
-1.293945312500000000e-01
1.489257812500000000e-01
5.444335937500000000e-01
4.150390625000000000e-01
-1.953125000000000000e-01
-2.587890625000000000e-01
2.124023437500000000e-01
3.100585937500000000e-01
5.859375000000000000e-02
7.324218750000000000e-03
1.025390625000000000e-01
1.416015625000000000e-01
1.416015625000000000e-01
1.416015625000000000e-01
9.521484375000000000e-02
1.953125000000000000e-02
-1.708984375000000000e-02
3.417968750000000000e-02
1.562500000000000000e-01
2.636718750000000000e-01
2.709960937500000000e-01
1.928710937500000000e-01
5.126953125000000000e-02
3.417968750000000000e-02
1.391601562500000000e-01
2.246093750000000000e-01
1.855468750000000000e-01
1.293945312500000000e-01
1.416015625000000000e-01
1.562500000000000000e-01
1.220703125000000000e-01
9.765625000000000000e-02
1.123046875000000000e-01
1.586914062500000000e-01
1.977539062500000000e-01
2.001953125000000000e-01
1.733398437500000000e-01
1.562500000000000000e-01
1.855468750000000000e-01
2.001953125000000000e-01
1.806640625000000000e-01
1.635742187500000000e-01
1.440429687500000000e-01
1.318359375000000000e-01
1.440429687500000000e-01
1.635742187500000000e-01
1.586914062500000000e-01
1.318359375000000000e-01
1.293945312500000000e-01
1.464843750000000000e-01
1.757812500000000000e-01
1.782226562500000000e-01
1.611328125000000000e-01
1.342773437500000000e-01
1.245117187500000000e-01
1.367187500000000000e-01
1.513671875000000000e-01
1.538085937500000000e-01
1.416015625000000000e-01
1.562500000000000000e-01
1.635742187500000000e-01
1.684570312500000000e-01
1.611328125000000000e-01
1.440429687500000000e-01
1.367187500000000000e-01
1.440429687500000000e-01
1.489257812500000000e-01
1.586914062500000000e-01
1.562500000000000000e-01
1.538085937500000000e-01
1.562500000000000000e-01
1.586914062500000000e-01
1.611328125000000000e-01
1.611328125000000000e-01
1.562500000000000000e-01
1.635742187500000000e-01
1.586914062500000000e-01
1.513671875000000000e-01
1.489257812500000000e-01
1.367187500000000000e-01
1.196289062500000000e-01
1.293945312500000000e-01
1.367187500000000000e-01
1.635742187500000000e-01
1.684570312500000000e-01
1.684570312500000000e-01
1.586914062500000000e-01
1.586914062500000000e-01
1.538085937500000000e-01
1.489257812500000000e-01
1.586914062500000000e-01
1.538085937500000000e-01
1.562500000000000000e-01
1.562500000000000000e-01
1.635742187500000000e-01
1.513671875000000000e-01
1.440429687500000000e-01
1.464843750000000000e-01
1.489257812500000000e-01
1.464843750000000000e-01
1.367187500000000000e-01
1.416015625000000000e-01
1.367187500000000000e-01
1.416015625000000000e-01
1.513671875000000000e-01
1.464843750000000000e-01
1.513671875000000000e-01
1.440429687500000000e-01
1.513671875000000000e-01
1.562500000000000000e-01
1.464843750000000000e-01
1.611328125000000000e-01
1.513671875000000000e-01
1.562500000000000000e-01
1.489257812500000000e-01
1.464843750000000000e-01
1.416015625000000000e-01
1.440429687500000000e-01
1.416015625000000000e-01
1.440429687500000000e-01
1.416015625000000000e-01
1.464843750000000000e-01
1.489257812500000000e-01
1.513671875000000000e-01
1.562500000000000000e-01
1.489257812500000000e-01
1.464843750000000000e-01
1.513671875000000000e-01
1.562500000000000000e-01
1.440429687500000000e-01
1.440429687500000000e-01
1.416015625000000000e-01
1.391601562500000000e-01
1.440429687500000000e-01
1.464843750000000000e-01
1.440429687500000000e-01
1.489257812500000000e-01
1.464843750000000000e-01
1.464843750000000000e-01
1.489257812500000000e-01
1.489257812500000000e-01
1.440429687500000000e-01
1.440429687500000000e-01
1.513671875000000000e-01
1.391601562500000000e-01
1.464843750000000000e-01
1.464843750000000000e-01
1.440429687500000000e-01
1.464843750000000000e-01
1.391601562500000000e-01
1.391601562500000000e-01
1.416015625000000000e-01
1.367187500000000000e-01
1.391601562500000000e-01
1.391601562500000000e-01
1.440429687500000000e-01
1.440429687500000000e-01
1.440429687500000000e-01
1.513671875000000000e-01
1.416015625000000000e-01
1.391601562500000000e-01
1.440429687500000000e-01
1.464843750000000000e-01
1.464843750000000000e-01
1.489257812500000000e-01
1.440429687500000000e-01
1.416015625000000000e-01
1.489257812500000000e-01
1.391601562500000000e-01
1.440429687500000000e-01
1.416015625000000000e-01
1.464843750000000000e-01
1.489257812500000000e-01
1.440429687500000000e-01
1.489257812500000000e-01
1.440429687500000000e-01
1.464843750000000000e-01
1.440429687500000000e-01
1.391601562500000000e-01
1.391601562500000000e-01
1.489257812500000000e-01
1.440429687500000000e-01
1.440429687500000000e-01
1.513671875000000000e-01
1.489257812500000000e-01
1.440429687500000000e-01
1.489257812500000000e-01
1.489257812500000000e-01
1.416015625000000000e-01
1.464843750000000000e-01
1.464843750000000000e-01
1.391601562500000000e-01
1.440429687500000000e-01
1.464843750000000000e-01
1.318359375000000000e-01
1.367187500000000000e-01
1.416015625000000000e-01
1.440429687500000000e-01
1.367187500000000000e-01
1.464843750000000000e-01
1.440429687500000000e-01
1.416015625000000000e-01
1.416015625000000000e-01
1.464843750000000000e-01
1.440429687500000000e-01
1.416015625000000000e-01
1.416015625000000000e-01
1.391601562500000000e-01
1.391601562500000000e-01
1.416015625000000000e-01
1.440429687500000000e-01
1.318359375000000000e-01
1.391601562500000000e-01
1.416015625000000000e-01
1.464843750000000000e-01
1.440429687500000000e-01
1.440429687500000000e-01
1.416015625000000000e-01
1.342773437500000000e-01
1.464843750000000000e-01
1.464843750000000000e-01
1.391601562500000000e-01
1.416015625000000000e-01
1.416015625000000000e-01
1.391601562500000000e-01
1.367187500000000000e-01
1.367187500000000000e-01
1.367187500000000000e-01
1.464843750000000000e-01
1.440429687500000000e-01
1.391601562500000000e-01
1.391601562500000000e-01
1.367187500000000000e-01
1.416015625000000000e-01
1.440429687500000000e-01
1.489257812500000000e-01
1.391601562500000000e-01
1.440429687500000000e-01
1.440429687500000000e-01
1.489257812500000000e-01
1.440429687500000000e-01
1.440429687500000000e-01
1.416015625000000000e-01
1.391601562500000000e-01
1.464843750000000000e-01
1.440429687500000000e-01
1.440429687500000000e-01
1.464843750000000000e-01
1.464843750000000000e-01
1.489257812500000000e-01
1.391601562500000000e-01
1.416015625000000000e-01
1.464843750000000000e-01
1.464843750000000000e-01
1.489257812500000000e-01
1.489257812500000000e-01
1.391601562500000000e-01
1.464843750000000000e-01
1.440429687500000000e-01
1.513671875000000000e-01
1.513671875000000000e-01
1.416015625000000000e-01
1.489257812500000000e-01
1.464843750000000000e-01
1.440429687500000000e-01
1.489257812500000000e-01
1.513671875000000000e-01
1.489257812500000000e-01
1.464843750000000000e-01
1.440429687500000000e-01
1.538085937500000000e-01
1.489257812500000000e-01
1.489257812500000000e-01
1.538085937500000000e-01
1.538085937500000000e-01
1.440429687500000000e-01
1.513671875000000000e-01
1.440429687500000000e-01
1.464843750000000000e-01
1.513671875000000000e-01
1.562500000000000000e-01
1.440429687500000000e-01
1.489257812500000000e-01
1.489257812500000000e-01
1.464843750000000000e-01
1.416015625000000000e-01
1.464843750000000000e-01
1.489257812500000000e-01
1.440429687500000000e-01
1.489257812500000000e-01
1.464843750000000000e-01
1.440429687500000000e-01
1.416015625000000000e-01
1.440429687500000000e-01
1.513671875000000000e-01
1.391601562500000000e-01
1.464843750000000000e-01
1.464843750000000000e-01
1.489257812500000000e-01
1.489257812500000000e-01
1.538085937500000000e-01
1.538085937500000000e-01
1.464843750000000000e-01
1.489257812500000000e-01
1.489257812500000000e-01
1.440429687500000000e-01
1.440429687500000000e-01
1.416015625000000000e-01
1.489257812500000000e-01
1.464843750000000000e-01
1.416015625000000000e-01
1.464843750000000000e-01
1.416015625000000000e-01
1.440429687500000000e-01
1.489257812500000000e-01
1.538085937500000000e-01
1.416015625000000000e-01
1.489257812500000000e-01
1.489257812500000000e-01
1.464843750000000000e-01
1.464843750000000000e-01
1.464843750000000000e-01
1.538085937500000000e-01
1.464843750000000000e-01
1.513671875000000000e-01
1.513671875000000000e-01
1.489257812500000000e-01
1.538085937500000000e-01
1.489257812500000000e-01
1.464843750000000000e-01
1.562500000000000000e-01
1.489257812500000000e-01
1.489257812500000000e-01
1.464843750000000000e-01
1.464843750000000000e-01
1.489257812500000000e-01
1.562500000000000000e-01
1.489257812500000000e-01
1.416015625000000000e-01
1.416015625000000000e-01
1.440429687500000000e-01
1.464843750000000000e-01
1.489257812500000000e-01
1.416015625000000000e-01
1.489257812500000000e-01
1.440429687500000000e-01
1.464843750000000000e-01
1.464843750000000000e-01
1.562500000000000000e-01
1.489257812500000000e-01
1.416015625000000000e-01
1.464843750000000000e-01
1.538085937500000000e-01
1.440429687500000000e-01
1.538085937500000000e-01
1.513671875000000000e-01
1.538085937500000000e-01
1.440429687500000000e-01
1.562500000000000000e-01
1.489257812500000000e-01
1.464843750000000000e-01
1.464843750000000000e-01
1.416015625000000000e-01
1.513671875000000000e-01
1.464843750000000000e-01
1.416015625000000000e-01
1.440429687500000000e-01
1.416015625000000000e-01
1.391601562500000000e-01
1.489257812500000000e-01
1.416015625000000000e-01
1.318359375000000000e-01
1.464843750000000000e-01
1.513671875000000000e-01
1.416015625000000000e-01
1.464843750000000000e-01
1.440429687500000000e-01
1.464843750000000000e-01
1.464843750000000000e-01
1.513671875000000000e-01
1.416015625000000000e-01
1.391601562500000000e-01
1.416015625000000000e-01
1.489257812500000000e-01
1.489257812500000000e-01
1.391601562500000000e-01
1.391601562500000000e-01
1.342773437500000000e-01
1.391601562500000000e-01
1.391601562500000000e-01
1.416015625000000000e-01
1.440429687500000000e-01
1.440429687500000000e-01
1.489257812500000000e-01
1.489257812500000000e-01
1.464843750000000000e-01
1.416015625000000000e-01
1.416015625000000000e-01
1.391601562500000000e-01
1.440429687500000000e-01
1.440429687500000000e-01
1.464843750000000000e-01
1.489257812500000000e-01
1.391601562500000000e-01
1.489257812500000000e-01
1.489257812500000000e-01
1.416015625000000000e-01
1.464843750000000000e-01
1.416015625000000000e-01
1.391601562500000000e-01
1.391601562500000000e-01
1.440429687500000000e-01
1.489257812500000000e-01
1.489257812500000000e-01
1.440429687500000000e-01
1.464843750000000000e-01
1.440429687500000000e-01
1.416015625000000000e-01
1.464843750000000000e-01
1.391601562500000000e-01
1.489257812500000000e-01
1.489257812500000000e-01
1.416015625000000000e-01
1.440429687500000000e-01
1.513671875000000000e-01
1.440429687500000000e-01
1.513671875000000000e-01
1.416015625000000000e-01
1.416015625000000000e-01
1.391601562500000000e-01
1.513671875000000000e-01
1.416015625000000000e-01
1.440429687500000000e-01
1.391601562500000000e-01
1.416015625000000000e-01
1.440429687500000000e-01
1.416015625000000000e-01
1.391601562500000000e-01
1.440429687500000000e-01
1.489257812500000000e-01
1.440429687500000000e-01
1.391601562500000000e-01
1.416015625000000000e-01
1.391601562500000000e-01
1.440429687500000000e-01
1.391601562500000000e-01
1.440429687500000000e-01
1.367187500000000000e-01
1.367187500000000000e-01
1.391601562500000000e-01
1.416015625000000000e-01
1.367187500000000000e-01
1.391601562500000000e-01
1.538085937500000000e-01
1.440429687500000000e-01
1.416015625000000000e-01
1.342773437500000000e-01
1.367187500000000000e-01
1.440429687500000000e-01
1.416015625000000000e-01
1.416015625000000000e-01
1.513671875000000000e-01
1.513671875000000000e-01
1.318359375000000000e-01
1.367187500000000000e-01
1.416015625000000000e-01
1.416015625000000000e-01
1.342773437500000000e-01
1.391601562500000000e-01
1.489257812500000000e-01
1.367187500000000000e-01
1.367187500000000000e-01
1.440429687500000000e-01
1.489257812500000000e-01
1.416015625000000000e-01
1.464843750000000000e-01
1.513671875000000000e-01
1.416015625000000000e-01
1.367187500000000000e-01
1.562500000000000000e-01
1.489257812500000000e-01
1.489257812500000000e-01
1.416015625000000000e-01
1.489257812500000000e-01
1.464843750000000000e-01
1.464843750000000000e-01
1.464843750000000000e-01
1.489257812500000000e-01
1.391601562500000000e-01
1.513671875000000000e-01
1.513671875000000000e-01
1.464843750000000000e-01
1.489257812500000000e-01
1.464843750000000000e-01
1.391601562500000000e-01
1.464843750000000000e-01
1.489257812500000000e-01
1.464843750000000000e-01
1.440429687500000000e-01
1.367187500000000000e-01
1.464843750000000000e-01
1.489257812500000000e-01
1.416015625000000000e-01
1.391601562500000000e-01
1.367187500000000000e-01
1.489257812500000000e-01
1.464843750000000000e-01
1.513671875000000000e-01
1.513671875000000000e-01
1.464843750000000000e-01
1.464843750000000000e-01
1.586914062500000000e-01
1.440429687500000000e-01
1.513671875000000000e-01
1.416015625000000000e-01
1.440429687500000000e-01
1.538085937500000000e-01
1.367187500000000000e-01
1.391601562500000000e-01
1.538085937500000000e-01
1.489257812500000000e-01
1.416015625000000000e-01
1.489257812500000000e-01
1.464843750000000000e-01
1.513671875000000000e-01
1.391601562500000000e-01
1.440429687500000000e-01
1.464843750000000000e-01
1.538085937500000000e-01
1.464843750000000000e-01
1.489257812500000000e-01
1.489257812500000000e-01
1.513671875000000000e-01
1.562500000000000000e-01
1.513671875000000000e-01
1.416015625000000000e-01
1.416015625000000000e-01
1.513671875000000000e-01
1.391601562500000000e-01
1.489257812500000000e-01
1.440429687500000000e-01
1.538085937500000000e-01
1.464843750000000000e-01
1.391601562500000000e-01
1.489257812500000000e-01
1.464843750000000000e-01
1.367187500000000000e-01
1.562500000000000000e-01
1.464843750000000000e-01
1.489257812500000000e-01
1.440429687500000000e-01
1.513671875000000000e-01
1.464843750000000000e-01
1.513671875000000000e-01
1.440429687500000000e-01
1.367187500000000000e-01
1.513671875000000000e-01
1.562500000000000000e-01
1.416015625000000000e-01
1.489257812500000000e-01
1.416015625000000000e-01
1.440429687500000000e-01
1.513671875000000000e-01
1.318359375000000000e-01
1.464843750000000000e-01
1.464843750000000000e-01
1.464843750000000000e-01
1.513671875000000000e-01
1.538085937500000000e-01
1.538085937500000000e-01
1.464843750000000000e-01
1.440429687500000000e-01
1.464843750000000000e-01
1.367187500000000000e-01
1.562500000000000000e-01
1.464843750000000000e-01
1.464843750000000000e-01
1.489257812500000000e-01
1.489257812500000000e-01
1.342773437500000000e-01
1.416015625000000000e-01
1.391601562500000000e-01
1.440429687500000000e-01
1.513671875000000000e-01
1.293945312500000000e-01
1.611328125000000000e-01
1.367187500000000000e-01
1.391601562500000000e-01
1.489257812500000000e-01
1.538085937500000000e-01
1.464843750000000000e-01
1.416015625000000000e-01
1.440429687500000000e-01
1.440429687500000000e-01
1.293945312500000000e-01
1.367187500000000000e-01
1.562500000000000000e-01
1.513671875000000000e-01
1.391601562500000000e-01
1.489257812500000000e-01
1.464843750000000000e-01
1.538085937500000000e-01
1.513671875000000000e-01
1.464843750000000000e-01
1.489257812500000000e-01
1.562500000000000000e-01
1.464843750000000000e-01
1.416015625000000000e-01
1.440429687500000000e-01
1.440429687500000000e-01
1.391601562500000000e-01
1.440429687500000000e-01
1.489257812500000000e-01
1.416015625000000000e-01
1.562500000000000000e-01
1.562500000000000000e-01
1.489257812500000000e-01
1.342773437500000000e-01
1.416015625000000000e-01
1.489257812500000000e-01
1.416015625000000000e-01
1.538085937500000000e-01
1.464843750000000000e-01
1.367187500000000000e-01
1.489257812500000000e-01
1.513671875000000000e-01
1.367187500000000000e-01
1.562500000000000000e-01
1.513671875000000000e-01
1.464843750000000000e-01
1.513671875000000000e-01
1.464843750000000000e-01
1.586914062500000000e-01
1.635742187500000000e-01
1.293945312500000000e-01
1.464843750000000000e-01
1.513671875000000000e-01
1.513671875000000000e-01
1.464843750000000000e-01
1.513671875000000000e-01
1.464843750000000000e-01
1.489257812500000000e-01
1.416015625000000000e-01
1.464843750000000000e-01
1.538085937500000000e-01
1.538085937500000000e-01
1.416015625000000000e-01
1.440429687500000000e-01
1.440429687500000000e-01
1.489257812500000000e-01
1.318359375000000000e-01
1.367187500000000000e-01
1.391601562500000000e-01
1.391601562500000000e-01
1.489257812500000000e-01
1.489257812500000000e-01
1.586914062500000000e-01
1.562500000000000000e-01
1.562500000000000000e-01
1.342773437500000000e-01
1.391601562500000000e-01
1.391601562500000000e-01
1.342773437500000000e-01
1.489257812500000000e-01
1.464843750000000000e-01
1.416015625000000000e-01
1.391601562500000000e-01
1.464843750000000000e-01
1.416015625000000000e-01
1.440429687500000000e-01
1.391601562500000000e-01
1.269531250000000000e-01
1.513671875000000000e-01
1.513671875000000000e-01
1.391601562500000000e-01
1.318359375000000000e-01
1.416015625000000000e-01
1.489257812500000000e-01
1.489257812500000000e-01
1.367187500000000000e-01
1.367187500000000000e-01
1.367187500000000000e-01
1.440429687500000000e-01
1.416015625000000000e-01
1.464843750000000000e-01
1.293945312500000000e-01
1.318359375000000000e-01
1.318359375000000000e-01
1.391601562500000000e-01
1.367187500000000000e-01
1.318359375000000000e-01
1.196289062500000000e-01
1.416015625000000000e-01
1.391601562500000000e-01
1.464843750000000000e-01
1.562500000000000000e-01
1.513671875000000000e-01
1.416015625000000000e-01
1.318359375000000000e-01
1.367187500000000000e-01
1.416015625000000000e-01
1.367187500000000000e-01
1.391601562500000000e-01
1.440429687500000000e-01
1.464843750000000000e-01
1.464843750000000000e-01
1.513671875000000000e-01
1.440429687500000000e-01
1.440429687500000000e-01
1.342773437500000000e-01
1.342773437500000000e-01
1.440429687500000000e-01
1.611328125000000000e-01
1.440429687500000000e-01
1.318359375000000000e-01
1.489257812500000000e-01
1.586914062500000000e-01
1.464843750000000000e-01
1.562500000000000000e-01
1.342773437500000000e-01
1.416015625000000000e-01
1.416015625000000000e-01
1.440429687500000000e-01
1.538085937500000000e-01
1.464843750000000000e-01
1.489257812500000000e-01
1.440429687500000000e-01
1.391601562500000000e-01
1.318359375000000000e-01
1.269531250000000000e-01
1.367187500000000000e-01
1.318359375000000000e-01
1.464843750000000000e-01
1.538085937500000000e-01
1.562500000000000000e-01
1.538085937500000000e-01
1.513671875000000000e-01
1.489257812500000000e-01
1.440429687500000000e-01
1.269531250000000000e-01
1.293945312500000000e-01
1.342773437500000000e-01
1.489257812500000000e-01
1.391601562500000000e-01
1.416015625000000000e-01
1.367187500000000000e-01
1.391601562500000000e-01
1.367187500000000000e-01
1.342773437500000000e-01
1.293945312500000000e-01
1.489257812500000000e-01
1.513671875000000000e-01
1.538085937500000000e-01
1.538085937500000000e-01
1.440429687500000000e-01
1.318359375000000000e-01
1.269531250000000000e-01
1.416015625000000000e-01
1.464843750000000000e-01
1.464843750000000000e-01
1.464843750000000000e-01
1.586914062500000000e-01
1.562500000000000000e-01
1.611328125000000000e-01
1.416015625000000000e-01
1.391601562500000000e-01
1.269531250000000000e-01
1.293945312500000000e-01
1.293945312500000000e-01
1.391601562500000000e-01
1.440429687500000000e-01
1.440429687500000000e-01
1.513671875000000000e-01
1.440429687500000000e-01
1.342773437500000000e-01
1.391601562500000000e-01
1.464843750000000000e-01
1.464843750000000000e-01
1.416015625000000000e-01
1.464843750000000000e-01
1.489257812500000000e-01
1.464843750000000000e-01
1.489257812500000000e-01
1.562500000000000000e-01
1.538085937500000000e-01
1.513671875000000000e-01
1.538085937500000000e-01
1.611328125000000000e-01
1.538085937500000000e-01
1.489257812500000000e-01
1.342773437500000000e-01
1.391601562500000000e-01
1.416015625000000000e-01
1.538085937500000000e-01
1.513671875000000000e-01
1.318359375000000000e-01
1.391601562500000000e-01
1.489257812500000000e-01
1.635742187500000000e-01
1.562500000000000000e-01
1.586914062500000000e-01
1.562500000000000000e-01
1.513671875000000000e-01
1.513671875000000000e-01
1.440429687500000000e-01
1.440429687500000000e-01
1.416015625000000000e-01
1.489257812500000000e-01
1.489257812500000000e-01
1.464843750000000000e-01
1.562500000000000000e-01
1.538085937500000000e-01
1.440429687500000000e-01
1.440429687500000000e-01
1.416015625000000000e-01
1.635742187500000000e-01
1.538085937500000000e-01
1.635742187500000000e-01
1.660156250000000000e-01
1.538085937500000000e-01
1.538085937500000000e-01
1.538085937500000000e-01
1.416015625000000000e-01
1.464843750000000000e-01
1.513671875000000000e-01
1.513671875000000000e-01
1.440429687500000000e-01
1.416015625000000000e-01
1.391601562500000000e-01
1.245117187500000000e-01
1.367187500000000000e-01
1.489257812500000000e-01
1.538085937500000000e-01
1.416015625000000000e-01
1.196289062500000000e-01
1.464843750000000000e-01
1.489257812500000000e-01
1.538085937500000000e-01
1.538085937500000000e-01
1.611328125000000000e-01
1.660156250000000000e-01
1.464843750000000000e-01
1.416015625000000000e-01
1.464843750000000000e-01
1.513671875000000000e-01
1.464843750000000000e-01
1.513671875000000000e-01
1.538085937500000000e-01
1.489257812500000000e-01
1.489257812500000000e-01
1.464843750000000000e-01
1.611328125000000000e-01
1.416015625000000000e-01
1.586914062500000000e-01
1.538085937500000000e-01
1.513671875000000000e-01
1.538085937500000000e-01
1.538085937500000000e-01
1.562500000000000000e-01
1.513671875000000000e-01
1.489257812500000000e-01
1.342773437500000000e-01
1.391601562500000000e-01
1.538085937500000000e-01
1.562500000000000000e-01
1.538085937500000000e-01
1.489257812500000000e-01
1.293945312500000000e-01
1.367187500000000000e-01
1.416015625000000000e-01
1.489257812500000000e-01
1.513671875000000000e-01
1.342773437500000000e-01
1.269531250000000000e-01
1.513671875000000000e-01
1.586914062500000000e-01
1.562500000000000000e-01
1.562500000000000000e-01
1.611328125000000000e-01
1.586914062500000000e-01
1.464843750000000000e-01
1.489257812500000000e-01
1.562500000000000000e-01
1.513671875000000000e-01
1.562500000000000000e-01
1.513671875000000000e-01
1.513671875000000000e-01
1.538085937500000000e-01
1.513671875000000000e-01
1.611328125000000000e-01
1.562500000000000000e-01
1.513671875000000000e-01
1.489257812500000000e-01
1.513671875000000000e-01
1.538085937500000000e-01
1.489257812500000000e-01
1.440429687500000000e-01
1.513671875000000000e-01
1.513671875000000000e-01
1.489257812500000000e-01
1.464843750000000000e-01
1.391601562500000000e-01
1.342773437500000000e-01
1.489257812500000000e-01
1.513671875000000000e-01
1.489257812500000000e-01
1.513671875000000000e-01
1.367187500000000000e-01
1.416015625000000000e-01
1.464843750000000000e-01
1.269531250000000000e-01
1.220703125000000000e-01
1.367187500000000000e-01
1.391601562500000000e-01
1.464843750000000000e-01
1.562500000000000000e-01
1.586914062500000000e-01
1.611328125000000000e-01
1.464843750000000000e-01
1.489257812500000000e-01
1.416015625000000000e-01
1.538085937500000000e-01
1.538085937500000000e-01
1.489257812500000000e-01
1.635742187500000000e-01
1.586914062500000000e-01
1.538085937500000000e-01
1.538085937500000000e-01
1.489257812500000000e-01
1.513671875000000000e-01
1.416015625000000000e-01
1.489257812500000000e-01
1.464843750000000000e-01
1.440429687500000000e-01
1.464843750000000000e-01
1.464843750000000000e-01
1.489257812500000000e-01
1.586914062500000000e-01
1.489257812500000000e-01
1.464843750000000000e-01
1.489257812500000000e-01
1.513671875000000000e-01
1.391601562500000000e-01
1.416015625000000000e-01
1.586914062500000000e-01
1.464843750000000000e-01
1.440429687500000000e-01
1.416015625000000000e-01
1.245117187500000000e-01
1.245117187500000000e-01
1.269531250000000000e-01
1.416015625000000000e-01
1.538085937500000000e-01
1.464843750000000000e-01
1.513671875000000000e-01
1.611328125000000000e-01
1.538085937500000000e-01
1.464843750000000000e-01
1.513671875000000000e-01
1.660156250000000000e-01
1.562500000000000000e-01
1.513671875000000000e-01
1.708984375000000000e-01
1.586914062500000000e-01
1.562500000000000000e-01
1.464843750000000000e-01
1.538085937500000000e-01
1.611328125000000000e-01
1.440429687500000000e-01
1.440429687500000000e-01
1.416015625000000000e-01
1.416015625000000000e-01
1.391601562500000000e-01
1.342773437500000000e-01
1.367187500000000000e-01
1.464843750000000000e-01
1.660156250000000000e-01
1.586914062500000000e-01
1.489257812500000000e-01
1.464843750000000000e-01
1.464843750000000000e-01
1.391601562500000000e-01
1.489257812500000000e-01
1.489257812500000000e-01
1.391601562500000000e-01
1.464843750000000000e-01
1.391601562500000000e-01
1.196289062500000000e-01
1.220703125000000000e-01
1.367187500000000000e-01
1.318359375000000000e-01
1.367187500000000000e-01
1.391601562500000000e-01
1.562500000000000000e-01
1.538085937500000000e-01
1.367187500000000000e-01
1.489257812500000000e-01
1.562500000000000000e-01
1.538085937500000000e-01
1.416015625000000000e-01
1.513671875000000000e-01
1.367187500000000000e-01
1.367187500000000000e-01
1.538085937500000000e-01
1.391601562500000000e-01
1.416015625000000000e-01
1.391601562500000000e-01
1.489257812500000000e-01
1.489257812500000000e-01
1.513671875000000000e-01
1.416015625000000000e-01
1.416015625000000000e-01
1.318359375000000000e-01
1.416015625000000000e-01
1.538085937500000000e-01
1.489257812500000000e-01
1.416015625000000000e-01
1.391601562500000000e-01
1.293945312500000000e-01
1.367187500000000000e-01
1.489257812500000000e-01
1.464843750000000000e-01
1.513671875000000000e-01
1.440429687500000000e-01
1.513671875000000000e-01
1.245117187500000000e-01
1.269531250000000000e-01
1.245117187500000000e-01
1.293945312500000000e-01
1.367187500000000000e-01
1.464843750000000000e-01
1.489257812500000000e-01
1.513671875000000000e-01
1.586914062500000000e-01
1.513671875000000000e-01
1.464843750000000000e-01
1.489257812500000000e-01
1.513671875000000000e-01
1.513671875000000000e-01
1.440429687500000000e-01
1.391601562500000000e-01
1.562500000000000000e-01
1.538085937500000000e-01
1.489257812500000000e-01
1.538085937500000000e-01
1.489257812500000000e-01
1.416015625000000000e-01
1.464843750000000000e-01
1.440429687500000000e-01
1.391601562500000000e-01
1.318359375000000000e-01
1.318359375000000000e-01
1.416015625000000000e-01
1.513671875000000000e-01
1.293945312500000000e-01
1.440429687500000000e-01
1.293945312500000000e-01
1.318359375000000000e-01
1.586914062500000000e-01
1.489257812500000000e-01
1.391601562500000000e-01
1.318359375000000000e-01
1.538085937500000000e-01
1.489257812500000000e-01
1.367187500000000000e-01
1.318359375000000000e-01
1.245117187500000000e-01
1.269531250000000000e-01
1.391601562500000000e-01
1.440429687500000000e-01
1.416015625000000000e-01
1.342773437500000000e-01
1.464843750000000000e-01
1.489257812500000000e-01
1.489257812500000000e-01
1.464843750000000000e-01
1.391601562500000000e-01
1.391601562500000000e-01
1.391601562500000000e-01
1.513671875000000000e-01
1.635742187500000000e-01
1.513671875000000000e-01
1.342773437500000000e-01
1.367187500000000000e-01
1.342773437500000000e-01
1.391601562500000000e-01
1.464843750000000000e-01
1.440429687500000000e-01
1.489257812500000000e-01
1.391601562500000000e-01
1.245117187500000000e-01
1.293945312500000000e-01
1.538085937500000000e-01
1.611328125000000000e-01
1.586914062500000000e-01
1.416015625000000000e-01
1.367187500000000000e-01
1.635742187500000000e-01
1.391601562500000000e-01
1.342773437500000000e-01
1.416015625000000000e-01
1.586914062500000000e-01
1.538085937500000000e-01
1.391601562500000000e-01
1.440429687500000000e-01
1.513671875000000000e-01
1.562500000000000000e-01
1.538085937500000000e-01
1.489257812500000000e-01
1.367187500000000000e-01
1.269531250000000000e-01
1.367187500000000000e-01
1.562500000000000000e-01
1.464843750000000000e-01
1.416015625000000000e-01
1.367187500000000000e-01
1.416015625000000000e-01
1.538085937500000000e-01
1.586914062500000000e-01
1.513671875000000000e-01
1.342773437500000000e-01
1.464843750000000000e-01
1.586914062500000000e-01
1.611328125000000000e-01
1.538085937500000000e-01
1.489257812500000000e-01
1.489257812500000000e-01
1.367187500000000000e-01
1.318359375000000000e-01
1.367187500000000000e-01
1.586914062500000000e-01
1.489257812500000000e-01
1.416015625000000000e-01
1.440429687500000000e-01
1.440429687500000000e-01
1.440429687500000000e-01
1.440429687500000000e-01
1.367187500000000000e-01
1.245117187500000000e-01
1.416015625000000000e-01
1.513671875000000000e-01
1.538085937500000000e-01
1.611328125000000000e-01
1.611328125000000000e-01
1.586914062500000000e-01
1.562500000000000000e-01
1.562500000000000000e-01
1.367187500000000000e-01
1.342773437500000000e-01
1.440429687500000000e-01
1.538085937500000000e-01
1.562500000000000000e-01
1.464843750000000000e-01
1.416015625000000000e-01
1.611328125000000000e-01
1.611328125000000000e-01
1.586914062500000000e-01
1.391601562500000000e-01
1.318359375000000000e-01
1.538085937500000000e-01
1.538085937500000000e-01
1.391601562500000000e-01
1.464843750000000000e-01
1.538085937500000000e-01
1.586914062500000000e-01
1.513671875000000000e-01
1.416015625000000000e-01
1.416015625000000000e-01
1.538085937500000000e-01
1.562500000000000000e-01
1.391601562500000000e-01
1.367187500000000000e-01
1.611328125000000000e-01
1.538085937500000000e-01
1.416015625000000000e-01
1.342773437500000000e-01
1.367187500000000000e-01
1.367187500000000000e-01
1.489257812500000000e-01
1.538085937500000000e-01
1.562500000000000000e-01
1.318359375000000000e-01
1.464843750000000000e-01
1.464843750000000000e-01
1.391601562500000000e-01
1.586914062500000000e-01
1.416015625000000000e-01
1.538085937500000000e-01
1.440429687500000000e-01
1.367187500000000000e-01
1.562500000000000000e-01
1.611328125000000000e-01
1.464843750000000000e-01
1.586914062500000000e-01
1.464843750000000000e-01
1.513671875000000000e-01
1.416015625000000000e-01
1.562500000000000000e-01
1.611328125000000000e-01
1.367187500000000000e-01
1.538085937500000000e-01
1.513671875000000000e-01
1.391601562500000000e-01
1.489257812500000000e-01
1.318359375000000000e-01
1.440429687500000000e-01
1.513671875000000000e-01
1.489257812500000000e-01
1.293945312500000000e-01
1.464843750000000000e-01
1.586914062500000000e-01
1.464843750000000000e-01
1.342773437500000000e-01
1.318359375000000000e-01
1.513671875000000000e-01
1.538085937500000000e-01
1.269531250000000000e-01
1.293945312500000000e-01
1.391601562500000000e-01
1.342773437500000000e-01
1.391601562500000000e-01
1.635742187500000000e-01
1.538085937500000000e-01
1.489257812500000000e-01
1.513671875000000000e-01
1.513671875000000000e-01
1.513671875000000000e-01
1.586914062500000000e-01
1.586914062500000000e-01
1.464843750000000000e-01
1.464843750000000000e-01
1.391601562500000000e-01
1.391601562500000000e-01
1.513671875000000000e-01
1.513671875000000000e-01
1.416015625000000000e-01
1.367187500000000000e-01
1.416015625000000000e-01
1.367187500000000000e-01
1.391601562500000000e-01
1.367187500000000000e-01
1.562500000000000000e-01
1.367187500000000000e-01
1.464843750000000000e-01
1.611328125000000000e-01
1.416015625000000000e-01
1.391601562500000000e-01
1.416015625000000000e-01
1.416015625000000000e-01
1.245117187500000000e-01
1.440429687500000000e-01
1.513671875000000000e-01
1.586914062500000000e-01
1.196289062500000000e-01
1.196289062500000000e-01
1.464843750000000000e-01
1.416015625000000000e-01
1.489257812500000000e-01
1.562500000000000000e-01
1.660156250000000000e-01
1.489257812500000000e-01
1.245117187500000000e-01
1.489257812500000000e-01
1.611328125000000000e-01
1.440429687500000000e-01
1.464843750000000000e-01
1.489257812500000000e-01
1.391601562500000000e-01
1.342773437500000000e-01
1.635742187500000000e-01
1.513671875000000000e-01
1.562500000000000000e-01
1.391601562500000000e-01
1.391601562500000000e-01
1.440429687500000000e-01
1.416015625000000000e-01
1.440429687500000000e-01
1.489257812500000000e-01
1.440429687500000000e-01
1.513671875000000000e-01
1.245117187500000000e-01
1.367187500000000000e-01
1.489257812500000000e-01
1.367187500000000000e-01
1.342773437500000000e-01
1.440429687500000000e-01
1.513671875000000000e-01
1.342773437500000000e-01
1.513671875000000000e-01
1.513671875000000000e-01
1.367187500000000000e-01
1.342773437500000000e-01
1.416015625000000000e-01
1.513671875000000000e-01
1.440429687500000000e-01
1.367187500000000000e-01
1.342773437500000000e-01
1.416015625000000000e-01
1.367187500000000000e-01
1.440429687500000000e-01
1.513671875000000000e-01
1.440429687500000000e-01
1.513671875000000000e-01
1.391601562500000000e-01
1.489257812500000000e-01
1.513671875000000000e-01
1.538085937500000000e-01
1.464843750000000000e-01
1.293945312500000000e-01
1.342773437500000000e-01
1.123046875000000000e-01
1.318359375000000000e-01
1.367187500000000000e-01
1.831054687500000000e-01
1.367187500000000000e-01
1.538085937500000000e-01
1.440429687500000000e-01
1.513671875000000000e-01
1.513671875000000000e-01
1.660156250000000000e-01
1.391601562500000000e-01
1.391601562500000000e-01
1.367187500000000000e-01
1.367187500000000000e-01
1.391601562500000000e-01
1.440429687500000000e-01
1.318359375000000000e-01
1.391601562500000000e-01
1.440429687500000000e-01
1.416015625000000000e-01
1.367187500000000000e-01
1.586914062500000000e-01
1.562500000000000000e-01
1.464843750000000000e-01
1.586914062500000000e-01
1.513671875000000000e-01
1.342773437500000000e-01
1.342773437500000000e-01
1.489257812500000000e-01
1.611328125000000000e-01
1.416015625000000000e-01
1.416015625000000000e-01
1.416015625000000000e-01
1.342773437500000000e-01
1.513671875000000000e-01
1.538085937500000000e-01
1.440429687500000000e-01
1.245117187500000000e-01
