1.367187500000000000e-01
1.367187500000000000e-01
1.464843750000000000e-01
1.391601562500000000e-01
1.489257812500000000e-01
1.391601562500000000e-01
1.391601562500000000e-01
1.416015625000000000e-01
1.342773437500000000e-01
1.367187500000000000e-01
1.489257812500000000e-01
1.489257812500000000e-01
1.440429687500000000e-01
1.416015625000000000e-01
1.391601562500000000e-01
1.391601562500000000e-01
1.416015625000000000e-01
1.416015625000000000e-01
1.440429687500000000e-01
1.367187500000000000e-01
1.391601562500000000e-01
1.391601562500000000e-01
1.416015625000000000e-01
1.416015625000000000e-01
1.391601562500000000e-01
1.391601562500000000e-01
1.416015625000000000e-01
1.367187500000000000e-01
1.391601562500000000e-01
1.367187500000000000e-01
1.416015625000000000e-01
1.464843750000000000e-01
1.391601562500000000e-01
1.464843750000000000e-01
1.416015625000000000e-01
1.367187500000000000e-01
1.416015625000000000e-01
1.464843750000000000e-01
1.416015625000000000e-01
1.367187500000000000e-01
1.342773437500000000e-01
1.416015625000000000e-01
1.342773437500000000e-01
1.391601562500000000e-01
1.391601562500000000e-01
1.367187500000000000e-01
1.440429687500000000e-01
1.367187500000000000e-01
1.391601562500000000e-01
1.440429687500000000e-01
1.367187500000000000e-01
1.391601562500000000e-01
1.367187500000000000e-01
1.342773437500000000e-01
1.391601562500000000e-01
1.440429687500000000e-01
1.416015625000000000e-01
1.367187500000000000e-01
1.440429687500000000e-01
1.416015625000000000e-01
1.342773437500000000e-01
1.489257812500000000e-01
1.416015625000000000e-01
1.440429687500000000e-01
1.440429687500000000e-01
1.416015625000000000e-01
1.367187500000000000e-01
1.416015625000000000e-01
1.489257812500000000e-01
1.367187500000000000e-01
1.440429687500000000e-01
1.416015625000000000e-01
1.440429687500000000e-01
1.440429687500000000e-01
1.318359375000000000e-01
1.464843750000000000e-01
1.513671875000000000e-01
1.440429687500000000e-01
1.464843750000000000e-01
1.489257812500000000e-01
1.464843750000000000e-01
1.464843750000000000e-01
1.391601562500000000e-01
1.416015625000000000e-01
1.489257812500000000e-01
1.440429687500000000e-01
1.464843750000000000e-01
1.489257812500000000e-01
1.391601562500000000e-01
1.562500000000000000e-01
1.464843750000000000e-01
1.489257812500000000e-01
1.464843750000000000e-01
1.416015625000000000e-01
1.391601562500000000e-01
1.391601562500000000e-01
1.464843750000000000e-01
1.416015625000000000e-01
1.416015625000000000e-01
1.440429687500000000e-01
1.440429687500000000e-01
1.513671875000000000e-01
1.464843750000000000e-01
1.464843750000000000e-01
1.391601562500000000e-01
1.464843750000000000e-01
1.416015625000000000e-01
1.464843750000000000e-01
1.464843750000000000e-01
1.489257812500000000e-01
1.416015625000000000e-01
1.464843750000000000e-01
1.464843750000000000e-01
1.489257812500000000e-01
1.464843750000000000e-01
1.464843750000000000e-01
1.391601562500000000e-01
1.416015625000000000e-01
1.391601562500000000e-01
1.416015625000000000e-01
1.440429687500000000e-01
1.538085937500000000e-01
1.464843750000000000e-01
1.440429687500000000e-01
1.464843750000000000e-01
1.440429687500000000e-01
1.416015625000000000e-01
1.367187500000000000e-01
1.391601562500000000e-01
1.464843750000000000e-01
1.464843750000000000e-01
1.513671875000000000e-01
1.440429687500000000e-01
1.440429687500000000e-01
1.464843750000000000e-01
1.416015625000000000e-01
1.416015625000000000e-01
1.440429687500000000e-01
1.440429687500000000e-01
1.464843750000000000e-01
1.367187500000000000e-01
1.391601562500000000e-01
1.416015625000000000e-01
1.416015625000000000e-01
1.562500000000000000e-01
1.513671875000000000e-01
1.416015625000000000e-01
1.562500000000000000e-01
1.464843750000000000e-01
1.440429687500000000e-01
1.464843750000000000e-01
1.367187500000000000e-01
1.440429687500000000e-01
1.489257812500000000e-01
1.489257812500000000e-01
1.489257812500000000e-01
1.489257812500000000e-01
1.489257812500000000e-01
1.391601562500000000e-01
1.391601562500000000e-01
1.440429687500000000e-01
1.464843750000000000e-01
1.416015625000000000e-01
1.416015625000000000e-01
1.464843750000000000e-01
1.489257812500000000e-01
1.391601562500000000e-01
1.489257812500000000e-01
1.416015625000000000e-01
1.464843750000000000e-01
1.440429687500000000e-01
1.464843750000000000e-01
1.440429687500000000e-01
1.489257812500000000e-01
1.416015625000000000e-01
1.464843750000000000e-01
1.513671875000000000e-01
1.440429687500000000e-01
1.464843750000000000e-01
1.464843750000000000e-01
1.416015625000000000e-01
1.513671875000000000e-01
1.464843750000000000e-01
1.513671875000000000e-01
1.489257812500000000e-01
1.391601562500000000e-01
1.416015625000000000e-01
1.440429687500000000e-01
1.440429687500000000e-01
1.464843750000000000e-01
1.489257812500000000e-01
1.391601562500000000e-01
1.440429687500000000e-01
1.513671875000000000e-01
1.464843750000000000e-01
1.440429687500000000e-01
1.440429687500000000e-01
1.440429687500000000e-01
1.464843750000000000e-01
1.464843750000000000e-01
1.464843750000000000e-01
1.440429687500000000e-01
1.464843750000000000e-01
1.440429687500000000e-01
1.440429687500000000e-01
1.464843750000000000e-01
1.367187500000000000e-01
1.464843750000000000e-01
1.464843750000000000e-01
1.416015625000000000e-01
1.489257812500000000e-01
1.464843750000000000e-01
1.464843750000000000e-01
1.440429687500000000e-01
1.416015625000000000e-01
1.440429687500000000e-01
1.391601562500000000e-01
1.464843750000000000e-01
1.464843750000000000e-01
1.416015625000000000e-01
1.367187500000000000e-01
1.416015625000000000e-01
1.416015625000000000e-01
1.391601562500000000e-01
1.440429687500000000e-01
1.440429687500000000e-01
1.464843750000000000e-01
1.416015625000000000e-01
1.367187500000000000e-01
1.464843750000000000e-01
1.367187500000000000e-01
1.440429687500000000e-01
1.489257812500000000e-01
1.440429687500000000e-01
1.440429687500000000e-01
1.440429687500000000e-01
1.391601562500000000e-01
1.391601562500000000e-01
1.416015625000000000e-01
1.416015625000000000e-01
1.416015625000000000e-01
1.391601562500000000e-01
1.416015625000000000e-01
1.367187500000000000e-01
1.367187500000000000e-01
1.391601562500000000e-01
1.416015625000000000e-01
1.318359375000000000e-01
1.440429687500000000e-01
1.367187500000000000e-01
1.416015625000000000e-01
1.440429687500000000e-01
1.416015625000000000e-01
1.342773437500000000e-01
1.367187500000000000e-01
1.440429687500000000e-01
1.440429687500000000e-01
1.416015625000000000e-01
1.440429687500000000e-01
1.318359375000000000e-01
1.440429687500000000e-01
1.416015625000000000e-01
1.391601562500000000e-01
1.391601562500000000e-01
1.391601562500000000e-01
1.391601562500000000e-01
1.367187500000000000e-01
1.416015625000000000e-01
1.440429687500000000e-01
1.416015625000000000e-01
1.440429687500000000e-01
1.391601562500000000e-01
1.391601562500000000e-01
1.464843750000000000e-01
1.416015625000000000e-01
1.318359375000000000e-01
1.440429687500000000e-01
1.513671875000000000e-01
1.342773437500000000e-01
1.367187500000000000e-01
1.367187500000000000e-01
1.440429687500000000e-01
1.391601562500000000e-01
1.367187500000000000e-01
1.391601562500000000e-01
1.391601562500000000e-01
1.391601562500000000e-01
1.440429687500000000e-01
1.391601562500000000e-01
1.416015625000000000e-01
1.416015625000000000e-01
1.342773437500000000e-01
1.367187500000000000e-01
1.440429687500000000e-01
1.416015625000000000e-01
1.367187500000000000e-01
1.440429687500000000e-01
1.391601562500000000e-01
1.342773437500000000e-01
1.440429687500000000e-01
1.464843750000000000e-01
1.342773437500000000e-01
1.416015625000000000e-01
1.464843750000000000e-01
1.416015625000000000e-01
1.391601562500000000e-01
1.440429687500000000e-01
1.342773437500000000e-01
1.342773437500000000e-01
1.342773437500000000e-01
1.464843750000000000e-01
1.391601562500000000e-01
1.318359375000000000e-01
1.416015625000000000e-01
1.342773437500000000e-01
1.391601562500000000e-01
1.416015625000000000e-01
1.391601562500000000e-01
1.367187500000000000e-01
1.416015625000000000e-01
1.342773437500000000e-01
1.391601562500000000e-01
1.391601562500000000e-01
1.489257812500000000e-01
1.391601562500000000e-01
1.367187500000000000e-01
1.367187500000000000e-01
1.391601562500000000e-01
1.416015625000000000e-01
1.416015625000000000e-01
1.342773437500000000e-01
1.342773437500000000e-01
1.416015625000000000e-01
1.367187500000000000e-01
1.391601562500000000e-01
1.416015625000000000e-01
1.367187500000000000e-01
1.367187500000000000e-01
1.391601562500000000e-01
1.416015625000000000e-01
1.440429687500000000e-01
1.440429687500000000e-01
1.391601562500000000e-01
1.342773437500000000e-01
1.342773437500000000e-01
1.342773437500000000e-01
1.367187500000000000e-01
1.391601562500000000e-01
1.391601562500000000e-01
1.416015625000000000e-01
1.391601562500000000e-01
1.440429687500000000e-01
1.342773437500000000e-01
1.416015625000000000e-01
1.391601562500000000e-01
1.391601562500000000e-01
1.391601562500000000e-01
1.416015625000000000e-01
1.416015625000000000e-01
1.318359375000000000e-01
1.367187500000000000e-01
1.391601562500000000e-01
1.464843750000000000e-01
1.342773437500000000e-01
1.391601562500000000e-01
1.464843750000000000e-01
1.464843750000000000e-01
1.367187500000000000e-01
1.464843750000000000e-01
1.440429687500000000e-01
1.318359375000000000e-01
1.416015625000000000e-01
1.464843750000000000e-01
1.440429687500000000e-01
1.416015625000000000e-01
1.342773437500000000e-01
1.416015625000000000e-01
1.391601562500000000e-01
1.391601562500000000e-01
1.416015625000000000e-01
1.464843750000000000e-01
1.391601562500000000e-01
1.318359375000000000e-01
1.318359375000000000e-01
1.367187500000000000e-01
1.416015625000000000e-01
1.440429687500000000e-01
1.464843750000000000e-01
1.440429687500000000e-01
1.489257812500000000e-01
1.440429687500000000e-01
1.513671875000000000e-01
1.367187500000000000e-01
1.464843750000000000e-01
1.416015625000000000e-01
1.464843750000000000e-01
1.391601562500000000e-01
1.440429687500000000e-01
1.464843750000000000e-01
1.464843750000000000e-01
1.489257812500000000e-01
1.391601562500000000e-01
1.416015625000000000e-01
1.416015625000000000e-01
1.391601562500000000e-01
1.464843750000000000e-01
1.440429687500000000e-01
1.513671875000000000e-01
1.416015625000000000e-01
1.440429687500000000e-01
1.391601562500000000e-01
1.489257812500000000e-01
1.440429687500000000e-01
1.464843750000000000e-01
1.391601562500000000e-01
1.440429687500000000e-01
1.464843750000000000e-01
1.440429687500000000e-01
1.464843750000000000e-01
1.440429687500000000e-01
1.416015625000000000e-01
1.464843750000000000e-01
1.440429687500000000e-01
1.416015625000000000e-01
1.464843750000000000e-01
1.440429687500000000e-01
1.464843750000000000e-01
1.367187500000000000e-01
1.513671875000000000e-01
1.464843750000000000e-01
1.464843750000000000e-01
1.489257812500000000e-01
1.416015625000000000e-01
1.464843750000000000e-01
1.489257812500000000e-01
1.489257812500000000e-01
1.440429687500000000e-01
1.489257812500000000e-01
1.464843750000000000e-01
1.440429687500000000e-01
1.440429687500000000e-01
1.513671875000000000e-01
1.416015625000000000e-01
1.440429687500000000e-01
1.489257812500000000e-01
1.440429687500000000e-01
1.513671875000000000e-01
1.489257812500000000e-01
1.391601562500000000e-01
1.464843750000000000e-01
1.464843750000000000e-01
1.513671875000000000e-01
1.416015625000000000e-01
1.440429687500000000e-01
1.440429687500000000e-01
1.391601562500000000e-01
1.513671875000000000e-01
1.489257812500000000e-01
1.562500000000000000e-01
1.440429687500000000e-01
1.538085937500000000e-01
1.513671875000000000e-01
1.416015625000000000e-01
1.440429687500000000e-01
1.489257812500000000e-01
1.464843750000000000e-01
1.440429687500000000e-01
1.538085937500000000e-01
1.318359375000000000e-01
1.440429687500000000e-01
1.538085937500000000e-01
1.513671875000000000e-01
1.489257812500000000e-01
1.416015625000000000e-01
1.513671875000000000e-01
1.440429687500000000e-01
1.513671875000000000e-01
1.440429687500000000e-01
1.489257812500000000e-01
1.440429687500000000e-01
1.440429687500000000e-01
1.489257812500000000e-01
1.464843750000000000e-01
1.416015625000000000e-01
1.513671875000000000e-01
1.464843750000000000e-01
1.440429687500000000e-01
1.464843750000000000e-01
1.489257812500000000e-01
1.416015625000000000e-01
1.440429687500000000e-01
1.416015625000000000e-01
1.440429687500000000e-01
1.513671875000000000e-01
1.513671875000000000e-01
1.440429687500000000e-01
1.513671875000000000e-01
1.391601562500000000e-01
1.489257812500000000e-01
1.367187500000000000e-01
1.464843750000000000e-01
1.562500000000000000e-01
1.489257812500000000e-01
1.464843750000000000e-01
1.416015625000000000e-01
1.440429687500000000e-01
1.464843750000000000e-01
1.440429687500000000e-01
1.464843750000000000e-01
1.489257812500000000e-01
1.513671875000000000e-01
1.416015625000000000e-01
1.464843750000000000e-01
1.489257812500000000e-01
1.489257812500000000e-01
1.513671875000000000e-01
1.489257812500000000e-01
1.440429687500000000e-01
1.440429687500000000e-01
1.489257812500000000e-01
1.440429687500000000e-01
1.489257812500000000e-01
1.367187500000000000e-01
1.391601562500000000e-01
1.489257812500000000e-01
1.562500000000000000e-01
1.489257812500000000e-01
1.489257812500000000e-01
1.464843750000000000e-01
1.464843750000000000e-01
1.489257812500000000e-01
1.513671875000000000e-01
1.513671875000000000e-01
1.489257812500000000e-01
1.464843750000000000e-01
1.416015625000000000e-01
1.391601562500000000e-01
1.489257812500000000e-01
1.464843750000000000e-01
1.416015625000000000e-01
1.489257812500000000e-01
1.416015625000000000e-01
1.440429687500000000e-01
1.464843750000000000e-01
1.416015625000000000e-01
1.367187500000000000e-01
1.391601562500000000e-01
1.464843750000000000e-01
1.440429687500000000e-01
1.489257812500000000e-01
1.440429687500000000e-01
1.440429687500000000e-01
1.391601562500000000e-01
1.464843750000000000e-01
1.416015625000000000e-01
1.367187500000000000e-01
1.464843750000000000e-01
1.440429687500000000e-01
1.464843750000000000e-01
1.367187500000000000e-01
1.367187500000000000e-01
1.489257812500000000e-01
1.416015625000000000e-01
1.367187500000000000e-01
1.489257812500000000e-01
1.391601562500000000e-01
1.416015625000000000e-01
1.416015625000000000e-01
1.416015625000000000e-01
1.464843750000000000e-01
1.440429687500000000e-01
1.367187500000000000e-01
1.416015625000000000e-01
1.416015625000000000e-01
1.416015625000000000e-01
1.391601562500000000e-01
1.367187500000000000e-01
1.391601562500000000e-01
1.416015625000000000e-01
1.562500000000000000e-01
1.416015625000000000e-01
1.440429687500000000e-01
1.538085937500000000e-01
1.416015625000000000e-01
1.367187500000000000e-01
1.367187500000000000e-01
1.489257812500000000e-01
1.416015625000000000e-01
1.367187500000000000e-01
1.440429687500000000e-01
1.440429687500000000e-01
1.489257812500000000e-01
1.464843750000000000e-01
1.391601562500000000e-01
1.440429687500000000e-01
1.464843750000000000e-01
1.440429687500000000e-01
1.367187500000000000e-01
1.464843750000000000e-01
1.416015625000000000e-01
1.342773437500000000e-01
1.342773437500000000e-01
1.416015625000000000e-01
1.440429687500000000e-01
1.391601562500000000e-01
1.367187500000000000e-01
1.367187500000000000e-01
1.367187500000000000e-01
1.342773437500000000e-01
1.367187500000000000e-01
1.416015625000000000e-01
1.342773437500000000e-01
1.489257812500000000e-01
1.391601562500000000e-01
1.440429687500000000e-01
1.367187500000000000e-01
1.391601562500000000e-01
1.440429687500000000e-01
1.440429687500000000e-01
1.342773437500000000e-01
1.464843750000000000e-01
1.342773437500000000e-01
1.464843750000000000e-01
1.416015625000000000e-01
1.464843750000000000e-01
1.367187500000000000e-01
1.416015625000000000e-01
1.440429687500000000e-01
1.440429687500000000e-01
1.440429687500000000e-01
1.318359375000000000e-01
1.440429687500000000e-01
1.391601562500000000e-01
1.440429687500000000e-01
1.464843750000000000e-01
1.318359375000000000e-01
1.391601562500000000e-01
1.440429687500000000e-01
1.391601562500000000e-01
1.440429687500000000e-01
1.416015625000000000e-01
1.416015625000000000e-01
1.391601562500000000e-01
1.489257812500000000e-01
1.464843750000000000e-01
1.367187500000000000e-01
1.342773437500000000e-01
1.416015625000000000e-01
1.416015625000000000e-01
1.464843750000000000e-01
1.367187500000000000e-01
1.464843750000000000e-01
1.391601562500000000e-01
1.440429687500000000e-01
1.318359375000000000e-01
1.416015625000000000e-01
1.513671875000000000e-01
1.440429687500000000e-01
1.440429687500000000e-01
1.440429687500000000e-01
1.440429687500000000e-01
1.416015625000000000e-01
1.391601562500000000e-01
1.391601562500000000e-01
1.464843750000000000e-01
1.440429687500000000e-01
1.391601562500000000e-01
1.416015625000000000e-01
1.489257812500000000e-01
1.440429687500000000e-01
1.464843750000000000e-01
1.440429687500000000e-01
1.342773437500000000e-01
1.464843750000000000e-01
1.416015625000000000e-01
1.391601562500000000e-01
1.464843750000000000e-01
1.367187500000000000e-01
1.464843750000000000e-01
1.440429687500000000e-01
1.416015625000000000e-01
1.391601562500000000e-01
1.391601562500000000e-01
1.293945312500000000e-01
1.342773437500000000e-01
1.367187500000000000e-01
1.391601562500000000e-01
1.440429687500000000e-01
1.416015625000000000e-01
1.391601562500000000e-01
1.416015625000000000e-01
1.391601562500000000e-01
1.513671875000000000e-01
1.367187500000000000e-01
1.342773437500000000e-01
1.416015625000000000e-01
1.367187500000000000e-01
1.464843750000000000e-01
1.342773437500000000e-01
1.416015625000000000e-01
1.416015625000000000e-01
1.367187500000000000e-01
1.416015625000000000e-01
1.342773437500000000e-01
1.416015625000000000e-01
1.342773437500000000e-01
1.416015625000000000e-01
1.342773437500000000e-01
1.440429687500000000e-01
1.391601562500000000e-01
1.416015625000000000e-01
1.416015625000000000e-01
1.391601562500000000e-01
1.440429687500000000e-01
1.293945312500000000e-01
1.416015625000000000e-01
1.391601562500000000e-01
1.464843750000000000e-01
1.464843750000000000e-01
1.342773437500000000e-01
1.464843750000000000e-01
1.440429687500000000e-01
1.367187500000000000e-01
1.391601562500000000e-01
1.416015625000000000e-01
1.367187500000000000e-01
1.391601562500000000e-01
1.342773437500000000e-01
1.367187500000000000e-01
1.538085937500000000e-01
1.440429687500000000e-01
1.416015625000000000e-01
1.440429687500000000e-01
1.440429687500000000e-01
1.440429687500000000e-01
1.367187500000000000e-01
1.538085937500000000e-01
1.391601562500000000e-01
1.416015625000000000e-01
1.391601562500000000e-01
1.489257812500000000e-01
1.464843750000000000e-01
1.440429687500000000e-01
1.489257812500000000e-01
1.464843750000000000e-01
1.342773437500000000e-01
1.513671875000000000e-01
1.489257812500000000e-01
1.416015625000000000e-01
1.489257812500000000e-01
1.513671875000000000e-01
1.513671875000000000e-01
1.342773437500000000e-01
1.513671875000000000e-01
1.513671875000000000e-01
1.416015625000000000e-01
1.416015625000000000e-01
1.391601562500000000e-01
1.416015625000000000e-01
1.489257812500000000e-01
1.440429687500000000e-01
1.440429687500000000e-01
1.440429687500000000e-01
1.513671875000000000e-01
1.538085937500000000e-01
1.391601562500000000e-01
1.416015625000000000e-01
1.416015625000000000e-01
1.464843750000000000e-01
1.489257812500000000e-01
1.489257812500000000e-01
1.464843750000000000e-01
1.367187500000000000e-01
1.391601562500000000e-01
1.391601562500000000e-01
1.440429687500000000e-01
1.440429687500000000e-01
1.464843750000000000e-01
1.391601562500000000e-01
1.464843750000000000e-01
1.367187500000000000e-01
1.416015625000000000e-01
1.464843750000000000e-01
1.440429687500000000e-01
1.416015625000000000e-01
1.562500000000000000e-01
1.416015625000000000e-01
1.416015625000000000e-01
1.440429687500000000e-01
1.367187500000000000e-01
1.440429687500000000e-01
1.367187500000000000e-01
1.489257812500000000e-01
1.513671875000000000e-01
1.440429687500000000e-01
1.416015625000000000e-01
1.489257812500000000e-01
1.318359375000000000e-01
1.416015625000000000e-01
1.440429687500000000e-01
1.513671875000000000e-01
1.464843750000000000e-01
1.538085937500000000e-01
1.440429687500000000e-01
1.489257812500000000e-01
1.367187500000000000e-01
1.440429687500000000e-01
1.342773437500000000e-01
1.171875000000000000e-01
1.342773437500000000e-01
1.513671875000000000e-01
1.440429687500000000e-01
1.293945312500000000e-01
1.220703125000000000e-01
1.293945312500000000e-01
1.342773437500000000e-01
1.171875000000000000e-01
1.220703125000000000e-01
1.147460937500000000e-01
7.568359375000000000e-02
5.371093750000000000e-02
3.442382812500000000e-01
8.056640625000000000e-01
7.226562500000000000e-01
2.441406250000000000e-03
-7.128906250000000000e-01
-3.125000000000000000e-01
6.347656250000000000e-01
7.543945312500000000e-01
-9.765625000000000000e-03
-5.639648437500000000e-01
3.759765625000000000e-01
7.519531250000000000e-01
4.687500000000000000e-01
5.688476562500000000e-01
3.515625000000000000e-01
-4.516601562500000000e-01
-5.249023437500000000e-01
-3.491210937500000000e-01
-4.492187500000000000e-01
6.835937500000000000e-02
7.763671875000000000e-01
6.567382812500000000e-01
-2.294921875000000000e-01
-5.395507812500000000e-01
3.076171875000000000e-01
6.201171875000000000e-01
9.521484375000000000e-02
-1.245117187500000000e-01
9.033203125000000000e-02
1.416015625000000000e-01
7.568359375000000000e-02
1.074218750000000000e-01
1.318359375000000000e-01
3.173828125000000000e-02
-1.953125000000000000e-01
-2.685546875000000000e-01
6.103515625000000000e-02
4.809570312500000000e-01
5.834960937500000000e-01
2.612304687500000000e-01
-1.318359375000000000e-01
-2.099609375000000000e-01
1.318359375000000000e-01
3.735351562500000000e-01
2.490234375000000000e-01
7.080078125000000000e-02
1.196289062500000000e-01
1.831054687500000000e-01
1.049804687500000000e-01
2.441406250000000000e-02
4.150390625000000000e-02
1.440429687500000000e-01
2.563476562500000000e-01
2.905273437500000000e-01
2.368164062500000000e-01
1.782226562500000000e-01
1.879882812500000000e-01
2.343750000000000000e-01
2.172851562500000000e-01
1.831054687500000000e-01
1.367187500000000000e-01
9.277343750000000000e-02
1.074218750000000000e-01
1.586914062500000000e-01
1.708984375000000000e-01
1.245117187500000000e-01
8.544921875000000000e-02
1.269531250000000000e-01
1.660156250000000000e-01
1.879882812500000000e-01
1.733398437500000000e-01
1.245117187500000000e-01
8.544921875000000000e-02
8.056640625000000000e-02
1.293945312500000000e-01
1.513671875000000000e-01
1.513671875000000000e-01
1.513671875000000000e-01
1.684570312500000000e-01
1.757812500000000000e-01
1.635742187500000000e-01
1.391601562500000000e-01
1.293945312500000000e-01
1.318359375000000000e-01
1.562500000000000000e-01
1.562500000000000000e-01
1.440429687500000000e-01
1.464843750000000000e-01
1.611328125000000000e-01
1.855468750000000000e-01
1.660156250000000000e-01
1.489257812500000000e-01
1.513671875000000000e-01
1.733398437500000000e-01
1.635742187500000000e-01
1.586914062500000000e-01
1.147460937500000000e-01
1.147460937500000000e-01
1.025390625000000000e-01
9.765625000000000000e-02
1.196289062500000000e-01
1.562500000000000000e-01
1.855468750000000000e-01
1.904296875000000000e-01
1.733398437500000000e-01
1.489257812500000000e-01
1.367187500000000000e-01
1.538085937500000000e-01
1.660156250000000000e-01
1.440429687500000000e-01
1.391601562500000000e-01
1.513671875000000000e-01
1.513671875000000000e-01
1.391601562500000000e-01
1.220703125000000000e-01
1.269531250000000000e-01
1.440429687500000000e-01
1.416015625000000000e-01
1.318359375000000000e-01
1.367187500000000000e-01
1.293945312500000000e-01
1.342773437500000000e-01
1.416015625000000000e-01
1.416015625000000000e-01
1.318359375000000000e-01
1.367187500000000000e-01
1.440429687500000000e-01
1.538085937500000000e-01
1.562500000000000000e-01
1.416015625000000000e-01
1.538085937500000000e-01
1.635742187500000000e-01
1.440429687500000000e-01
1.293945312500000000e-01
1.147460937500000000e-01
1.123046875000000000e-01
1.293945312500000000e-01
1.416015625000000000e-01
1.464843750000000000e-01
1.611328125000000000e-01
1.611328125000000000e-01
1.562500000000000000e-01
1.635742187500000000e-01
1.635742187500000000e-01
1.660156250000000000e-01
1.489257812500000000e-01
1.538085937500000000e-01
1.513671875000000000e-01
1.513671875000000000e-01
1.391601562500000000e-01
1.416015625000000000e-01
1.513671875000000000e-01
1.464843750000000000e-01
1.391601562500000000e-01
1.367187500000000000e-01
1.440429687500000000e-01
1.513671875000000000e-01
1.538085937500000000e-01
1.367187500000000000e-01
1.416015625000000000e-01
1.440429687500000000e-01
1.416015625000000000e-01
1.391601562500000000e-01
1.586914062500000000e-01
1.611328125000000000e-01
1.513671875000000000e-01
1.464843750000000000e-01
1.391601562500000000e-01
1.464843750000000000e-01
1.391601562500000000e-01
1.391601562500000000e-01
1.342773437500000000e-01
1.342773437500000000e-01
1.391601562500000000e-01
1.416015625000000000e-01
1.416015625000000000e-01
1.367187500000000000e-01
1.367187500000000000e-01
1.464843750000000000e-01
1.562500000000000000e-01
1.562500000000000000e-01
1.391601562500000000e-01
1.391601562500000000e-01
1.391601562500000000e-01
1.416015625000000000e-01
1.513671875000000000e-01
1.513671875000000000e-01
1.513671875000000000e-01
1.513671875000000000e-01
1.440429687500000000e-01
1.513671875000000000e-01
1.611328125000000000e-01
1.513671875000000000e-01
1.342773437500000000e-01
1.416015625000000000e-01
1.416015625000000000e-01
1.440429687500000000e-01
1.269531250000000000e-01
1.318359375000000000e-01
1.464843750000000000e-01
1.489257812500000000e-01
1.440429687500000000e-01
1.342773437500000000e-01
1.538085937500000000e-01
1.513671875000000000e-01
1.562500000000000000e-01
1.391601562500000000e-01
1.220703125000000000e-01
1.391601562500000000e-01
1.464843750000000000e-01
1.489257812500000000e-01
1.416015625000000000e-01
1.367187500000000000e-01
1.416015625000000000e-01
1.586914062500000000e-01
1.513671875000000000e-01
1.489257812500000000e-01
1.342773437500000000e-01
1.489257812500000000e-01
1.562500000000000000e-01
1.513671875000000000e-01
1.367187500000000000e-01
1.342773437500000000e-01
1.293945312500000000e-01
1.342773437500000000e-01
1.342773437500000000e-01
1.367187500000000000e-01
1.464843750000000000e-01
1.416015625000000000e-01
1.464843750000000000e-01
1.440429687500000000e-01
1.391601562500000000e-01
1.440429687500000000e-01
1.464843750000000000e-01
1.464843750000000000e-01
1.440429687500000000e-01
1.367187500000000000e-01
1.416015625000000000e-01
1.513671875000000000e-01
1.513671875000000000e-01
1.464843750000000000e-01
1.513671875000000000e-01
1.440429687500000000e-01
1.440429687500000000e-01
1.293945312500000000e-01
1.245117187500000000e-01
1.220703125000000000e-01
1.342773437500000000e-01
1.367187500000000000e-01
1.342773437500000000e-01
1.538085937500000000e-01
1.464843750000000000e-01
1.464843750000000000e-01
1.440429687500000000e-01
1.440429687500000000e-01
1.416015625000000000e-01
1.489257812500000000e-01
1.464843750000000000e-01
1.538085937500000000e-01
1.440429687500000000e-01
1.391601562500000000e-01
1.220703125000000000e-01
1.245117187500000000e-01
1.318359375000000000e-01
1.269531250000000000e-01
1.440429687500000000e-01
1.416015625000000000e-01
1.391601562500000000e-01
1.293945312500000000e-01
1.293945312500000000e-01
1.416015625000000000e-01
1.416015625000000000e-01
1.416015625000000000e-01
1.391601562500000000e-01
1.538085937500000000e-01
1.586914062500000000e-01
1.464843750000000000e-01
1.489257812500000000e-01
1.440429687500000000e-01
1.391601562500000000e-01
1.391601562500000000e-01
1.318359375000000000e-01
1.416015625000000000e-01
1.416015625000000000e-01
1.342773437500000000e-01
1.318359375000000000e-01
1.293945312500000000e-01
1.269531250000000000e-01
1.367187500000000000e-01
1.416015625000000000e-01
1.464843750000000000e-01
1.440429687500000000e-01
1.513671875000000000e-01
1.464843750000000000e-01
1.367187500000000000e-01
1.464843750000000000e-01
1.391601562500000000e-01
1.293945312500000000e-01
1.245117187500000000e-01
1.391601562500000000e-01
1.342773437500000000e-01
1.489257812500000000e-01
1.538085937500000000e-01
1.586914062500000000e-01
1.489257812500000000e-01
1.513671875000000000e-01
1.489257812500000000e-01
1.464843750000000000e-01
1.489257812500000000e-01
1.391601562500000000e-01
1.269531250000000000e-01
1.245117187500000000e-01
1.342773437500000000e-01
1.416015625000000000e-01
1.318359375000000000e-01
1.391601562500000000e-01
1.318359375000000000e-01
1.367187500000000000e-01
1.489257812500000000e-01
1.440429687500000000e-01
1.269531250000000000e-01
1.489257812500000000e-01
1.489257812500000000e-01
1.416015625000000000e-01
1.489257812500000000e-01
1.391601562500000000e-01
1.318359375000000000e-01
1.293945312500000000e-01
1.416015625000000000e-01
1.367187500000000000e-01
1.416015625000000000e-01
1.416015625000000000e-01
1.391601562500000000e-01
1.367187500000000000e-01
1.489257812500000000e-01
1.562500000000000000e-01
1.562500000000000000e-01
1.489257812500000000e-01
1.391601562500000000e-01
1.464843750000000000e-01
1.416015625000000000e-01
1.440429687500000000e-01
1.293945312500000000e-01
1.391601562500000000e-01
1.489257812500000000e-01
1.440429687500000000e-01
1.513671875000000000e-01
1.538085937500000000e-01
1.367187500000000000e-01
1.269531250000000000e-01
1.269531250000000000e-01
1.269531250000000000e-01
1.391601562500000000e-01
1.367187500000000000e-01
1.245117187500000000e-01
1.293945312500000000e-01
1.440429687500000000e-01
1.416015625000000000e-01
1.367187500000000000e-01
1.391601562500000000e-01
1.440429687500000000e-01
1.489257812500000000e-01
1.513671875000000000e-01
1.538085937500000000e-01
1.562500000000000000e-01
1.489257812500000000e-01
1.440429687500000000e-01
1.464843750000000000e-01
1.513671875000000000e-01
1.464843750000000000e-01
1.416015625000000000e-01
1.440429687500000000e-01
1.489257812500000000e-01
1.391601562500000000e-01
1.562500000000000000e-01
1.489257812500000000e-01
1.416015625000000000e-01
1.367187500000000000e-01
1.440429687500000000e-01
1.538085937500000000e-01
1.611328125000000000e-01
1.538085937500000000e-01
1.416015625000000000e-01
1.416015625000000000e-01
1.489257812500000000e-01
1.489257812500000000e-01
1.513671875000000000e-01
1.538085937500000000e-01
1.513671875000000000e-01
1.489257812500000000e-01
1.342773437500000000e-01
1.367187500000000000e-01
1.440429687500000000e-01
1.293945312500000000e-01
1.269531250000000000e-01
1.342773437500000000e-01
1.391601562500000000e-01
1.391601562500000000e-01
1.367187500000000000e-01
1.440429687500000000e-01
1.464843750000000000e-01
1.586914062500000000e-01
1.513671875000000000e-01
1.562500000000000000e-01
1.513671875000000000e-01
1.489257812500000000e-01
1.513671875000000000e-01
1.440429687500000000e-01
1.391601562500000000e-01
1.440429687500000000e-01
1.367187500000000000e-01
1.391601562500000000e-01
1.489257812500000000e-01
1.464843750000000000e-01
1.318359375000000000e-01
1.391601562500000000e-01
1.342773437500000000e-01
1.367187500000000000e-01
1.513671875000000000e-01
1.489257812500000000e-01
1.464843750000000000e-01
1.416015625000000000e-01
1.464843750000000000e-01
1.489257812500000000e-01
1.464843750000000000e-01
1.538085937500000000e-01
1.440429687500000000e-01
1.513671875000000000e-01
1.416015625000000000e-01
1.440429687500000000e-01
1.489257812500000000e-01
1.440429687500000000e-01
1.367187500000000000e-01
1.318359375000000000e-01
1.416015625000000000e-01
1.342773437500000000e-01
1.342773437500000000e-01
1.318359375000000000e-01
1.489257812500000000e-01
1.586914062500000000e-01
1.562500000000000000e-01
1.513671875000000000e-01
1.562500000000000000e-01
1.464843750000000000e-01
1.367187500000000000e-01
1.464843750000000000e-01
1.489257812500000000e-01
1.611328125000000000e-01
1.562500000000000000e-01
1.513671875000000000e-01
1.513671875000000000e-01
1.538085937500000000e-01
1.440429687500000000e-01
1.367187500000000000e-01
1.367187500000000000e-01
1.513671875000000000e-01
1.391601562500000000e-01
1.416015625000000000e-01
1.513671875000000000e-01
1.489257812500000000e-01
1.538085937500000000e-01
1.416015625000000000e-01
1.440429687500000000e-01
1.464843750000000000e-01
1.440429687500000000e-01
1.586914062500000000e-01
1.586914062500000000e-01
1.513671875000000000e-01
1.416015625000000000e-01
1.342773437500000000e-01
1.489257812500000000e-01
1.538085937500000000e-01
1.342773437500000000e-01
1.440429687500000000e-01
1.391601562500000000e-01
1.318359375000000000e-01
1.464843750000000000e-01
1.513671875000000000e-01
1.440429687500000000e-01
1.562500000000000000e-01
1.440429687500000000e-01
1.440429687500000000e-01
1.440429687500000000e-01
1.489257812500000000e-01
1.440429687500000000e-01
1.635742187500000000e-01
1.391601562500000000e-01
1.245117187500000000e-01
1.318359375000000000e-01
1.416015625000000000e-01
1.489257812500000000e-01
1.342773437500000000e-01
1.513671875000000000e-01
1.489257812500000000e-01
1.464843750000000000e-01
1.367187500000000000e-01
1.342773437500000000e-01
1.293945312500000000e-01
1.440429687500000000e-01
1.367187500000000000e-01
1.416015625000000000e-01
1.342773437500000000e-01
1.367187500000000000e-01
1.464843750000000000e-01
1.440429687500000000e-01
1.464843750000000000e-01
1.416015625000000000e-01
1.440429687500000000e-01
1.391601562500000000e-01
1.391601562500000000e-01
1.416015625000000000e-01
1.416015625000000000e-01
1.538085937500000000e-01
1.342773437500000000e-01
1.367187500000000000e-01
1.391601562500000000e-01
1.391601562500000000e-01
1.416015625000000000e-01
1.416015625000000000e-01
1.391601562500000000e-01
1.489257812500000000e-01
1.391601562500000000e-01
1.367187500000000000e-01
1.318359375000000000e-01
1.245117187500000000e-01
1.342773437500000000e-01
1.367187500000000000e-01
1.318359375000000000e-01
1.269531250000000000e-01
1.562500000000000000e-01
1.562500000000000000e-01
1.538085937500000000e-01
1.611328125000000000e-01
1.489257812500000000e-01
1.367187500000000000e-01
1.416015625000000000e-01
1.562500000000000000e-01
1.513671875000000000e-01
1.538085937500000000e-01
1.489257812500000000e-01
1.538085937500000000e-01
1.391601562500000000e-01
1.342773437500000000e-01
1.342773437500000000e-01
1.342773437500000000e-01
1.391601562500000000e-01
1.391601562500000000e-01
1.416015625000000000e-01
1.440429687500000000e-01
1.391601562500000000e-01
1.245117187500000000e-01
1.464843750000000000e-01
1.440429687500000000e-01
1.440429687500000000e-01
1.367187500000000000e-01
1.391601562500000000e-01
1.416015625000000000e-01
1.391601562500000000e-01
1.367187500000000000e-01
1.391601562500000000e-01
1.367187500000000000e-01
1.391601562500000000e-01
1.318359375000000000e-01
1.342773437500000000e-01
1.074218750000000000e-01
1.049804687500000000e-01
1.318359375000000000e-01
1.391601562500000000e-01
1.342773437500000000e-01
1.562500000000000000e-01
1.586914062500000000e-01
1.513671875000000000e-01
1.318359375000000000e-01
1.391601562500000000e-01
1.489257812500000000e-01
1.464843750000000000e-01
1.416015625000000000e-01
1.489257812500000000e-01
1.538085937500000000e-01
1.464843750000000000e-01
1.464843750000000000e-01
1.416015625000000000e-01
1.416015625000000000e-01
1.464843750000000000e-01
1.440429687500000000e-01
1.196289062500000000e-01
1.293945312500000000e-01
1.416015625000000000e-01
1.269531250000000000e-01
1.416015625000000000e-01
1.538085937500000000e-01
1.391601562500000000e-01
1.391601562500000000e-01
1.367187500000000000e-01
1.489257812500000000e-01
1.416015625000000000e-01
1.464843750000000000e-01
1.464843750000000000e-01
1.318359375000000000e-01
1.318359375000000000e-01
1.416015625000000000e-01
1.489257812500000000e-01
1.489257812500000000e-01
1.220703125000000000e-01
1.123046875000000000e-01
1.269531250000000000e-01
1.489257812500000000e-01
1.562500000000000000e-01
1.440429687500000000e-01
1.220703125000000000e-01
1.220703125000000000e-01
1.391601562500000000e-01
1.513671875000000000e-01
1.538085937500000000e-01
1.464843750000000000e-01
1.562500000000000000e-01
1.440429687500000000e-01
1.342773437500000000e-01
1.391601562500000000e-01
1.489257812500000000e-01
1.513671875000000000e-01
1.489257812500000000e-01
1.513671875000000000e-01
1.391601562500000000e-01
1.416015625000000000e-01
1.440429687500000000e-01
1.367187500000000000e-01
1.391601562500000000e-01
1.489257812500000000e-01
1.196289062500000000e-01
1.245117187500000000e-01
1.611328125000000000e-01
1.489257812500000000e-01
1.464843750000000000e-01
1.489257812500000000e-01
1.538085937500000000e-01
1.513671875000000000e-01
1.562500000000000000e-01
1.562500000000000000e-01
1.489257812500000000e-01
1.489257812500000000e-01
1.464843750000000000e-01
1.318359375000000000e-01
1.538085937500000000e-01
1.440429687500000000e-01
1.391601562500000000e-01
1.513671875000000000e-01
1.538085937500000000e-01
1.440429687500000000e-01
1.269531250000000000e-01
1.293945312500000000e-01
1.391601562500000000e-01
1.562500000000000000e-01
1.416015625000000000e-01
1.440429687500000000e-01
1.416015625000000000e-01
1.293945312500000000e-01
1.440429687500000000e-01
1.538085937500000000e-01
1.367187500000000000e-01
1.318359375000000000e-01
1.489257812500000000e-01
1.464843750000000000e-01
1.367187500000000000e-01
1.513671875000000000e-01
1.489257812500000000e-01
1.440429687500000000e-01
1.464843750000000000e-01
1.489257812500000000e-01
1.440429687500000000e-01
1.367187500000000000e-01
1.562500000000000000e-01
1.489257812500000000e-01
1.513671875000000000e-01
1.342773437500000000e-01
1.562500000000000000e-01
1.586914062500000000e-01
1.586914062500000000e-01
1.416015625000000000e-01
1.538085937500000000e-01
1.416015625000000000e-01
1.489257812500000000e-01
1.513671875000000000e-01
1.562500000000000000e-01
1.464843750000000000e-01
1.440429687500000000e-01
1.513671875000000000e-01
1.416015625000000000e-01
1.293945312500000000e-01
1.318359375000000000e-01
1.513671875000000000e-01
1.562500000000000000e-01
1.269531250000000000e-01
1.367187500000000000e-01
1.416015625000000000e-01
1.489257812500000000e-01
1.464843750000000000e-01
1.416015625000000000e-01
1.489257812500000000e-01
1.611328125000000000e-01
1.440429687500000000e-01
1.513671875000000000e-01
1.635742187500000000e-01
1.611328125000000000e-01
1.489257812500000000e-01
1.538085937500000000e-01
1.538085937500000000e-01
1.342773437500000000e-01
1.489257812500000000e-01
1.342773437500000000e-01
1.269531250000000000e-01
1.464843750000000000e-01
1.391601562500000000e-01
1.293945312500000000e-01
1.074218750000000000e-01
1.538085937500000000e-01
1.538085937500000000e-01
1.464843750000000000e-01
1.562500000000000000e-01
1.513671875000000000e-01
1.513671875000000000e-01
1.538085937500000000e-01
1.538085937500000000e-01
1.464843750000000000e-01
1.513671875000000000e-01
1.440429687500000000e-01
1.416015625000000000e-01
1.464843750000000000e-01
1.611328125000000000e-01
1.342773437500000000e-01
1.391601562500000000e-01
1.611328125000000000e-01
1.586914062500000000e-01
1.513671875000000000e-01
1.464843750000000000e-01
1.489257812500000000e-01
1.318359375000000000e-01
1.440429687500000000e-01
1.635742187500000000e-01
1.269531250000000000e-01
1.391601562500000000e-01
1.562500000000000000e-01
1.562500000000000000e-01
1.391601562500000000e-01
1.489257812500000000e-01
1.611328125000000000e-01
1.611328125000000000e-01
1.586914062500000000e-01
1.489257812500000000e-01
1.611328125000000000e-01
1.440429687500000000e-01
1.342773437500000000e-01
1.269531250000000000e-01
1.440429687500000000e-01
1.513671875000000000e-01
1.293945312500000000e-01
1.464843750000000000e-01
1.464843750000000000e-01
1.464843750000000000e-01
1.464843750000000000e-01
1.440429687500000000e-01
1.367187500000000000e-01
1.489257812500000000e-01
1.391601562500000000e-01
1.342773437500000000e-01
1.440429687500000000e-01
1.342773437500000000e-01
1.293945312500000000e-01
1.391601562500000000e-01
1.318359375000000000e-01
1.440429687500000000e-01
1.464843750000000000e-01
1.489257812500000000e-01
1.489257812500000000e-01
1.464843750000000000e-01
1.367187500000000000e-01
1.293945312500000000e-01
1.489257812500000000e-01
1.123046875000000000e-01
1.293945312500000000e-01
1.562500000000000000e-01
1.562500000000000000e-01
1.245117187500000000e-01
1.318359375000000000e-01
1.538085937500000000e-01
1.416015625000000000e-01
1.416015625000000000e-01
1.538085937500000000e-01
1.611328125000000000e-01
1.489257812500000000e-01
1.489257812500000000e-01
1.440429687500000000e-01
1.367187500000000000e-01
1.391601562500000000e-01
1.586914062500000000e-01
1.440429687500000000e-01
1.391601562500000000e-01
1.440429687500000000e-01
1.293945312500000000e-01
1.342773437500000000e-01
1.367187500000000000e-01
1.367187500000000000e-01
1.416015625000000000e-01
1.318359375000000000e-01
1.074218750000000000e-01
1.196289062500000000e-01
1.489257812500000000e-01
1.391601562500000000e-01
1.367187500000000000e-01
1.318359375000000000e-01
1.416015625000000000e-01
1.318359375000000000e-01
1.367187500000000000e-01
1.391601562500000000e-01
1.416015625000000000e-01
1.293945312500000000e-01
1.269531250000000000e-01
1.538085937500000000e-01
1.391601562500000000e-01
1.538085937500000000e-01
1.464843750000000000e-01
1.538085937500000000e-01
1.342773437500000000e-01
1.464843750000000000e-01
1.489257812500000000e-01
1.464843750000000000e-01
1.489257812500000000e-01
1.464843750000000000e-01
1.391601562500000000e-01
1.293945312500000000e-01
1.489257812500000000e-01
1.318359375000000000e-01
1.293945312500000000e-01
1.489257812500000000e-01
1.391601562500000000e-01
1.171875000000000000e-01
1.538085937500000000e-01
1.513671875000000000e-01
1.440429687500000000e-01
1.342773437500000000e-01
1.489257812500000000e-01
1.269531250000000000e-01
1.342773437500000000e-01
1.367187500000000000e-01
1.489257812500000000e-01
1.318359375000000000e-01
1.293945312500000000e-01
1.464843750000000000e-01
1.391601562500000000e-01
1.391601562500000000e-01
1.562500000000000000e-01
1.513671875000000000e-01
1.513671875000000000e-01
1.367187500000000000e-01
1.416015625000000000e-01
1.220703125000000000e-01
1.464843750000000000e-01
1.489257812500000000e-01
1.440429687500000000e-01
1.513671875000000000e-01
1.440429687500000000e-01
1.293945312500000000e-01
1.391601562500000000e-01
1.293945312500000000e-01
1.245117187500000000e-01
1.342773437500000000e-01
1.367187500000000000e-01
1.293945312500000000e-01
