1.489257812500000000e-01
1.416015625000000000e-01
1.464843750000000000e-01
1.489257812500000000e-01
1.416015625000000000e-01
1.367187500000000000e-01
1.489257812500000000e-01
1.440429687500000000e-01
1.464843750000000000e-01
1.416015625000000000e-01
1.416015625000000000e-01
1.464843750000000000e-01
1.342773437500000000e-01
1.416015625000000000e-01
1.440429687500000000e-01
1.464843750000000000e-01
1.440429687500000000e-01
1.367187500000000000e-01
1.391601562500000000e-01
1.538085937500000000e-01
1.440429687500000000e-01
1.440429687500000000e-01
1.489257812500000000e-01
1.416015625000000000e-01
1.416015625000000000e-01
1.416015625000000000e-01
1.416015625000000000e-01
1.391601562500000000e-01
1.440429687500000000e-01
1.391601562500000000e-01
1.464843750000000000e-01
1.513671875000000000e-01
1.440429687500000000e-01
1.416015625000000000e-01
1.464843750000000000e-01
1.416015625000000000e-01
1.416015625000000000e-01
1.416015625000000000e-01
1.416015625000000000e-01
1.391601562500000000e-01
1.391601562500000000e-01
1.416015625000000000e-01
1.416015625000000000e-01
1.464843750000000000e-01
1.489257812500000000e-01
1.489257812500000000e-01
1.440429687500000000e-01
1.416015625000000000e-01
1.440429687500000000e-01
1.391601562500000000e-01
1.440429687500000000e-01
1.440429687500000000e-01
1.440429687500000000e-01
1.464843750000000000e-01
1.416015625000000000e-01
1.391601562500000000e-01
1.440429687500000000e-01
1.440429687500000000e-01
1.440429687500000000e-01
1.416015625000000000e-01
1.440429687500000000e-01
1.489257812500000000e-01
1.367187500000000000e-01
1.489257812500000000e-01
1.367187500000000000e-01
1.489257812500000000e-01
1.464843750000000000e-01
1.464843750000000000e-01
1.391601562500000000e-01
1.416015625000000000e-01
1.367187500000000000e-01
1.464843750000000000e-01
1.464843750000000000e-01
1.440429687500000000e-01
1.416015625000000000e-01
1.416015625000000000e-01
1.464843750000000000e-01
1.489257812500000000e-01
1.464843750000000000e-01
1.391601562500000000e-01
1.440429687500000000e-01
1.391601562500000000e-01
1.440429687500000000e-01
1.440429687500000000e-01
1.416015625000000000e-01
1.416015625000000000e-01
1.416015625000000000e-01
1.440429687500000000e-01
1.391601562500000000e-01
1.416015625000000000e-01
1.464843750000000000e-01
1.489257812500000000e-01
1.464843750000000000e-01
1.391601562500000000e-01
1.391601562500000000e-01
1.538085937500000000e-01
1.586914062500000000e-01
1.489257812500000000e-01
1.367187500000000000e-01
1.269531250000000000e-01
1.416015625000000000e-01
1.562500000000000000e-01
1.416015625000000000e-01
1.342773437500000000e-01
1.318359375000000000e-01
1.367187500000000000e-01
1.293945312500000000e-01
1.416015625000000000e-01
1.806640625000000000e-01
2.050781250000000000e-01
1.708984375000000000e-01
1.293945312500000000e-01
1.123046875000000000e-01
9.765625000000000000e-02
7.080078125000000000e-02
1.391601562500000000e-01
2.880859375000000000e-01
2.587890625000000000e-01
-9.765625000000000000e-03
-7.812500000000000000e-02
2.978515625000000000e-01
4.345703125000000000e-01
-2.441406250000000000e-03
-1.879882812500000000e-01
2.416992187500000000e-01
4.736328125000000000e-01
1.025390625000000000e-01
-2.124023437500000000e-01
9.521484375000000000e-02
3.173828125000000000e-01
2.368164062500000000e-01
1.464843750000000000e-01
8.300781250000000000e-02
4.394531250000000000e-02
1.586914062500000000e-01
2.587890625000000000e-01
1.684570312500000000e-01
6.835937500000000000e-02
1.196289062500000000e-01
1.635742187500000000e-01
1.440429687500000000e-01
1.293945312500000000e-01
1.782226562500000000e-01
1.611328125000000000e-01
1.098632812500000000e-01
1.293945312500000000e-01
1.953125000000000000e-01
1.562500000000000000e-01
1.000976562500000000e-01
1.293945312500000000e-01
1.538085937500000000e-01
1.342773437500000000e-01
1.245117187500000000e-01
1.708984375000000000e-01
1.806640625000000000e-01
1.562500000000000000e-01
1.416015625000000000e-01
1.342773437500000000e-01
1.171875000000000000e-01
1.147460937500000000e-01
1.562500000000000000e-01
1.977539062500000000e-01
1.879882812500000000e-01
1.391601562500000000e-01
1.123046875000000000e-01
1.196289062500000000e-01
1.416015625000000000e-01
1.586914062500000000e-01
1.538085937500000000e-01
1.391601562500000000e-01
1.367187500000000000e-01
1.586914062500000000e-01
1.538085937500000000e-01
1.489257812500000000e-01
1.342773437500000000e-01
1.464843750000000000e-01
1.635742187500000000e-01
1.586914062500000000e-01
1.440429687500000000e-01
1.464843750000000000e-01
1.391601562500000000e-01
1.416015625000000000e-01
1.416015625000000000e-01
1.464843750000000000e-01
1.513671875000000000e-01
1.416015625000000000e-01
1.489257812500000000e-01
1.489257812500000000e-01
1.489257812500000000e-01
1.562500000000000000e-01
1.513671875000000000e-01
1.562500000000000000e-01
1.513671875000000000e-01
1.538085937500000000e-01
1.562500000000000000e-01
1.416015625000000000e-01
1.489257812500000000e-01
1.538085937500000000e-01
1.416015625000000000e-01
1.464843750000000000e-01
1.440429687500000000e-01
1.513671875000000000e-01
1.538085937500000000e-01
1.489257812500000000e-01
1.440429687500000000e-01
1.367187500000000000e-01
1.391601562500000000e-01
1.513671875000000000e-01
1.391601562500000000e-01
1.440429687500000000e-01
1.538085937500000000e-01
1.464843750000000000e-01
1.489257812500000000e-01
1.464843750000000000e-01
1.416015625000000000e-01
1.464843750000000000e-01
1.513671875000000000e-01
1.489257812500000000e-01
1.391601562500000000e-01
1.464843750000000000e-01
1.464843750000000000e-01
1.464843750000000000e-01
1.440429687500000000e-01
1.538085937500000000e-01
1.440429687500000000e-01
1.440429687500000000e-01
1.464843750000000000e-01
1.440429687500000000e-01
1.464843750000000000e-01
1.513671875000000000e-01
1.489257812500000000e-01
1.489257812500000000e-01
1.440429687500000000e-01
1.440429687500000000e-01
1.538085937500000000e-01
1.513671875000000000e-01
1.416015625000000000e-01
1.416015625000000000e-01
1.440429687500000000e-01
1.391601562500000000e-01
1.513671875000000000e-01
1.513671875000000000e-01
1.538085937500000000e-01
1.440429687500000000e-01
1.513671875000000000e-01
1.513671875000000000e-01
1.513671875000000000e-01
1.489257812500000000e-01
1.538085937500000000e-01
1.489257812500000000e-01
1.562500000000000000e-01
1.489257812500000000e-01
1.464843750000000000e-01
1.586914062500000000e-01
1.562500000000000000e-01
1.464843750000000000e-01
1.489257812500000000e-01
1.440429687500000000e-01
1.367187500000000000e-01
1.513671875000000000e-01
1.538085937500000000e-01
1.489257812500000000e-01
1.513671875000000000e-01
1.513671875000000000e-01
1.513671875000000000e-01
1.440429687500000000e-01
1.464843750000000000e-01
1.416015625000000000e-01
1.416015625000000000e-01
1.489257812500000000e-01
1.538085937500000000e-01
1.440429687500000000e-01
1.489257812500000000e-01
1.464843750000000000e-01
1.489257812500000000e-01
1.538085937500000000e-01
1.440429687500000000e-01
1.416015625000000000e-01
1.513671875000000000e-01
1.440429687500000000e-01
1.464843750000000000e-01
1.416015625000000000e-01
1.416015625000000000e-01
1.416015625000000000e-01
1.489257812500000000e-01
1.489257812500000000e-01
1.464843750000000000e-01
1.416015625000000000e-01
1.464843750000000000e-01
1.416015625000000000e-01
1.464843750000000000e-01
1.416015625000000000e-01
1.464843750000000000e-01
1.464843750000000000e-01
1.416015625000000000e-01
1.440429687500000000e-01
1.367187500000000000e-01
1.416015625000000000e-01
1.416015625000000000e-01
1.440429687500000000e-01
1.489257812500000000e-01
1.416015625000000000e-01
1.416015625000000000e-01
1.489257812500000000e-01
1.464843750000000000e-01
1.367187500000000000e-01
1.464843750000000000e-01
1.416015625000000000e-01
1.416015625000000000e-01
1.464843750000000000e-01
1.416015625000000000e-01
1.464843750000000000e-01
1.489257812500000000e-01
1.440429687500000000e-01
1.489257812500000000e-01
1.367187500000000000e-01
1.440429687500000000e-01
1.464843750000000000e-01
1.464843750000000000e-01
1.416015625000000000e-01
1.367187500000000000e-01
1.416015625000000000e-01
1.538085937500000000e-01
1.391601562500000000e-01
1.416015625000000000e-01
1.391601562500000000e-01
1.489257812500000000e-01
1.464843750000000000e-01
1.440429687500000000e-01
1.464843750000000000e-01
1.391601562500000000e-01
1.464843750000000000e-01
1.464843750000000000e-01
1.440429687500000000e-01
1.464843750000000000e-01
1.464843750000000000e-01
1.489257812500000000e-01
1.489257812500000000e-01
1.440429687500000000e-01
1.391601562500000000e-01
1.416015625000000000e-01
1.464843750000000000e-01
1.440429687500000000e-01
1.440429687500000000e-01
1.440429687500000000e-01
1.489257812500000000e-01
1.416015625000000000e-01
1.367187500000000000e-01
1.440429687500000000e-01
1.416015625000000000e-01
1.440429687500000000e-01
1.489257812500000000e-01
1.489257812500000000e-01
1.464843750000000000e-01
1.440429687500000000e-01
1.391601562500000000e-01
1.391601562500000000e-01
1.391601562500000000e-01
1.489257812500000000e-01
1.440429687500000000e-01
1.440429687500000000e-01
1.391601562500000000e-01
1.367187500000000000e-01
1.367187500000000000e-01
1.416015625000000000e-01
1.416015625000000000e-01
1.391601562500000000e-01
1.440429687500000000e-01
1.464843750000000000e-01
1.416015625000000000e-01
1.464843750000000000e-01
1.440429687500000000e-01
1.464843750000000000e-01
1.367187500000000000e-01
1.391601562500000000e-01
1.489257812500000000e-01
1.367187500000000000e-01
1.416015625000000000e-01
1.513671875000000000e-01
1.416015625000000000e-01
1.391601562500000000e-01
1.367187500000000000e-01
1.416015625000000000e-01
1.391601562500000000e-01
1.416015625000000000e-01
1.440429687500000000e-01
1.416015625000000000e-01
1.489257812500000000e-01
1.416015625000000000e-01
1.416015625000000000e-01
1.489257812500000000e-01
1.440429687500000000e-01
1.440429687500000000e-01
1.391601562500000000e-01
1.440429687500000000e-01
1.440429687500000000e-01
1.562500000000000000e-01
1.489257812500000000e-01
1.416015625000000000e-01
1.538085937500000000e-01
1.489257812500000000e-01
1.464843750000000000e-01
1.440429687500000000e-01
1.440429687500000000e-01
1.464843750000000000e-01
1.489257812500000000e-01
1.464843750000000000e-01
1.440429687500000000e-01
1.416015625000000000e-01
1.367187500000000000e-01
1.416015625000000000e-01
1.464843750000000000e-01
1.464843750000000000e-01
1.464843750000000000e-01
1.489257812500000000e-01
1.440429687500000000e-01
1.416015625000000000e-01
1.440429687500000000e-01
1.464843750000000000e-01
1.489257812500000000e-01
1.440429687500000000e-01
1.440429687500000000e-01
1.440429687500000000e-01
1.367187500000000000e-01
1.416015625000000000e-01
1.440429687500000000e-01
1.513671875000000000e-01
1.440429687500000000e-01
1.416015625000000000e-01
1.513671875000000000e-01
1.391601562500000000e-01
1.391601562500000000e-01
1.464843750000000000e-01
1.416015625000000000e-01
1.538085937500000000e-01
1.416015625000000000e-01
1.342773437500000000e-01
1.513671875000000000e-01
1.416015625000000000e-01
1.416015625000000000e-01
1.440429687500000000e-01
1.464843750000000000e-01
1.391601562500000000e-01
1.416015625000000000e-01
1.416015625000000000e-01
1.416015625000000000e-01
1.367187500000000000e-01
1.416015625000000000e-01
1.440429687500000000e-01
1.416015625000000000e-01
1.416015625000000000e-01
1.416015625000000000e-01
1.416015625000000000e-01
1.391601562500000000e-01
1.440429687500000000e-01
1.464843750000000000e-01
1.440429687500000000e-01
1.391601562500000000e-01
1.440429687500000000e-01
1.440429687500000000e-01
1.416015625000000000e-01
1.440429687500000000e-01
1.416015625000000000e-01
1.391601562500000000e-01
1.464843750000000000e-01
1.513671875000000000e-01
1.440429687500000000e-01
1.416015625000000000e-01
1.440429687500000000e-01
1.416015625000000000e-01
1.440429687500000000e-01
1.464843750000000000e-01
1.489257812500000000e-01
1.440429687500000000e-01
1.464843750000000000e-01
1.489257812500000000e-01
1.440429687500000000e-01
1.489257812500000000e-01
1.464843750000000000e-01
1.391601562500000000e-01
1.464843750000000000e-01
1.416015625000000000e-01
1.489257812500000000e-01
1.416015625000000000e-01
1.440429687500000000e-01
1.464843750000000000e-01
1.464843750000000000e-01
1.440429687500000000e-01
1.440429687500000000e-01
1.513671875000000000e-01
1.513671875000000000e-01
1.513671875000000000e-01
1.440429687500000000e-01
1.464843750000000000e-01
1.391601562500000000e-01
1.489257812500000000e-01
1.489257812500000000e-01
1.489257812500000000e-01
1.440429687500000000e-01
1.416015625000000000e-01
1.416015625000000000e-01
1.489257812500000000e-01
1.489257812500000000e-01
1.440429687500000000e-01
1.464843750000000000e-01
1.489257812500000000e-01
1.440429687500000000e-01
1.416015625000000000e-01
1.489257812500000000e-01
1.416015625000000000e-01
1.489257812500000000e-01
1.440429687500000000e-01
1.440429687500000000e-01
1.391601562500000000e-01
1.464843750000000000e-01
1.391601562500000000e-01
1.513671875000000000e-01
1.440429687500000000e-01
1.440429687500000000e-01
1.464843750000000000e-01
1.464843750000000000e-01
1.391601562500000000e-01
1.416015625000000000e-01
1.416015625000000000e-01
1.489257812500000000e-01
1.440429687500000000e-01
1.367187500000000000e-01
1.464843750000000000e-01
1.391601562500000000e-01
1.367187500000000000e-01
1.416015625000000000e-01
1.416015625000000000e-01
1.367187500000000000e-01
1.391601562500000000e-01
1.489257812500000000e-01
1.391601562500000000e-01
1.489257812500000000e-01
1.464843750000000000e-01
1.440429687500000000e-01
1.464843750000000000e-01
1.464843750000000000e-01
1.440429687500000000e-01
1.416015625000000000e-01
1.391601562500000000e-01
1.464843750000000000e-01
1.440429687500000000e-01
1.367187500000000000e-01
1.440429687500000000e-01
1.416015625000000000e-01
1.416015625000000000e-01
1.416015625000000000e-01
1.464843750000000000e-01
1.391601562500000000e-01
1.440429687500000000e-01
1.391601562500000000e-01
1.416015625000000000e-01
1.440429687500000000e-01
1.440429687500000000e-01
1.464843750000000000e-01
1.416015625000000000e-01
1.464843750000000000e-01
1.489257812500000000e-01
1.367187500000000000e-01
1.416015625000000000e-01
1.464843750000000000e-01
1.464843750000000000e-01
1.464843750000000000e-01
1.464843750000000000e-01
1.489257812500000000e-01
1.464843750000000000e-01
1.538085937500000000e-01
1.440429687500000000e-01
1.464843750000000000e-01
1.464843750000000000e-01
1.440429687500000000e-01
1.440429687500000000e-01
1.440429687500000000e-01
1.464843750000000000e-01
1.391601562500000000e-01
1.416015625000000000e-01
1.391601562500000000e-01
1.513671875000000000e-01
1.391601562500000000e-01
1.416015625000000000e-01
1.489257812500000000e-01
1.440429687500000000e-01
1.416015625000000000e-01
1.440429687500000000e-01
1.416015625000000000e-01
1.440429687500000000e-01
1.464843750000000000e-01
1.513671875000000000e-01
1.464843750000000000e-01
1.464843750000000000e-01
1.440429687500000000e-01
1.416015625000000000e-01
1.367187500000000000e-01
1.464843750000000000e-01
1.513671875000000000e-01
1.464843750000000000e-01
1.391601562500000000e-01
1.489257812500000000e-01
1.440429687500000000e-01
1.440429687500000000e-01
1.416015625000000000e-01
1.416015625000000000e-01
1.416015625000000000e-01
1.464843750000000000e-01
1.342773437500000000e-01
1.440429687500000000e-01
1.464843750000000000e-01
1.464843750000000000e-01
1.464843750000000000e-01
1.464843750000000000e-01
1.513671875000000000e-01
1.416015625000000000e-01
1.416015625000000000e-01
1.391601562500000000e-01
1.367187500000000000e-01
1.464843750000000000e-01
1.391601562500000000e-01
1.440429687500000000e-01
1.440429687500000000e-01
1.293945312500000000e-01
1.464843750000000000e-01
1.367187500000000000e-01
1.367187500000000000e-01
1.440429687500000000e-01
1.367187500000000000e-01
1.513671875000000000e-01
1.464843750000000000e-01
1.464843750000000000e-01
1.416015625000000000e-01
1.440429687500000000e-01
1.562500000000000000e-01
1.464843750000000000e-01
1.416015625000000000e-01
1.440429687500000000e-01
1.513671875000000000e-01
1.464843750000000000e-01
1.464843750000000000e-01
1.513671875000000000e-01
1.464843750000000000e-01
1.489257812500000000e-01
1.440429687500000000e-01
1.538085937500000000e-01
1.440429687500000000e-01
1.464843750000000000e-01
1.489257812500000000e-01
1.513671875000000000e-01
1.440429687500000000e-01
1.513671875000000000e-01
1.489257812500000000e-01
1.464843750000000000e-01
1.440429687500000000e-01
1.464843750000000000e-01
1.513671875000000000e-01
1.489257812500000000e-01
1.440429687500000000e-01
1.513671875000000000e-01
1.440429687500000000e-01
1.513671875000000000e-01
1.513671875000000000e-01
1.464843750000000000e-01
1.489257812500000000e-01
1.416015625000000000e-01
1.464843750000000000e-01
1.611328125000000000e-01
1.489257812500000000e-01
1.464843750000000000e-01
1.513671875000000000e-01
1.464843750000000000e-01
1.513671875000000000e-01
1.489257812500000000e-01
1.464843750000000000e-01
1.464843750000000000e-01
1.489257812500000000e-01
1.562500000000000000e-01
1.538085937500000000e-01
1.489257812500000000e-01
1.391601562500000000e-01
1.513671875000000000e-01
1.562500000000000000e-01
1.586914062500000000e-01
1.464843750000000000e-01
1.489257812500000000e-01
1.464843750000000000e-01
1.538085937500000000e-01
1.464843750000000000e-01
1.367187500000000000e-01
1.538085937500000000e-01
1.513671875000000000e-01
1.489257812500000000e-01
1.538085937500000000e-01
1.440429687500000000e-01
1.489257812500000000e-01
1.538085937500000000e-01
1.489257812500000000e-01
1.440429687500000000e-01
1.513671875000000000e-01
1.440429687500000000e-01
1.440429687500000000e-01
1.513671875000000000e-01
1.489257812500000000e-01
1.489257812500000000e-01
1.538085937500000000e-01
1.489257812500000000e-01
1.464843750000000000e-01
1.416015625000000000e-01
1.464843750000000000e-01
1.513671875000000000e-01
1.440429687500000000e-01
1.440429687500000000e-01
1.489257812500000000e-01
1.489257812500000000e-01
1.464843750000000000e-01
1.489257812500000000e-01
1.440429687500000000e-01
1.489257812500000000e-01
1.513671875000000000e-01
1.513671875000000000e-01
1.416015625000000000e-01
1.391601562500000000e-01
1.464843750000000000e-01
1.513671875000000000e-01
1.464843750000000000e-01
1.586914062500000000e-01
1.489257812500000000e-01
1.464843750000000000e-01
1.513671875000000000e-01
1.513671875000000000e-01
1.464843750000000000e-01
1.489257812500000000e-01
1.489257812500000000e-01
1.464843750000000000e-01
1.440429687500000000e-01
1.562500000000000000e-01
1.489257812500000000e-01
1.464843750000000000e-01
1.440429687500000000e-01
1.440429687500000000e-01
1.489257812500000000e-01
1.489257812500000000e-01
1.416015625000000000e-01
1.538085937500000000e-01
1.513671875000000000e-01
1.489257812500000000e-01
1.538085937500000000e-01
1.489257812500000000e-01
1.440429687500000000e-01
1.513671875000000000e-01
1.342773437500000000e-01
1.513671875000000000e-01
1.562500000000000000e-01
1.513671875000000000e-01
1.586914062500000000e-01
1.513671875000000000e-01
1.513671875000000000e-01
1.489257812500000000e-01
1.489257812500000000e-01
1.416015625000000000e-01
1.416015625000000000e-01
1.464843750000000000e-01
1.489257812500000000e-01
1.416015625000000000e-01
1.489257812500000000e-01
1.538085937500000000e-01
1.464843750000000000e-01
1.513671875000000000e-01
1.416015625000000000e-01
1.489257812500000000e-01
1.416015625000000000e-01
1.440429687500000000e-01
1.440429687500000000e-01
1.416015625000000000e-01
1.367187500000000000e-01
1.489257812500000000e-01
1.464843750000000000e-01
1.464843750000000000e-01
1.489257812500000000e-01
1.440429687500000000e-01
1.416015625000000000e-01
1.464843750000000000e-01
1.440429687500000000e-01
1.440429687500000000e-01
1.440429687500000000e-01
1.416015625000000000e-01
1.416015625000000000e-01
1.416015625000000000e-01
1.464843750000000000e-01
1.440429687500000000e-01
1.367187500000000000e-01
1.440429687500000000e-01
1.513671875000000000e-01
1.342773437500000000e-01
1.440429687500000000e-01
1.489257812500000000e-01
1.367187500000000000e-01
1.342773437500000000e-01
1.367187500000000000e-01
1.416015625000000000e-01
1.416015625000000000e-01
1.440429687500000000e-01
1.440429687500000000e-01
1.416015625000000000e-01
1.489257812500000000e-01
1.489257812500000000e-01
1.464843750000000000e-01
1.440429687500000000e-01
1.464843750000000000e-01
1.489257812500000000e-01
1.416015625000000000e-01
1.464843750000000000e-01
1.440429687500000000e-01
1.416015625000000000e-01
1.464843750000000000e-01
1.464843750000000000e-01
1.440429687500000000e-01
1.440429687500000000e-01
1.464843750000000000e-01
1.245117187500000000e-01
1.391601562500000000e-01
1.489257812500000000e-01
1.391601562500000000e-01
1.440429687500000000e-01
1.464843750000000000e-01
1.464843750000000000e-01
1.489257812500000000e-01
1.440429687500000000e-01
1.391601562500000000e-01
1.391601562500000000e-01
1.391601562500000000e-01
1.440429687500000000e-01
1.489257812500000000e-01
1.416015625000000000e-01
1.440429687500000000e-01
1.367187500000000000e-01
1.391601562500000000e-01
1.440429687500000000e-01
1.489257812500000000e-01
1.464843750000000000e-01
1.489257812500000000e-01
1.416015625000000000e-01
1.513671875000000000e-01
1.391601562500000000e-01
1.513671875000000000e-01
1.391601562500000000e-01
1.391601562500000000e-01
1.416015625000000000e-01
1.489257812500000000e-01
1.489257812500000000e-01
1.391601562500000000e-01
1.342773437500000000e-01
1.416015625000000000e-01
1.489257812500000000e-01
1.416015625000000000e-01
1.416015625000000000e-01
1.464843750000000000e-01
1.367187500000000000e-01
1.342773437500000000e-01
1.367187500000000000e-01
1.464843750000000000e-01
1.440429687500000000e-01
1.440429687500000000e-01
1.367187500000000000e-01
1.391601562500000000e-01
1.513671875000000000e-01
1.416015625000000000e-01
1.391601562500000000e-01
1.440429687500000000e-01
1.464843750000000000e-01
1.440429687500000000e-01
1.391601562500000000e-01
1.464843750000000000e-01
1.440429687500000000e-01
1.464843750000000000e-01
1.367187500000000000e-01
1.464843750000000000e-01
1.489257812500000000e-01
1.391601562500000000e-01
1.416015625000000000e-01
1.440429687500000000e-01
1.342773437500000000e-01
1.391601562500000000e-01
1.440429687500000000e-01
1.440429687500000000e-01
1.440429687500000000e-01
1.464843750000000000e-01
1.464843750000000000e-01
1.391601562500000000e-01
1.464843750000000000e-01
1.440429687500000000e-01
1.440429687500000000e-01
1.440429687500000000e-01
1.318359375000000000e-01
1.489257812500000000e-01
1.513671875000000000e-01
1.391601562500000000e-01
1.342773437500000000e-01
1.342773437500000000e-01
1.440429687500000000e-01
1.464843750000000000e-01
1.513671875000000000e-01
1.440429687500000000e-01
1.464843750000000000e-01
1.464843750000000000e-01
1.513671875000000000e-01
1.342773437500000000e-01
1.416015625000000000e-01
1.513671875000000000e-01
1.489257812500000000e-01
1.440429687500000000e-01
1.318359375000000000e-01
1.513671875000000000e-01
1.440429687500000000e-01
1.464843750000000000e-01
1.416015625000000000e-01
1.440429687500000000e-01
1.367187500000000000e-01
1.391601562500000000e-01
1.416015625000000000e-01
1.391601562500000000e-01
1.513671875000000000e-01
1.489257812500000000e-01
1.342773437500000000e-01
1.342773437500000000e-01
1.440429687500000000e-01
1.367187500000000000e-01
1.391601562500000000e-01
1.464843750000000000e-01
1.538085937500000000e-01
1.440429687500000000e-01
1.464843750000000000e-01
1.416015625000000000e-01
1.318359375000000000e-01
1.391601562500000000e-01
1.489257812500000000e-01
1.440429687500000000e-01
1.367187500000000000e-01
1.464843750000000000e-01
1.513671875000000000e-01
1.538085937500000000e-01
1.513671875000000000e-01
1.489257812500000000e-01
1.440429687500000000e-01
1.440429687500000000e-01
1.538085937500000000e-01
1.489257812500000000e-01
1.464843750000000000e-01
1.391601562500000000e-01
1.416015625000000000e-01
1.367187500000000000e-01
1.416015625000000000e-01
1.513671875000000000e-01
1.489257812500000000e-01
1.318359375000000000e-01
1.440429687500000000e-01
1.416015625000000000e-01
1.464843750000000000e-01
1.416015625000000000e-01
1.293945312500000000e-01
1.367187500000000000e-01
1.464843750000000000e-01
1.489257812500000000e-01
1.440429687500000000e-01
1.416015625000000000e-01
1.464843750000000000e-01
1.489257812500000000e-01
1.440429687500000000e-01
1.342773437500000000e-01
1.440429687500000000e-01
1.489257812500000000e-01
1.538085937500000000e-01
1.513671875000000000e-01
1.440429687500000000e-01
1.416015625000000000e-01
1.440429687500000000e-01
1.416015625000000000e-01
1.367187500000000000e-01
1.342773437500000000e-01
1.318359375000000000e-01
1.342773437500000000e-01
1.416015625000000000e-01
1.416015625000000000e-01
1.513671875000000000e-01
1.416015625000000000e-01
1.391601562500000000e-01
1.416015625000000000e-01
1.464843750000000000e-01
1.367187500000000000e-01
1.489257812500000000e-01
1.367187500000000000e-01
1.464843750000000000e-01
1.464843750000000000e-01
1.342773437500000000e-01
1.293945312500000000e-01
1.293945312500000000e-01
1.464843750000000000e-01
1.440429687500000000e-01
1.464843750000000000e-01
1.464843750000000000e-01
1.416015625000000000e-01
1.367187500000000000e-01
1.464843750000000000e-01
1.489257812500000000e-01
1.416015625000000000e-01
1.367187500000000000e-01
1.269531250000000000e-01
1.367187500000000000e-01
1.391601562500000000e-01
1.367187500000000000e-01
1.440429687500000000e-01
1.367187500000000000e-01
1.489257812500000000e-01
1.513671875000000000e-01
1.489257812500000000e-01
1.464843750000000000e-01
1.391601562500000000e-01
1.318359375000000000e-01
1.293945312500000000e-01
1.464843750000000000e-01
1.391601562500000000e-01
1.416015625000000000e-01
1.538085937500000000e-01
1.538085937500000000e-01
1.440429687500000000e-01
1.489257812500000000e-01
1.489257812500000000e-01
1.440429687500000000e-01
1.391601562500000000e-01
1.342773437500000000e-01
1.464843750000000000e-01
1.513671875000000000e-01
1.562500000000000000e-01
1.464843750000000000e-01
1.391601562500000000e-01
1.342773437500000000e-01
1.269531250000000000e-01
1.367187500000000000e-01
1.416015625000000000e-01
1.367187500000000000e-01
1.489257812500000000e-01
1.318359375000000000e-01
1.416015625000000000e-01
1.367187500000000000e-01
1.538085937500000000e-01
1.513671875000000000e-01
1.440429687500000000e-01
1.440429687500000000e-01
1.293945312500000000e-01
1.318359375000000000e-01
1.367187500000000000e-01
1.416015625000000000e-01
1.440429687500000000e-01
1.464843750000000000e-01
1.367187500000000000e-01
1.464843750000000000e-01
1.513671875000000000e-01
1.562500000000000000e-01
1.562500000000000000e-01
1.440429687500000000e-01
1.391601562500000000e-01
1.367187500000000000e-01
1.391601562500000000e-01
1.464843750000000000e-01
1.416015625000000000e-01
1.489257812500000000e-01
1.318359375000000000e-01
1.391601562500000000e-01
1.342773437500000000e-01
1.440429687500000000e-01
1.513671875000000000e-01
1.538085937500000000e-01
1.464843750000000000e-01
1.342773437500000000e-01
1.269531250000000000e-01
1.318359375000000000e-01
1.318359375000000000e-01
1.489257812500000000e-01
1.562500000000000000e-01
1.416015625000000000e-01
1.367187500000000000e-01
1.342773437500000000e-01
1.318359375000000000e-01
1.440429687500000000e-01
1.440429687500000000e-01
1.367187500000000000e-01
1.416015625000000000e-01
1.391601562500000000e-01
1.416015625000000000e-01
1.342773437500000000e-01
1.367187500000000000e-01
1.416015625000000000e-01
1.391601562500000000e-01
1.391601562500000000e-01
1.367187500000000000e-01
1.562500000000000000e-01
1.464843750000000000e-01
1.367187500000000000e-01
1.464843750000000000e-01
1.513671875000000000e-01
1.586914062500000000e-01
1.538085937500000000e-01
1.489257812500000000e-01
1.464843750000000000e-01
1.464843750000000000e-01
1.440429687500000000e-01
1.464843750000000000e-01
1.538085937500000000e-01
1.513671875000000000e-01
1.586914062500000000e-01
1.562500000000000000e-01
1.367187500000000000e-01
1.464843750000000000e-01
1.391601562500000000e-01
1.367187500000000000e-01
1.513671875000000000e-01
1.562500000000000000e-01
1.611328125000000000e-01
1.440429687500000000e-01
1.440429687500000000e-01
1.464843750000000000e-01
1.464843750000000000e-01
1.367187500000000000e-01
1.562500000000000000e-01
1.611328125000000000e-01
1.562500000000000000e-01
1.440429687500000000e-01
1.489257812500000000e-01
1.464843750000000000e-01
1.489257812500000000e-01
1.538085937500000000e-01
1.416015625000000000e-01
1.318359375000000000e-01
1.440429687500000000e-01
1.513671875000000000e-01
1.513671875000000000e-01
1.489257812500000000e-01
1.489257812500000000e-01
1.611328125000000000e-01
1.513671875000000000e-01
1.513671875000000000e-01
1.538085937500000000e-01
1.367187500000000000e-01
1.538085937500000000e-01
1.464843750000000000e-01
1.464843750000000000e-01
1.513671875000000000e-01
1.538085937500000000e-01
1.586914062500000000e-01
1.464843750000000000e-01
1.440429687500000000e-01
1.562500000000000000e-01
1.440429687500000000e-01
1.538085937500000000e-01
1.538085937500000000e-01
1.489257812500000000e-01
1.293945312500000000e-01
1.342773437500000000e-01
1.342773437500000000e-01
1.416015625000000000e-01
1.440429687500000000e-01
1.416015625000000000e-01
1.562500000000000000e-01
1.489257812500000000e-01
1.489257812500000000e-01
1.489257812500000000e-01
1.416015625000000000e-01
1.586914062500000000e-01
1.660156250000000000e-01
1.513671875000000000e-01
1.489257812500000000e-01
1.489257812500000000e-01
1.464843750000000000e-01
1.464843750000000000e-01
1.440429687500000000e-01
1.416015625000000000e-01
1.391601562500000000e-01
1.440429687500000000e-01
1.367187500000000000e-01
1.342773437500000000e-01
1.318359375000000000e-01
1.416015625000000000e-01
1.440429687500000000e-01
1.464843750000000000e-01
1.464843750000000000e-01
1.513671875000000000e-01
1.464843750000000000e-01
1.513671875000000000e-01
1.342773437500000000e-01
1.464843750000000000e-01
1.489257812500000000e-01
1.538085937500000000e-01
1.489257812500000000e-01
1.464843750000000000e-01
1.586914062500000000e-01
1.562500000000000000e-01
1.367187500000000000e-01
1.245117187500000000e-01
1.464843750000000000e-01
1.513671875000000000e-01
1.538085937500000000e-01
1.464843750000000000e-01
1.562500000000000000e-01
1.635742187500000000e-01
1.513671875000000000e-01
1.489257812500000000e-01
1.538085937500000000e-01
1.513671875000000000e-01
1.464843750000000000e-01
1.513671875000000000e-01
1.440429687500000000e-01
1.440429687500000000e-01
1.464843750000000000e-01
1.440429687500000000e-01
1.464843750000000000e-01
1.513671875000000000e-01
1.489257812500000000e-01
1.562500000000000000e-01
1.586914062500000000e-01
1.416015625000000000e-01
1.489257812500000000e-01
1.489257812500000000e-01
1.464843750000000000e-01
1.489257812500000000e-01
1.538085937500000000e-01
1.416015625000000000e-01
1.440429687500000000e-01
1.513671875000000000e-01
1.562500000000000000e-01
1.489257812500000000e-01
1.513671875000000000e-01
1.489257812500000000e-01
1.367187500000000000e-01
1.562500000000000000e-01
1.342773437500000000e-01
1.269531250000000000e-01
1.440429687500000000e-01
1.464843750000000000e-01
1.440429687500000000e-01
1.586914062500000000e-01
1.660156250000000000e-01
1.464843750000000000e-01
1.464843750000000000e-01
1.391601562500000000e-01
1.391601562500000000e-01
1.513671875000000000e-01
1.562500000000000000e-01
1.489257812500000000e-01
1.440429687500000000e-01
1.562500000000000000e-01
1.489257812500000000e-01
1.489257812500000000e-01
1.416015625000000000e-01
1.489257812500000000e-01
1.342773437500000000e-01
1.318359375000000000e-01
1.293945312500000000e-01
1.416015625000000000e-01
1.416015625000000000e-01
1.440429687500000000e-01
1.464843750000000000e-01
1.464843750000000000e-01
1.391601562500000000e-01
1.513671875000000000e-01
1.464843750000000000e-01
1.513671875000000000e-01
1.464843750000000000e-01
1.440429687500000000e-01
1.440429687500000000e-01
1.464843750000000000e-01
1.416015625000000000e-01
1.342773437500000000e-01
1.367187500000000000e-01
1.391601562500000000e-01
1.293945312500000000e-01
1.269531250000000000e-01
1.440429687500000000e-01
1.489257812500000000e-01
1.440429687500000000e-01
1.391601562500000000e-01
1.464843750000000000e-01
1.293945312500000000e-01
1.464843750000000000e-01
1.489257812500000000e-01
1.513671875000000000e-01
1.440429687500000000e-01
1.416015625000000000e-01
1.440429687500000000e-01
1.440429687500000000e-01
1.464843750000000000e-01
1.391601562500000000e-01
1.367187500000000000e-01
1.464843750000000000e-01
1.513671875000000000e-01
1.367187500000000000e-01
1.293945312500000000e-01
1.440429687500000000e-01
1.538085937500000000e-01
1.367187500000000000e-01
1.440429687500000000e-01
1.562500000000000000e-01
1.489257812500000000e-01
1.367187500000000000e-01
1.416015625000000000e-01
1.367187500000000000e-01
1.367187500000000000e-01
1.489257812500000000e-01
1.538085937500000000e-01
1.440429687500000000e-01
1.489257812500000000e-01
1.513671875000000000e-01
1.440429687500000000e-01
1.440429687500000000e-01
1.440429687500000000e-01
1.269531250000000000e-01
1.318359375000000000e-01
1.416015625000000000e-01
1.489257812500000000e-01
1.416015625000000000e-01
1.293945312500000000e-01
1.391601562500000000e-01
1.391601562500000000e-01
1.562500000000000000e-01
1.416015625000000000e-01
1.440429687500000000e-01
1.440429687500000000e-01
1.464843750000000000e-01
1.391601562500000000e-01
1.416015625000000000e-01
1.416015625000000000e-01
1.440429687500000000e-01
1.489257812500000000e-01
1.367187500000000000e-01
1.489257812500000000e-01
1.440429687500000000e-01
1.293945312500000000e-01
1.367187500000000000e-01
1.391601562500000000e-01
1.440429687500000000e-01
1.440429687500000000e-01
1.464843750000000000e-01
1.464843750000000000e-01
1.489257812500000000e-01
1.416015625000000000e-01
1.416015625000000000e-01
1.416015625000000000e-01
1.538085937500000000e-01
1.464843750000000000e-01
1.416015625000000000e-01
1.489257812500000000e-01
1.416015625000000000e-01
1.391601562500000000e-01
1.367187500000000000e-01
1.416015625000000000e-01
1.489257812500000000e-01
1.513671875000000000e-01
1.342773437500000000e-01
1.318359375000000000e-01
1.464843750000000000e-01
1.538085937500000000e-01
1.464843750000000000e-01
1.220703125000000000e-01
1.440429687500000000e-01
1.464843750000000000e-01
1.416015625000000000e-01
1.440429687500000000e-01
1.367187500000000000e-01
1.586914062500000000e-01
1.513671875000000000e-01
1.391601562500000000e-01
1.538085937500000000e-01
1.416015625000000000e-01
1.293945312500000000e-01
1.562500000000000000e-01
1.416015625000000000e-01
1.440429687500000000e-01
1.391601562500000000e-01
1.513671875000000000e-01
1.538085937500000000e-01
1.367187500000000000e-01
1.293945312500000000e-01
1.391601562500000000e-01
1.513671875000000000e-01
1.513671875000000000e-01
1.416015625000000000e-01
1.440429687500000000e-01
1.586914062500000000e-01
1.464843750000000000e-01
1.391601562500000000e-01
1.367187500000000000e-01
1.464843750000000000e-01
1.416015625000000000e-01
1.342773437500000000e-01
1.489257812500000000e-01
1.464843750000000000e-01
1.391601562500000000e-01
1.269531250000000000e-01
1.513671875000000000e-01
1.464843750000000000e-01
1.440429687500000000e-01
1.245117187500000000e-01
1.464843750000000000e-01
1.464843750000000000e-01
1.464843750000000000e-01
1.342773437500000000e-01
1.513671875000000000e-01
1.440429687500000000e-01
1.293945312500000000e-01
1.440429687500000000e-01
1.513671875000000000e-01
1.416015625000000000e-01
1.489257812500000000e-01
1.391601562500000000e-01
1.391601562500000000e-01
1.538085937500000000e-01
1.440429687500000000e-01
1.391601562500000000e-01
1.391601562500000000e-01
1.489257812500000000e-01
1.538085937500000000e-01
1.440429687500000000e-01
1.367187500000000000e-01
1.464843750000000000e-01
1.513671875000000000e-01
1.464843750000000000e-01
1.464843750000000000e-01
1.562500000000000000e-01
1.538085937500000000e-01
1.440429687500000000e-01
1.464843750000000000e-01
1.416015625000000000e-01
1.367187500000000000e-01
1.489257812500000000e-01
1.464843750000000000e-01
1.391601562500000000e-01
1.367187500000000000e-01
1.489257812500000000e-01
1.416015625000000000e-01
1.342773437500000000e-01
1.391601562500000000e-01
1.635742187500000000e-01
1.440429687500000000e-01
1.342773437500000000e-01
1.464843750000000000e-01
1.489257812500000000e-01
1.513671875000000000e-01
1.586914062500000000e-01
1.416015625000000000e-01
1.464843750000000000e-01
1.586914062500000000e-01
1.464843750000000000e-01
1.538085937500000000e-01
1.489257812500000000e-01
1.464843750000000000e-01
1.538085937500000000e-01
1.513671875000000000e-01
1.464843750000000000e-01
1.513671875000000000e-01
1.538085937500000000e-01
1.464843750000000000e-01
1.513671875000000000e-01
1.489257812500000000e-01
1.489257812500000000e-01
1.416015625000000000e-01
1.391601562500000000e-01
1.538085937500000000e-01
1.416015625000000000e-01
1.416015625000000000e-01
1.367187500000000000e-01
1.391601562500000000e-01
1.391601562500000000e-01
1.416015625000000000e-01
1.391601562500000000e-01
1.489257812500000000e-01
1.391601562500000000e-01
1.440429687500000000e-01
1.489257812500000000e-01
1.586914062500000000e-01
1.342773437500000000e-01
1.416015625000000000e-01
1.562500000000000000e-01
1.391601562500000000e-01
1.464843750000000000e-01
1.513671875000000000e-01
1.440429687500000000e-01
1.391601562500000000e-01
1.440429687500000000e-01
1.391601562500000000e-01
1.635742187500000000e-01
1.464843750000000000e-01
1.489257812500000000e-01
1.464843750000000000e-01
1.538085937500000000e-01
1.367187500000000000e-01
1.440429687500000000e-01
1.318359375000000000e-01
1.464843750000000000e-01
1.367187500000000000e-01
1.318359375000000000e-01
1.538085937500000000e-01
1.538085937500000000e-01
1.464843750000000000e-01
1.586914062500000000e-01
1.513671875000000000e-01
1.416015625000000000e-01
1.489257812500000000e-01
1.489257812500000000e-01
1.464843750000000000e-01
1.464843750000000000e-01
1.464843750000000000e-01
1.562500000000000000e-01
1.440429687500000000e-01
1.440429687500000000e-01
1.562500000000000000e-01
1.464843750000000000e-01
1.489257812500000000e-01
1.513671875000000000e-01
1.416015625000000000e-01
1.391601562500000000e-01
1.562500000000000000e-01
1.464843750000000000e-01
1.391601562500000000e-01
1.538085937500000000e-01
1.464843750000000000e-01
1.391601562500000000e-01
1.391601562500000000e-01
1.269531250000000000e-01
1.586914062500000000e-01
1.513671875000000000e-01
1.489257812500000000e-01
1.562500000000000000e-01
1.464843750000000000e-01
1.464843750000000000e-01
1.538085937500000000e-01
1.562500000000000000e-01
1.538085937500000000e-01
1.440429687500000000e-01
1.513671875000000000e-01
1.416015625000000000e-01
1.464843750000000000e-01
1.513671875000000000e-01
1.391601562500000000e-01
1.489257812500000000e-01
1.367187500000000000e-01
1.245117187500000000e-01
1.342773437500000000e-01
1.391601562500000000e-01
1.342773437500000000e-01
1.367187500000000000e-01
1.416015625000000000e-01
1.416015625000000000e-01
1.342773437500000000e-01
1.342773437500000000e-01
1.538085937500000000e-01
1.367187500000000000e-01
1.416015625000000000e-01
1.513671875000000000e-01
1.293945312500000000e-01
1.367187500000000000e-01
1.513671875000000000e-01
1.342773437500000000e-01
1.318359375000000000e-01
1.513671875000000000e-01
1.416015625000000000e-01
1.489257812500000000e-01
1.342773437500000000e-01
1.440429687500000000e-01
1.391601562500000000e-01
1.318359375000000000e-01
1.489257812500000000e-01
1.440429687500000000e-01
1.416015625000000000e-01
1.513671875000000000e-01
1.416015625000000000e-01
1.391601562500000000e-01
1.318359375000000000e-01
1.513671875000000000e-01
1.318359375000000000e-01
1.635742187500000000e-01
1.342773437500000000e-01
1.489257812500000000e-01
1.538085937500000000e-01
1.391601562500000000e-01
1.513671875000000000e-01
1.464843750000000000e-01
1.416015625000000000e-01
1.367187500000000000e-01
1.367187500000000000e-01
1.367187500000000000e-01
1.416015625000000000e-01
1.513671875000000000e-01
1.342773437500000000e-01
1.416015625000000000e-01
1.538085937500000000e-01
1.416015625000000000e-01
1.342773437500000000e-01
1.489257812500000000e-01
1.416015625000000000e-01
1.367187500000000000e-01
1.440429687500000000e-01
1.489257812500000000e-01
1.391601562500000000e-01
1.489257812500000000e-01
1.367187500000000000e-01
1.391601562500000000e-01
1.367187500000000000e-01
1.538085937500000000e-01
1.513671875000000000e-01
1.391601562500000000e-01
1.416015625000000000e-01
1.464843750000000000e-01
1.416015625000000000e-01
1.342773437500000000e-01
1.416015625000000000e-01
1.342773437500000000e-01
1.440429687500000000e-01
1.391601562500000000e-01
1.391601562500000000e-01
1.464843750000000000e-01
1.391601562500000000e-01
1.513671875000000000e-01
1.318359375000000000e-01
1.440429687500000000e-01
1.440429687500000000e-01
1.416015625000000000e-01
1.440429687500000000e-01
1.293945312500000000e-01
1.416015625000000000e-01
1.342773437500000000e-01
1.367187500000000000e-01
1.367187500000000000e-01
1.269531250000000000e-01
1.538085937500000000e-01
1.464843750000000000e-01
1.416015625000000000e-01
1.464843750000000000e-01
1.391601562500000000e-01
1.293945312500000000e-01
1.489257812500000000e-01
1.464843750000000000e-01
1.293945312500000000e-01
1.416015625000000000e-01
1.342773437500000000e-01
1.416015625000000000e-01
1.513671875000000000e-01
1.391601562500000000e-01
1.416015625000000000e-01
1.367187500000000000e-01
1.464843750000000000e-01
1.391601562500000000e-01
1.416015625000000000e-01
1.464843750000000000e-01
1.464843750000000000e-01
1.562500000000000000e-01
1.464843750000000000e-01
1.342773437500000000e-01
1.342773437500000000e-01
1.440429687500000000e-01
1.440429687500000000e-01
1.562500000000000000e-01
1.416015625000000000e-01
1.416015625000000000e-01
1.391601562500000000e-01
1.342773437500000000e-01
1.513671875000000000e-01
1.489257812500000000e-01
1.416015625000000000e-01
1.489257812500000000e-01
1.391601562500000000e-01
1.586914062500000000e-01
1.391601562500000000e-01
1.611328125000000000e-01
1.416015625000000000e-01
1.367187500000000000e-01
1.464843750000000000e-01
1.342773437500000000e-01
1.342773437500000000e-01
1.440429687500000000e-01
1.342773437500000000e-01
1.464843750000000000e-01
1.416015625000000000e-01
1.464843750000000000e-01
1.318359375000000000e-01
1.416015625000000000e-01
1.440429687500000000e-01
1.342773437500000000e-01
1.489257812500000000e-01
1.391601562500000000e-01
