3.173828125000000000e-02
1.025390625000000000e-01
1.318359375000000000e-01
1.513671875000000000e-01
1.733398437500000000e-01
1.879882812500000000e-01
1.708984375000000000e-01
1.782226562500000000e-01
2.001953125000000000e-01
2.539062500000000000e-01
1.806640625000000000e-01
1.904296875000000000e-01
1.953125000000000000e-01
1.660156250000000000e-01
1.660156250000000000e-01
1.708984375000000000e-01
1.489257812500000000e-01
1.416015625000000000e-01
1.513671875000000000e-01
1.586914062500000000e-01
1.416015625000000000e-01
1.318359375000000000e-01
1.367187500000000000e-01
1.416015625000000000e-01
1.342773437500000000e-01
1.245117187500000000e-01
1.318359375000000000e-01
1.416015625000000000e-01
1.318359375000000000e-01
1.220703125000000000e-01
1.220703125000000000e-01
1.342773437500000000e-01
1.196289062500000000e-01
1.123046875000000000e-01
1.074218750000000000e-01
1.220703125000000000e-01
1.245117187500000000e-01
1.196289062500000000e-01
1.171875000000000000e-01
1.220703125000000000e-01
1.171875000000000000e-01
1.171875000000000000e-01
1.171875000000000000e-01
1.220703125000000000e-01
1.220703125000000000e-01
1.245117187500000000e-01
1.245117187500000000e-01
1.269531250000000000e-01
1.245117187500000000e-01
1.293945312500000000e-01
1.269531250000000000e-01
1.196289062500000000e-01
1.269531250000000000e-01
1.293945312500000000e-01
1.293945312500000000e-01
1.196289062500000000e-01
1.245117187500000000e-01
1.293945312500000000e-01
1.220703125000000000e-01
1.269531250000000000e-01
1.220703125000000000e-01
1.245117187500000000e-01
1.269531250000000000e-01
1.269531250000000000e-01
1.245117187500000000e-01
1.171875000000000000e-01
1.196289062500000000e-01
1.147460937500000000e-01
1.245117187500000000e-01
1.171875000000000000e-01
1.220703125000000000e-01
1.220703125000000000e-01
1.220703125000000000e-01
1.220703125000000000e-01
1.245117187500000000e-01
1.293945312500000000e-01
1.245117187500000000e-01
1.245117187500000000e-01
1.220703125000000000e-01
1.269531250000000000e-01
1.293945312500000000e-01
1.293945312500000000e-01
1.220703125000000000e-01
1.245117187500000000e-01
1.220703125000000000e-01
1.196289062500000000e-01
1.269531250000000000e-01
1.245117187500000000e-01
1.245117187500000000e-01
1.220703125000000000e-01
1.220703125000000000e-01
1.269531250000000000e-01
1.269531250000000000e-01
1.269531250000000000e-01
1.293945312500000000e-01
1.269531250000000000e-01
1.220703125000000000e-01
1.293945312500000000e-01
1.269531250000000000e-01
1.293945312500000000e-01
1.293945312500000000e-01
1.318359375000000000e-01
1.269531250000000000e-01
1.269531250000000000e-01
1.245117187500000000e-01
1.245117187500000000e-01
1.269531250000000000e-01
1.293945312500000000e-01
1.293945312500000000e-01
1.342773437500000000e-01
1.220703125000000000e-01
1.293945312500000000e-01
1.293945312500000000e-01
1.269531250000000000e-01
1.269531250000000000e-01
1.269531250000000000e-01
1.318359375000000000e-01
1.245117187500000000e-01
1.293945312500000000e-01
1.293945312500000000e-01
1.318359375000000000e-01
1.269531250000000000e-01
1.318359375000000000e-01
1.342773437500000000e-01
1.342773437500000000e-01
1.367187500000000000e-01
1.269531250000000000e-01
1.318359375000000000e-01
1.318359375000000000e-01
1.318359375000000000e-01
1.245117187500000000e-01
1.245117187500000000e-01
1.293945312500000000e-01
1.293945312500000000e-01
1.342773437500000000e-01
1.342773437500000000e-01
1.220703125000000000e-01
1.367187500000000000e-01
1.293945312500000000e-01
1.318359375000000000e-01
1.342773437500000000e-01
1.367187500000000000e-01
1.391601562500000000e-01
1.245117187500000000e-01
1.391601562500000000e-01
1.269531250000000000e-01
1.269531250000000000e-01
1.318359375000000000e-01
1.342773437500000000e-01
1.293945312500000000e-01
1.269531250000000000e-01
1.269531250000000000e-01
1.342773437500000000e-01
1.293945312500000000e-01
1.245117187500000000e-01
1.342773437500000000e-01
1.269531250000000000e-01
1.367187500000000000e-01
1.293945312500000000e-01
1.342773437500000000e-01
1.318359375000000000e-01
1.269531250000000000e-01
1.293945312500000000e-01
1.342773437500000000e